Fold 0
Command line
python chemprop/train.py --data_path filtered_chembl/chembl_less_128_instances.csv --dataset_type classification --features_path fingerprint_features/rdkit_features/rdkit_features.npz --num_folds 10 --epochs 50
Args
{'activation': 'ReLU',
 'atom_messages': False,
 'batch_size': 50,
 'bias': False,
 'cache_cutoff': 10000,
 'checkpoint_dir': None,
 'checkpoint_path': None,
 'checkpoint_paths': None,
 'class_balance': False,
 'config_path': None,
 'crossval_index_dir': None,
 'crossval_index_file': None,
 'crossval_index_sets': None,
 'data_path': 'filtered_chembl/chembl_less_128_instances.csv',
 'dataset_type': 'classification',
 'depth': 3,
 'dropout': 0.0,
 'ensemble_size': 1,
 'epochs': 50,
 'features_generator': None,
 'features_only': False,
 'features_path': ['fingerprint_features/rdkit_features/rdkit_features.npz'],
 'features_size': None,
 'ffn_hidden_size': 300,
 'ffn_num_layers': 2,
 'final_lr': 0.0001,
 'folds_file': None,
 'gpu': None,
 'hidden_size': 300,
 'init_lr': 0.0001,
 'log_frequency': 10,
 'max_data_size': None,
 'max_lr': 0.001,
 'metric': 'auc',
 'minimize_score': False,
 'multiclass_num_classes': 3,
 'no_cuda': False,
 'no_features_scaling': False,
 'num_folds': 10,
 'num_lrs': 1,
 'num_tasks': None,
 'num_workers': 8,
 'pytorch_seed': 0,
 'quiet': False,
 'save_dir': '/tmp/2239259.1.gpu.q/tmpa2bmtz27/fold_0',
 'save_smiles_splits': False,
 'seed': 0,
 'separate_test_features_path': None,
 'separate_test_path': None,
 'separate_val_features_path': None,
 'separate_val_path': None,
 'show_individual_scores': False,
 'smiles_column': None,
 'split_sizes': (0.8, 0.1, 0.1),
 'split_type': 'random',
 'target_columns': None,
 'task_names': None,
 'test': False,
 'test_fold_index': None,
 'train_data_size': None,
 'undirected': False,
 'use_input_features': True,
 'val_fold_index': None,
 'warmup_epochs': 2.0}
Loading data
0it [00:00, ?it/s]326it [00:00, 3090.49it/s]585it [00:00, 2895.83it/s]1172it [00:00, 3414.24it/s]1716it [00:00, 3835.98it/s]2321it [00:00, 4297.30it/s]2870it [00:00, 4595.46it/s]3532it [00:00, 5058.58it/s]4224it [00:00, 5501.74it/s]4798it [00:00, 5355.05it/s]5504it [00:01, 5772.55it/s]6224it [00:01, 6136.55it/s]6919it [00:01, 6358.71it/s]7615it [00:01, 6527.88it/s]8281it [00:01, 6548.36it/s]8945it [00:01, 6113.91it/s]9607it [00:01, 6255.42it/s]9964it [00:01, 5855.32it/s]
  0%|          | 0/9964 [00:00<?, ?it/s]100%|â–ˆâ–ˆâ–ˆâ–ˆâ–ˆâ–ˆâ–ˆâ–ˆâ–ˆâ–ˆ| 9964/9964 [00:00<00:00, 110827.19it/s]
  0%|          | 0/9964 [00:00<?, ?it/s]  4%|â–         | 418/9964 [00:00<00:02, 4174.67it/s]  7%|â–‹         | 700/9964 [00:00<00:02, 3543.38it/s]  9%|â–‰         | 942/9964 [00:00<00:02, 3083.66it/s] 11%|â–ˆâ–        | 1130/9964 [00:00<00:03, 2526.44it/s] 13%|â–ˆâ–Ž        | 1315/9964 [00:00<00:03, 2271.07it/s] 15%|â–ˆâ–Œ        | 1522/9964 [00:00<00:03, 2186.54it/s] 17%|â–ˆâ–‹        | 1735/9964 [00:00<00:03, 2157.24it/s] 19%|â–ˆâ–‰        | 1931/9964 [00:00<00:03, 2058.29it/s] 21%|â–ˆâ–ˆâ–       | 2124/9964 [00:00<00:03, 2001.44it/s] 23%|â–ˆâ–ˆâ–Ž       | 2321/9964 [00:01<00:03, 1973.91it/s] 26%|â–ˆâ–ˆâ–Œ       | 2573/9964 [00:01<00:03, 2108.97it/s] 28%|â–ˆâ–ˆâ–Š       | 2783/9964 [00:01<00:03, 2075.19it/s] 30%|â–ˆâ–ˆâ–ˆ       | 3015/9964 [00:01<00:03, 2142.44it/s] 33%|â–ˆâ–ˆâ–ˆâ–Ž      | 3258/9964 [00:01<00:03, 2219.52it/s] 35%|â–ˆâ–ˆâ–ˆâ–      | 3481/9964 [00:01<00:02, 2192.30it/s] 38%|â–ˆâ–ˆâ–ˆâ–Š      | 3775/9964 [00:01<00:02, 2372.15it/s] 42%|â–ˆâ–ˆâ–ˆâ–ˆâ–     | 4143/9964 [00:01<00:02, 2655.12it/s] 45%|â–ˆâ–ˆâ–ˆâ–ˆâ–Œ     | 4521/9964 [00:01<00:01, 2915.05it/s] 49%|â–ˆâ–ˆâ–ˆâ–ˆâ–‰     | 4916/9964 [00:01<00:01, 3162.22it/s] 53%|â–ˆâ–ˆâ–ˆâ–ˆâ–ˆâ–Ž    | 5306/9964 [00:02<00:01, 3352.29it/s] 57%|â–ˆâ–ˆâ–ˆâ–ˆâ–ˆâ–‹    | 5699/9964 [00:02<00:01, 3506.66it/s] 61%|â–ˆâ–ˆâ–ˆâ–ˆâ–ˆâ–ˆ    | 6073/9964 [00:02<00:01, 3573.29it/s] 65%|â–ˆâ–ˆâ–ˆâ–ˆâ–ˆâ–ˆâ–   | 6458/9964 [00:02<00:00, 3651.45it/s] 69%|â–ˆâ–ˆâ–ˆâ–ˆâ–ˆâ–ˆâ–‰   | 6851/9964 [00:02<00:00, 3728.57it/s] 73%|â–ˆâ–ˆâ–ˆâ–ˆâ–ˆâ–ˆâ–ˆâ–Ž  | 7230/9964 [00:02<00:00, 3718.13it/s] 76%|â–ˆâ–ˆâ–ˆâ–ˆâ–ˆâ–ˆâ–ˆâ–‹  | 7606/9964 [00:02<00:00, 3655.74it/s] 80%|â–ˆâ–ˆâ–ˆâ–ˆâ–ˆâ–ˆâ–ˆâ–ˆ  | 7994/9964 [00:02<00:00, 3719.56it/s] 84%|â–ˆâ–ˆâ–ˆâ–ˆâ–ˆâ–ˆâ–ˆâ–ˆâ– | 8374/9964 [00:02<00:00, 3740.42it/s] 88%|â–ˆâ–ˆâ–ˆâ–ˆâ–ˆâ–ˆâ–ˆâ–ˆâ–Š | 8750/9964 [00:02<00:00, 3719.51it/s] 92%|â–ˆâ–ˆâ–ˆâ–ˆâ–ˆâ–ˆâ–ˆâ–ˆâ–ˆâ–| 9124/9964 [00:03<00:00, 3493.04it/s] 95%|â–ˆâ–ˆâ–ˆâ–ˆâ–ˆâ–ˆâ–ˆâ–ˆâ–ˆâ–Œ| 9477/9964 [00:03<00:00, 3294.85it/s]100%|â–ˆâ–ˆâ–ˆâ–ˆâ–ˆâ–ˆâ–ˆâ–ˆâ–ˆâ–‰| 9937/9964 [00:03<00:00, 3601.13it/s]100%|â–ˆâ–ˆâ–ˆâ–ˆâ–ˆâ–ˆâ–ˆâ–ˆâ–ˆâ–ˆ| 9964/9964 [00:03<00:00, 3013.18it/s]
Number of tasks = 397
Splitting data with seed 0
Class sizes
CHEMBL1002712 0: 27.00%, 1: 73.00%
CHEMBL1022010 0: 6.90%, 1: 93.10%
CHEMBL1024480 0: 89.58%, 1: 10.42%
CHEMBL1026933 0: 40.85%, 1: 59.15%
CHEMBL1026934 0: 5.61%, 1: 94.39%
CHEMBL1031359 0: 4.00%, 1: 96.00%
CHEMBL1034533 0: 17.31%, 1: 82.69%
CHEMBL1034535 0: 46.15%, 1: 53.85%
CHEMBL1167052 0: 17.78%, 1: 82.22%
CHEMBL1169087 0: 77.78%, 1: 22.22%
CHEMBL1243969 0: 20.17%, 1: 79.83%
CHEMBL1243971 0: 48.89%, 1: 51.11%
CHEMBL1243975 0: 51.38%, 1: 48.62%
CHEMBL1243977 0: 31.19%, 1: 68.81%
CHEMBL1243978 0: 27.12%, 1: 72.88%
CHEMBL1613775 0: 40.78%, 1: 59.22%
CHEMBL1613806 0: 49.11%, 1: 50.89%
CHEMBL1613812 0: 7.35%, 1: 92.65%
CHEMBL1613821 0: 13.79%, 1: 86.21%
CHEMBL1613859 0: 72.94%, 1: 27.06%
CHEMBL1613893 0: 74.40%, 1: 25.60%
CHEMBL1613903 0: 56.44%, 1: 43.56%
CHEMBL1613956 0: 37.82%, 1: 62.18%
CHEMBL1613980 0: 84.92%, 1: 15.08%
CHEMBL1613998 0: 15.74%, 1: 84.26%
CHEMBL1614007 0: 13.33%, 1: 86.67%
CHEMBL1614008 0: 38.40%, 1: 61.60%
CHEMBL1614044 0: 23.88%, 1: 76.12%
CHEMBL1614056 0: 81.19%, 1: 18.81%
CHEMBL1614070 0: 18.75%, 1: 81.25%
CHEMBL1614083 0: 94.44%, 1: 5.56%
CHEMBL1614086 0: 5.94%, 1: 94.06%
CHEMBL1614117 0: 16.35%, 1: 83.65%
CHEMBL1614147 0: 7.78%, 1: 92.22%
CHEMBL1614154 0: 9.52%, 1: 90.48%
CHEMBL1614177 0: 94.85%, 1: 5.15%
CHEMBL1614210 0: 60.16%, 1: 39.84%
CHEMBL1614220 0: 32.80%, 1: 67.20%
CHEMBL1614225 0: 62.50%, 1: 37.50%
CHEMBL1614226 0: 81.15%, 1: 18.85%
CHEMBL1614231 0: 46.96%, 1: 53.04%
CHEMBL1614265 0: 26.51%, 1: 73.49%
CHEMBL1614267 0: 29.46%, 1: 70.54%
CHEMBL1614273 0: 51.97%, 1: 48.03%
CHEMBL1614283 0: 52.89%, 1: 47.11%
CHEMBL1614308 0: 50.82%, 1: 49.18%
CHEMBL1614310 0: 51.81%, 1: 48.19%
CHEMBL1614321 0: 60.16%, 1: 39.84%
CHEMBL1614338 0: 15.00%, 1: 85.00%
CHEMBL1614345 0: 39.50%, 1: 60.50%
CHEMBL1614355 0: 4.11%, 1: 95.89%
CHEMBL1614362 0: 19.17%, 1: 80.83%
CHEMBL1614373 0: 30.84%, 1: 69.16%
CHEMBL1614376 0: 4.07%, 1: 95.93%
CHEMBL1614380 0: 78.10%, 1: 21.90%
CHEMBL1614405 0: 50.94%, 1: 49.06%
CHEMBL1614408 0: 33.33%, 1: 66.67%
CHEMBL1614417 0: 27.19%, 1: 72.81%
CHEMBL1614450 0: 10.32%, 1: 89.68%
CHEMBL1614462 0: 65.35%, 1: 34.65%
CHEMBL1614463 0: 49.61%, 1: 50.39%
CHEMBL1614465 0: 20.00%, 1: 80.00%
CHEMBL1614478 0: 12.50%, 1: 87.50%
CHEMBL1614479 0: 8.49%, 1: 91.51%
CHEMBL1614482 0: 59.82%, 1: 40.18%
CHEMBL1614486 0: 40.48%, 1: 59.52%
CHEMBL1614518 0: 45.69%, 1: 54.31%
CHEMBL1614525 0: 52.00%, 1: 48.00%
CHEMBL1614539 0: 14.12%, 1: 85.88%
CHEMBL1670561 0: 15.13%, 1: 84.87%
CHEMBL1737862 0: 25.69%, 1: 74.31%
CHEMBL1738092 0: 13.76%, 1: 86.24%
CHEMBL1738192 0: 83.17%, 1: 16.83%
CHEMBL1738246 0: 14.52%, 1: 85.48%
CHEMBL1738313 0: 57.69%, 1: 42.31%
CHEMBL1738423 0: 76.15%, 1: 23.85%
CHEMBL1738514 0: 26.73%, 1: 73.27%
CHEMBL1738619 0: 83.17%, 1: 16.83%
CHEMBL1738684 0: 13.21%, 1: 86.79%
CHEMBL1794367 0: 42.52%, 1: 57.48%
CHEMBL1794400 0: 35.59%, 1: 64.41%
CHEMBL1794420 0: 54.46%, 1: 45.54%
CHEMBL1794455 0: 52.48%, 1: 47.52%
CHEMBL1794498 0: 53.47%, 1: 46.53%
CHEMBL1804798 0: 71.83%, 1: 28.17%
CHEMBL1820680 0: 46.81%, 1: 53.19%
CHEMBL1827362 0: 25.62%, 1: 74.38%
CHEMBL1963849 0: 21.77%, 1: 78.23%
CHEMBL1963857 0: 39.45%, 1: 60.55%
CHEMBL1963899 0: 24.19%, 1: 75.81%
CHEMBL1964046 0: 36.29%, 1: 63.71%
CHEMBL1964055 0: 10.00%, 1: 90.00%
CHEMBL2045986 0: 7.37%, 1: 92.63%
CHEMBL2091156 0: 19.10%, 1: 80.90%
CHEMBL2114717 0: 69.29%, 1: 30.71%
CHEMBL2114718 0: 16.81%, 1: 83.19%
CHEMBL2114803 0: 22.86%, 1: 77.14%
CHEMBL2114826 0: 50.79%, 1: 49.21%
CHEMBL2114883 0: 44.95%, 1: 55.05%
CHEMBL2114914 0: 20.72%, 1: 79.28%
CHEMBL2114927 0: 84.11%, 1: 15.89%
CHEMBL2155446 0: 5.83%, 1: 94.17%
CHEMBL2303649 0: 68.09%, 1: 31.91%
CHEMBL2354260 0: 54.63%, 1: 45.37%
CHEMBL2354307 0: 9.17%, 1: 90.83%
CHEMBL2363140 0: 68.70%, 1: 31.30%
CHEMBL2363141 0: 76.19%, 1: 23.81%
CHEMBL2363142 0: 60.20%, 1: 39.80%
CHEMBL2363146 0: 67.68%, 1: 32.32%
CHEMBL2363148 0: 67.68%, 1: 32.32%
CHEMBL2363152 0: 41.86%, 1: 58.14%
CHEMBL2363153 0: 34.07%, 1: 65.93%
CHEMBL2363154 0: 89.66%, 1: 10.34%
CHEMBL2363160 0: 68.69%, 1: 31.31%
CHEMBL2363165 0: 64.38%, 1: 35.62%
CHEMBL2363166 0: 62.50%, 1: 37.50%
CHEMBL2363167 0: 68.32%, 1: 31.68%
CHEMBL2363168 0: 59.76%, 1: 40.24%
CHEMBL2363169 0: 65.48%, 1: 34.52%
CHEMBL2363171 0: 74.75%, 1: 25.25%
CHEMBL2363174 0: 55.79%, 1: 44.21%
CHEMBL2363176 0: 36.67%, 1: 63.33%
CHEMBL2363178 0: 70.41%, 1: 29.59%
CHEMBL2363180 0: 72.57%, 1: 27.43%
CHEMBL2363184 0: 79.79%, 1: 20.21%
CHEMBL2363185 0: 49.02%, 1: 50.98%
CHEMBL2363187 0: 62.00%, 1: 38.00%
CHEMBL2363189 0: 42.57%, 1: 57.43%
CHEMBL2363197 0: 76.29%, 1: 23.71%
CHEMBL2363207 0: 67.31%, 1: 32.69%
CHEMBL2363208 0: 38.24%, 1: 61.76%
CHEMBL2363210 0: 50.00%, 1: 50.00%
CHEMBL2363211 0: 60.64%, 1: 39.36%
CHEMBL2363212 0: 48.57%, 1: 51.43%
CHEMBL2363213 0: 67.71%, 1: 32.29%
CHEMBL2363214 0: 50.52%, 1: 49.48%
CHEMBL2363215 0: 56.00%, 1: 44.00%
CHEMBL2363216 0: 46.53%, 1: 53.47%
CHEMBL2363218 0: 48.04%, 1: 51.96%
CHEMBL2363220 0: 54.21%, 1: 45.79%
CHEMBL2363221 0: 71.96%, 1: 28.04%
CHEMBL2363223 0: 57.30%, 1: 42.70%
CHEMBL2363224 0: 43.00%, 1: 57.00%
CHEMBL2363225 0: 62.89%, 1: 37.11%
CHEMBL2363227 0: 67.42%, 1: 32.58%
CHEMBL2363228 0: 51.22%, 1: 48.78%
CHEMBL2363230 0: 28.12%, 1: 71.88%
CHEMBL2363236 0: 69.44%, 1: 30.56%
CHEMBL2363238 0: 51.92%, 1: 48.08%
CHEMBL2363239 0: 53.61%, 1: 46.39%
CHEMBL2363242 0: 49.48%, 1: 50.52%
CHEMBL2363243 0: 50.00%, 1: 50.00%
CHEMBL2363245 0: 60.82%, 1: 39.18%
CHEMBL2363247 0: 58.06%, 1: 41.94%
CHEMBL2363248 0: 55.56%, 1: 44.44%
CHEMBL2363252 0: 46.24%, 1: 53.76%
CHEMBL2363253 0: 46.67%, 1: 53.33%
CHEMBL2363255 0: 73.20%, 1: 26.80%
CHEMBL2363263 0: 58.90%, 1: 41.10%
CHEMBL2363264 0: 58.76%, 1: 41.24%
CHEMBL2363265 0: 57.47%, 1: 42.53%
CHEMBL2363268 0: 57.14%, 1: 42.86%
CHEMBL2363269 0: 58.10%, 1: 41.90%
CHEMBL2363272 0: 56.73%, 1: 43.27%
CHEMBL2363273 0: 68.32%, 1: 31.68%
CHEMBL2363275 0: 56.19%, 1: 43.81%
CHEMBL2363277 0: 51.06%, 1: 48.94%
CHEMBL2363278 0: 44.44%, 1: 55.56%
CHEMBL2363283 0: 43.53%, 1: 56.47%
CHEMBL2363290 0: 65.05%, 1: 34.95%
CHEMBL2363294 0: 46.08%, 1: 53.92%
CHEMBL2363299 0: 46.51%, 1: 53.49%
CHEMBL2363307 0: 55.17%, 1: 44.83%
CHEMBL2363313 0: 54.26%, 1: 45.74%
CHEMBL2363314 0: 65.69%, 1: 34.31%
CHEMBL2363315 0: 63.89%, 1: 36.11%
CHEMBL2363317 0: 54.55%, 1: 45.45%
CHEMBL2363319 0: 70.18%, 1: 29.82%
CHEMBL2363321 0: 77.89%, 1: 22.11%
CHEMBL2363322 0: 68.27%, 1: 31.73%
CHEMBL2363324 0: 67.35%, 1: 32.65%
CHEMBL2363326 0: 50.94%, 1: 49.06%
CHEMBL2363327 0: 57.29%, 1: 42.71%
CHEMBL2363328 0: 71.43%, 1: 28.57%
CHEMBL2363330 0: 40.91%, 1: 59.09%
CHEMBL2363332 0: 51.43%, 1: 48.57%
CHEMBL2363333 0: 51.04%, 1: 48.96%
CHEMBL2363334 0: 48.21%, 1: 51.79%
CHEMBL2363335 0: 63.00%, 1: 37.00%
CHEMBL2363336 0: 63.04%, 1: 36.96%
CHEMBL2363337 0: 66.99%, 1: 33.01%
CHEMBL2363338 0: 48.11%, 1: 51.89%
CHEMBL2363339 0: 55.26%, 1: 44.74%
CHEMBL2363341 0: 70.75%, 1: 29.25%
CHEMBL2363343 0: 68.63%, 1: 31.37%
CHEMBL2363348 0: 66.32%, 1: 33.68%
CHEMBL2363349 0: 40.59%, 1: 59.41%
CHEMBL2363351 0: 38.64%, 1: 61.36%
CHEMBL2363352 0: 59.80%, 1: 40.20%
CHEMBL2363353 0: 59.41%, 1: 40.59%
CHEMBL2363363 0: 49.00%, 1: 51.00%
CHEMBL2363364 0: 71.70%, 1: 28.30%
CHEMBL2363366 0: 34.00%, 1: 66.00%
CHEMBL2363367 0: 69.52%, 1: 30.48%
CHEMBL2363368 0: 38.95%, 1: 61.05%
CHEMBL2363369 0: 46.94%, 1: 53.06%
CHEMBL2363370 0: 61.68%, 1: 38.32%
CHEMBL2363371 0: 66.29%, 1: 33.71%
CHEMBL2363373 0: 62.75%, 1: 37.25%
CHEMBL2363374 0: 57.55%, 1: 42.45%
CHEMBL2363375 0: 50.00%, 1: 50.00%
CHEMBL2363377 0: 45.00%, 1: 55.00%
CHEMBL2363383 0: 71.84%, 1: 28.16%
CHEMBL2363385 0: 52.43%, 1: 47.57%
CHEMBL2363387 0: 70.54%, 1: 29.46%
CHEMBL2363388 0: 62.89%, 1: 37.11%
CHEMBL2363389 0: 55.14%, 1: 44.86%
CHEMBL2363390 0: 65.74%, 1: 34.26%
CHEMBL2363391 0: 58.00%, 1: 42.00%
CHEMBL2363393 0: 63.74%, 1: 36.26%
CHEMBL2363395 0: 70.65%, 1: 29.35%
CHEMBL2363397 0: 42.86%, 1: 57.14%
CHEMBL2363403 0: 55.00%, 1: 45.00%
CHEMBL2363414 0: 42.11%, 1: 57.89%
CHEMBL2363420 0: 53.26%, 1: 46.74%
CHEMBL2363421 0: 83.78%, 1: 16.22%
CHEMBL2363425 0: 58.59%, 1: 41.41%
CHEMBL2363426 0: 50.57%, 1: 49.43%
CHEMBL2363432 0: 40.00%, 1: 60.00%
CHEMBL2363433 0: 54.37%, 1: 45.63%
CHEMBL2363434 0: 65.96%, 1: 34.04%
CHEMBL2363435 0: 60.82%, 1: 39.18%
CHEMBL2363437 0: 44.57%, 1: 55.43%
CHEMBL2363438 0: 47.25%, 1: 52.75%
CHEMBL2363440 0: 60.00%, 1: 40.00%
CHEMBL2363442 0: 62.92%, 1: 37.08%
CHEMBL2363443 0: 72.32%, 1: 27.68%
CHEMBL2363444 0: 24.00%, 1: 76.00%
CHEMBL2363445 0: 53.68%, 1: 46.32%
CHEMBL2363446 0: 54.64%, 1: 45.36%
CHEMBL2363447 0: 62.73%, 1: 37.27%
CHEMBL2363449 0: 84.47%, 1: 15.53%
CHEMBL2363452 0: 61.00%, 1: 39.00%
CHEMBL2363453 0: 67.44%, 1: 32.56%
CHEMBL2363454 0: 58.00%, 1: 42.00%
CHEMBL2363457 0: 58.25%, 1: 41.75%
CHEMBL2363458 0: 65.74%, 1: 34.26%
CHEMBL2363459 0: 48.15%, 1: 51.85%
CHEMBL2363464 0: 67.68%, 1: 32.32%
CHEMBL2363465 0: 69.61%, 1: 30.39%
CHEMBL2363467 0: 59.52%, 1: 40.48%
CHEMBL2363468 0: 66.67%, 1: 33.33%
CHEMBL2363469 0: 52.53%, 1: 47.47%
CHEMBL2363470 0: 77.48%, 1: 22.52%
CHEMBL2363477 0: 62.38%, 1: 37.62%
CHEMBL2363480 0: 52.08%, 1: 47.92%
CHEMBL2363481 0: 70.71%, 1: 29.29%
CHEMBL2363489 0: 61.54%, 1: 38.46%
CHEMBL2363492 0: 85.32%, 1: 14.68%
CHEMBL2363504 0: 59.80%, 1: 40.20%
CHEMBL2363507 0: 65.05%, 1: 34.95%
CHEMBL2363514 0: 75.00%, 1: 25.00%
CHEMBL2363516 0: 69.16%, 1: 30.84%
CHEMBL2363529 0: 71.70%, 1: 28.30%
CHEMBL2363531 0: 63.10%, 1: 36.90%
CHEMBL2363535 0: 55.10%, 1: 44.90%
CHEMBL2363541 0: 65.96%, 1: 34.04%
CHEMBL2363544 0: 60.82%, 1: 39.18%
CHEMBL2363546 0: 53.85%, 1: 46.15%
CHEMBL2363549 0: 73.40%, 1: 26.60%
CHEMBL2363552 0: 68.35%, 1: 31.65%
CHEMBL2363553 0: 47.42%, 1: 52.58%
CHEMBL2363555 0: 65.71%, 1: 34.29%
CHEMBL2363556 0: 52.53%, 1: 47.47%
CHEMBL2363557 0: 60.75%, 1: 39.25%
CHEMBL2363558 0: 34.95%, 1: 65.05%
CHEMBL2363559 0: 56.25%, 1: 43.75%
CHEMBL2363560 0: 56.57%, 1: 43.43%
CHEMBL2363561 0: 33.71%, 1: 66.29%
CHEMBL2363562 0: 48.04%, 1: 51.96%
CHEMBL2363568 0: 56.67%, 1: 43.33%
CHEMBL2363569 0: 52.43%, 1: 47.57%
CHEMBL2363572 0: 66.67%, 1: 33.33%
CHEMBL2363573 0: 52.34%, 1: 47.66%
CHEMBL2363575 0: 47.52%, 1: 52.48%
CHEMBL2363577 0: 54.55%, 1: 45.45%
CHEMBL2363581 0: 62.11%, 1: 37.89%
CHEMBL2363592 0: 51.72%, 1: 48.28%
CHEMBL2363593 0: 34.44%, 1: 65.56%
CHEMBL2363594 0: 73.63%, 1: 26.37%
CHEMBL2363599 0: 66.09%, 1: 33.91%
CHEMBL2363601 0: 48.62%, 1: 51.38%
CHEMBL2363609 0: 53.76%, 1: 46.24%
CHEMBL2363611 0: 71.96%, 1: 28.04%
CHEMBL2363612 0: 35.23%, 1: 64.77%
CHEMBL2363616 0: 55.14%, 1: 44.86%
CHEMBL2363618 0: 47.83%, 1: 52.17%
CHEMBL2363621 0: 58.95%, 1: 41.05%
CHEMBL2363623 0: 65.05%, 1: 34.95%
CHEMBL2363628 0: 81.25%, 1: 18.75%
CHEMBL2363630 0: 50.00%, 1: 50.00%
CHEMBL2363631 0: 54.26%, 1: 45.74%
CHEMBL2363633 0: 57.58%, 1: 42.42%
CHEMBL2363634 0: 49.07%, 1: 50.93%
CHEMBL2363635 0: 78.50%, 1: 21.50%
CHEMBL2363639 0: 53.77%, 1: 46.23%
CHEMBL2363642 0: 56.18%, 1: 43.82%
CHEMBL2363644 0: 75.76%, 1: 24.24%
CHEMBL2363645 0: 63.21%, 1: 36.79%
CHEMBL2363655 0: 55.66%, 1: 44.34%
CHEMBL2363656 0: 74.04%, 1: 25.96%
CHEMBL2363657 0: 39.78%, 1: 60.22%
CHEMBL2363659 0: 53.76%, 1: 46.24%
CHEMBL2363660 0: 53.40%, 1: 46.60%
CHEMBL2363664 0: 60.58%, 1: 39.42%
CHEMBL2363671 0: 60.22%, 1: 39.78%
CHEMBL2363688 0: 79.82%, 1: 20.18%
CHEMBL2363692 0: 53.64%, 1: 46.36%
CHEMBL2363695 0: 46.73%, 1: 53.27%
CHEMBL2363696 0: 55.67%, 1: 44.33%
CHEMBL2363697 0: 37.93%, 1: 62.07%
CHEMBL2363707 0: 54.26%, 1: 45.74%
CHEMBL2363713 0: 30.85%, 1: 69.15%
CHEMBL2363716 0: 51.55%, 1: 48.45%
CHEMBL2363719 0: 41.00%, 1: 59.00%
CHEMBL2363723 0: 64.10%, 1: 35.90%
CHEMBL2363725 0: 46.15%, 1: 53.85%
CHEMBL2363727 0: 52.63%, 1: 47.37%
CHEMBL2363728 0: 45.71%, 1: 54.29%
CHEMBL2363731 0: 67.96%, 1: 32.04%
CHEMBL2363734 0: 52.87%, 1: 47.13%
CHEMBL2363737 0: 42.86%, 1: 57.14%
CHEMBL2363739 0: 37.08%, 1: 62.92%
CHEMBL2363740 0: 70.19%, 1: 29.81%
CHEMBL2363743 0: 55.77%, 1: 44.23%
CHEMBL2363747 0: 41.67%, 1: 58.33%
CHEMBL2363748 0: 67.01%, 1: 32.99%
CHEMBL2363749 0: 48.45%, 1: 51.55%
CHEMBL2363753 0: 47.47%, 1: 52.53%
CHEMBL2363764 0: 73.21%, 1: 26.79%
CHEMBL2363766 0: 32.67%, 1: 67.33%
CHEMBL2363767 0: 55.79%, 1: 44.21%
CHEMBL2363771 0: 60.19%, 1: 39.81%
CHEMBL2363774 0: 76.92%, 1: 23.08%
CHEMBL2363788 0: 53.61%, 1: 46.39%
CHEMBL2363789 0: 51.96%, 1: 48.04%
CHEMBL2363790 0: 42.11%, 1: 57.89%
CHEMBL2363793 0: 64.95%, 1: 35.05%
CHEMBL2363794 0: 66.02%, 1: 33.98%
CHEMBL2363795 0: 45.71%, 1: 54.29%
CHEMBL2363796 0: 57.89%, 1: 42.11%
CHEMBL2363798 0: 67.00%, 1: 33.00%
CHEMBL2363799 0: 57.89%, 1: 42.11%
CHEMBL2363800 0: 63.29%, 1: 36.71%
CHEMBL2363803 0: 50.49%, 1: 49.51%
CHEMBL2363809 0: 65.38%, 1: 34.62%
CHEMBL2363811 0: 73.53%, 1: 26.47%
CHEMBL2363814 0: 63.92%, 1: 36.08%
CHEMBL2363820 0: 47.12%, 1: 52.88%
CHEMBL2363830 0: 65.69%, 1: 34.31%
CHEMBL2363831 0: 70.10%, 1: 29.90%
CHEMBL2363834 0: 64.65%, 1: 35.35%
CHEMBL2363836 0: 58.00%, 1: 42.00%
CHEMBL2363839 0: 50.00%, 1: 50.00%
CHEMBL2363846 0: 65.98%, 1: 34.02%
CHEMBL2363847 0: 68.81%, 1: 31.19%
CHEMBL2363851 0: 57.47%, 1: 42.53%
CHEMBL3079731 0: 11.76%, 1: 88.24%
CHEMBL3111191 0: 87.27%, 1: 12.73%
CHEMBL3111192 0: 90.00%, 1: 10.00%
CHEMBL3111194 0: 87.27%, 1: 12.73%
CHEMBL3111195 0: 74.55%, 1: 25.45%
CHEMBL3111197 0: 87.27%, 1: 12.73%
CHEMBL3111198 0: 74.55%, 1: 25.45%
CHEMBL3214782 0: 16.53%, 1: 83.47%
CHEMBL3214806 0: 9.62%, 1: 90.38%
CHEMBL3214828 0: 52.68%, 1: 47.32%
CHEMBL3214965 0: 62.10%, 1: 37.90%
CHEMBL3214981 0: 10.62%, 1: 89.38%
CHEMBL3215132 0: 12.28%, 1: 87.72%
CHEMBL3215144 0: 18.35%, 1: 81.65%
CHEMBL3215266 0: 9.17%, 1: 90.83%
CHEMBL618396 0: 13.51%, 1: 86.49%
CHEMBL641707 0: 64.29%, 1: 35.71%
CHEMBL648337 0: 25.86%, 1: 74.14%
CHEMBL653167 0: 11.76%, 1: 88.24%
CHEMBL663474 0: 14.74%, 1: 85.26%
CHEMBL681296 0: 5.56%, 1: 94.44%
CHEMBL687330 0: 52.70%, 1: 47.30%
CHEMBL698689 0: 6.48%, 1: 93.52%
CHEMBL763093 0: 26.53%, 1: 73.47%
CHEMBL772766 0: 71.25%, 1: 28.75%
CHEMBL806152 0: 48.08%, 1: 51.92%
CHEMBL856174 0: 2.44%, 1: 97.56%
CHEMBL864855 0: 8.99%, 1: 91.01%
CHEMBL872182 0: 63.29%, 1: 36.71%
CHEMBL938648 0: 14.42%, 1: 85.58%
Total size = 9,964 | train size = 7,971 | val size = 996 | test size = 997
Building model 0
MoleculeModel(
  (sigmoid): Sigmoid()
  (encoder): MPN(
    (encoder): MPNEncoder(
      (dropout_layer): Dropout(p=0.0, inplace=False)
      (act_func): ReLU()
      (W_i): Linear(in_features=147, out_features=300, bias=False)
      (W_h): Linear(in_features=300, out_features=300, bias=False)
      (W_o): Linear(in_features=433, out_features=300, bias=True)
    )
  )
  (ffn): Sequential(
    (0): Dropout(p=0.0, inplace=False)
    (1): Linear(in_features=500, out_features=300, bias=True)
    (2): ReLU()
    (3): Dropout(p=0.0, inplace=False)
    (4): Linear(in_features=300, out_features=397, bias=True)
  )
)
Number of parameters = 534,097
Moving model to cuda
  0%|          | 0/50 [00:00<?, ?it/s]Epoch 0

  0%|          | 0/160 [00:00<?, ?it/s][A
  1%|          | 1/160 [00:03<08:57,  3.38s/it][A
  1%|â–         | 2/160 [00:03<06:23,  2.43s/it][A
  2%|â–         | 3/160 [00:03<04:33,  1.74s/it][A
  2%|â–Ž         | 4/160 [00:03<03:17,  1.27s/it][A
  3%|â–Ž         | 5/160 [00:04<02:26,  1.06it/s][A
  4%|â–         | 6/160 [00:04<01:48,  1.42it/s][A
  4%|â–         | 7/160 [00:04<01:35,  1.61it/s][A
  5%|â–Œ         | 8/160 [00:04<01:13,  2.07it/s][A
  6%|â–Œ         | 9/160 [00:04<00:58,  2.60it/s][ALoss = 1.4576e-02, PNorm = 39.5911, GNorm = 0.8685, lr_0 = 1.3113e-04

  6%|â–‹         | 10/160 [00:05<00:47,  3.16it/s][A
  7%|â–‹         | 11/160 [00:05<00:39,  3.75it/s][A
  8%|â–Š         | 12/160 [00:05<00:34,  4.35it/s][A
  8%|â–Š         | 13/160 [00:05<00:30,  4.87it/s][A
  9%|â–‰         | 14/160 [00:05<00:26,  5.43it/s][A
  9%|â–‰         | 15/160 [00:05<00:25,  5.65it/s][A
 10%|â–ˆ         | 16/160 [00:06<00:24,  5.91it/s][A
 11%|â–ˆ         | 17/160 [00:06<00:23,  6.18it/s][A
 11%|â–ˆâ–        | 18/160 [00:06<00:33,  4.27it/s][ALoss = 1.3736e-02, PNorm = 39.5913, GNorm = 0.8531, lr_0 = 1.5943e-04

 12%|â–ˆâ–Ž        | 20/160 [00:06<00:26,  5.36it/s][A
 14%|â–ˆâ–        | 22/160 [00:06<00:20,  6.58it/s][A
 15%|â–ˆâ–Œ        | 24/160 [00:07<00:17,  7.69it/s][A
 16%|â–ˆâ–‹        | 26/160 [00:07<00:15,  8.67it/s][A
 18%|â–ˆâ–Š        | 28/160 [00:07<00:13,  9.46it/s][ALoss = 1.3893e-02, PNorm = 39.5933, GNorm = 0.8905, lr_0 = 1.8774e-04

 19%|â–ˆâ–‰        | 30/160 [00:07<00:19,  6.60it/s][A
 19%|â–ˆâ–‰        | 31/160 [00:07<00:18,  6.82it/s][A
 21%|â–ˆâ–ˆ        | 33/160 [00:08<00:17,  7.37it/s][A
 22%|â–ˆâ–ˆâ–       | 35/160 [00:08<00:16,  7.48it/s][A
 22%|â–ˆâ–ˆâ–Ž       | 36/160 [00:08<00:17,  7.29it/s][A
 23%|â–ˆâ–ˆâ–Ž       | 37/160 [00:08<00:15,  7.71it/s][A
 24%|â–ˆâ–ˆâ–       | 38/160 [00:08<00:15,  8.04it/s][A
 24%|â–ˆâ–ˆâ–       | 39/160 [00:08<00:15,  7.95it/s][ALoss = 1.3389e-02, PNorm = 39.5981, GNorm = 0.9579, lr_0 = 2.1604e-04

 26%|â–ˆâ–ˆâ–Œ       | 41/160 [00:09<00:13,  8.51it/s][A
 27%|â–ˆâ–ˆâ–‹       | 43/160 [00:09<00:20,  5.58it/s][A
 28%|â–ˆâ–ˆâ–Š       | 44/160 [00:09<00:18,  6.41it/s][A
 29%|â–ˆâ–ˆâ–‰       | 46/160 [00:10<00:15,  7.33it/s][A
 29%|â–ˆâ–ˆâ–‰       | 47/160 [00:10<00:14,  7.79it/s][A
 31%|â–ˆâ–ˆâ–ˆ       | 49/160 [00:10<00:12,  8.54it/s][ALoss = 1.3742e-02, PNorm = 39.6041, GNorm = 0.6636, lr_0 = 2.4434e-04

 32%|â–ˆâ–ˆâ–ˆâ–      | 51/160 [00:10<00:11,  9.21it/s][A
 33%|â–ˆâ–ˆâ–ˆâ–Ž      | 53/160 [00:10<00:10,  9.74it/s][A
 34%|â–ˆâ–ˆâ–ˆâ–      | 55/160 [00:10<00:10, 10.49it/s][A
 36%|â–ˆâ–ˆâ–ˆâ–Œ      | 57/160 [00:11<00:09, 11.05it/s][A
 37%|â–ˆâ–ˆâ–ˆâ–‹      | 59/160 [00:11<00:09, 10.38it/s][ALoss = 1.3759e-02, PNorm = 39.6047, GNorm = 0.8574, lr_0 = 2.7264e-04

 38%|â–ˆâ–ˆâ–ˆâ–Š      | 61/160 [00:12<00:17,  5.57it/s][A
 39%|â–ˆâ–ˆâ–ˆâ–‰      | 62/160 [00:12<00:15,  6.32it/s][A
 39%|â–ˆâ–ˆâ–ˆâ–‰      | 63/160 [00:12<00:14,  6.69it/s][A
 41%|â–ˆâ–ˆâ–ˆâ–ˆ      | 65/160 [00:12<00:13,  7.15it/s][A
 42%|â–ˆâ–ˆâ–ˆâ–ˆâ–     | 67/160 [00:12<00:11,  8.00it/s][A
 43%|â–ˆâ–ˆâ–ˆâ–ˆâ–Ž     | 69/160 [00:12<00:10,  9.02it/s][ALoss = 1.2470e-02, PNorm = 39.6097, GNorm = 0.8772, lr_0 = 3.0094e-04

 44%|â–ˆâ–ˆâ–ˆâ–ˆâ–     | 71/160 [00:12<00:09,  9.85it/s][A
 46%|â–ˆâ–ˆâ–ˆâ–ˆâ–Œ     | 73/160 [00:13<00:08, 10.01it/s][A
 47%|â–ˆâ–ˆâ–ˆâ–ˆâ–‹     | 75/160 [00:13<00:08,  9.45it/s][A
 48%|â–ˆâ–ˆâ–ˆâ–ˆâ–Š     | 77/160 [00:13<00:08,  9.30it/s][A
 49%|â–ˆâ–ˆâ–ˆâ–ˆâ–‰     | 79/160 [00:13<00:08,  9.63it/s][ALoss = 1.2757e-02, PNorm = 39.6161, GNorm = 0.8957, lr_0 = 3.2925e-04

 50%|â–ˆâ–ˆâ–ˆâ–ˆâ–ˆ     | 80/160 [00:13<00:08,  9.43it/s][A
 51%|â–ˆâ–ˆâ–ˆâ–ˆâ–ˆ     | 81/160 [00:14<00:20,  3.90it/s][A
 52%|â–ˆâ–ˆâ–ˆâ–ˆâ–ˆâ–    | 83/160 [00:14<00:15,  4.93it/s][A
 53%|â–ˆâ–ˆâ–ˆâ–ˆâ–ˆâ–Ž    | 85/160 [00:14<00:12,  6.07it/s][A
 54%|â–ˆâ–ˆâ–ˆâ–ˆâ–ˆâ–    | 87/160 [00:15<00:10,  7.24it/s][A
 56%|â–ˆâ–ˆâ–ˆâ–ˆâ–ˆâ–Œ    | 89/160 [00:15<00:08,  8.29it/s][ALoss = 1.1746e-02, PNorm = 39.6261, GNorm = 1.3017, lr_0 = 3.5755e-04

 57%|â–ˆâ–ˆâ–ˆâ–ˆâ–ˆâ–‹    | 91/160 [00:15<00:07,  9.35it/s][A
 58%|â–ˆâ–ˆâ–ˆâ–ˆâ–ˆâ–Š    | 93/160 [00:15<00:07,  8.89it/s][A
 59%|â–ˆâ–ˆâ–ˆâ–ˆâ–ˆâ–‰    | 95/160 [00:15<00:08,  7.65it/s][A
 60%|â–ˆâ–ˆâ–ˆâ–ˆâ–ˆâ–ˆ    | 96/160 [00:16<00:09,  6.81it/s][A
 61%|â–ˆâ–ˆâ–ˆâ–ˆâ–ˆâ–ˆâ–   | 98/160 [00:16<00:07,  7.83it/s][ALoss = 1.2863e-02, PNorm = 39.6270, GNorm = 1.0715, lr_0 = 3.8585e-04

 62%|â–ˆâ–ˆâ–ˆâ–ˆâ–ˆâ–ˆâ–Ž   | 100/160 [00:16<00:06,  8.63it/s][A
 64%|â–ˆâ–ˆâ–ˆâ–ˆâ–ˆâ–ˆâ–   | 102/160 [00:16<00:06,  9.21it/s][A
 65%|â–ˆâ–ˆâ–ˆâ–ˆâ–ˆâ–ˆâ–Œ   | 104/160 [00:16<00:05,  9.73it/s][A
 66%|â–ˆâ–ˆâ–ˆâ–ˆâ–ˆâ–ˆâ–‹   | 106/160 [00:17<00:11,  4.66it/s][A
 68%|â–ˆâ–ˆâ–ˆâ–ˆâ–ˆâ–ˆâ–Š   | 108/160 [00:17<00:09,  5.67it/s][ALoss = 1.2511e-02, PNorm = 39.6267, GNorm = 0.3146, lr_0 = 4.1415e-04

 69%|â–ˆâ–ˆâ–ˆâ–ˆâ–ˆâ–ˆâ–‰   | 110/160 [00:18<00:07,  6.33it/s][A
 70%|â–ˆâ–ˆâ–ˆâ–ˆâ–ˆâ–ˆâ–ˆ   | 112/160 [00:18<00:06,  7.45it/s][A
 71%|â–ˆâ–ˆâ–ˆâ–ˆâ–ˆâ–ˆâ–ˆâ–  | 114/160 [00:18<00:05,  8.49it/s][A
 72%|â–ˆâ–ˆâ–ˆâ–ˆâ–ˆâ–ˆâ–ˆâ–Ž  | 116/160 [00:18<00:04,  9.45it/s][A
 74%|â–ˆâ–ˆâ–ˆâ–ˆâ–ˆâ–ˆâ–ˆâ–  | 118/160 [00:18<00:04, 10.32it/s][ALoss = 1.2489e-02, PNorm = 39.6282, GNorm = 0.8321, lr_0 = 4.4245e-04

 75%|â–ˆâ–ˆâ–ˆâ–ˆâ–ˆâ–ˆâ–ˆâ–Œ  | 120/160 [00:18<00:03, 11.04it/s][A
 76%|â–ˆâ–ˆâ–ˆâ–ˆâ–ˆâ–ˆâ–ˆâ–‹  | 122/160 [00:19<00:03, 11.84it/s][A
 78%|â–ˆâ–ˆâ–ˆâ–ˆâ–ˆâ–ˆâ–ˆâ–Š  | 124/160 [00:19<00:02, 12.01it/s][A
 79%|â–ˆâ–ˆâ–ˆâ–ˆâ–ˆâ–ˆâ–ˆâ–‰  | 126/160 [00:19<00:02, 12.01it/s][A
 80%|â–ˆâ–ˆâ–ˆâ–ˆâ–ˆâ–ˆâ–ˆâ–ˆ  | 128/160 [00:19<00:02, 12.46it/s][ALoss = 1.1989e-02, PNorm = 39.6386, GNorm = 0.9192, lr_0 = 4.7075e-04

 81%|â–ˆâ–ˆâ–ˆâ–ˆâ–ˆâ–ˆâ–ˆâ–ˆâ– | 130/160 [00:19<00:02, 11.53it/s][A
 82%|â–ˆâ–ˆâ–ˆâ–ˆâ–ˆâ–ˆâ–ˆâ–ˆâ–Ž | 132/160 [00:19<00:02, 11.51it/s][A
 84%|â–ˆâ–ˆâ–ˆâ–ˆâ–ˆâ–ˆâ–ˆâ–ˆâ– | 134/160 [00:20<00:02, 11.12it/s][A
 85%|â–ˆâ–ˆâ–ˆâ–ˆâ–ˆâ–ˆâ–ˆâ–ˆâ–Œ | 136/160 [00:20<00:02, 10.75it/s][A
 86%|â–ˆâ–ˆâ–ˆâ–ˆâ–ˆâ–ˆâ–ˆâ–ˆâ–‹ | 138/160 [00:20<00:02, 10.82it/s][ALoss = 1.1535e-02, PNorm = 39.6437, GNorm = 0.8037, lr_0 = 4.9906e-04

 88%|â–ˆâ–ˆâ–ˆâ–ˆâ–ˆâ–ˆâ–ˆâ–ˆâ–Š | 140/160 [00:21<00:05,  3.61it/s][A
 89%|â–ˆâ–ˆâ–ˆâ–ˆâ–ˆâ–ˆâ–ˆâ–ˆâ–‰ | 142/160 [00:22<00:04,  4.41it/s][A
 89%|â–ˆâ–ˆâ–ˆâ–ˆâ–ˆâ–ˆâ–ˆâ–ˆâ–‰ | 143/160 [00:22<00:03,  4.90it/s][A
 90%|â–ˆâ–ˆâ–ˆâ–ˆâ–ˆâ–ˆâ–ˆâ–ˆâ–ˆ | 144/160 [00:22<00:03,  5.32it/s][A
 91%|â–ˆâ–ˆâ–ˆâ–ˆâ–ˆâ–ˆâ–ˆâ–ˆâ–ˆ | 145/160 [00:22<00:02,  5.85it/s][A
 91%|â–ˆâ–ˆâ–ˆâ–ˆâ–ˆâ–ˆâ–ˆâ–ˆâ–ˆâ–| 146/160 [00:22<00:02,  6.01it/s][A
 92%|â–ˆâ–ˆâ–ˆâ–ˆâ–ˆâ–ˆâ–ˆâ–ˆâ–ˆâ–| 147/160 [00:22<00:02,  6.28it/s][A
 92%|â–ˆâ–ˆâ–ˆâ–ˆâ–ˆâ–ˆâ–ˆâ–ˆâ–ˆâ–Ž| 148/160 [00:23<00:01,  6.53it/s][A
 93%|â–ˆâ–ˆâ–ˆâ–ˆâ–ˆâ–ˆâ–ˆâ–ˆâ–ˆâ–Ž| 149/160 [00:23<00:01,  6.67it/s][ALoss = 1.1272e-02, PNorm = 39.6558, GNorm = 1.0187, lr_0 = 5.2736e-04

 94%|â–ˆâ–ˆâ–ˆâ–ˆâ–ˆâ–ˆâ–ˆâ–ˆâ–ˆâ–| 150/160 [00:23<00:01,  6.69it/s][A
 94%|â–ˆâ–ˆâ–ˆâ–ˆâ–ˆâ–ˆâ–ˆâ–ˆâ–ˆâ–| 151/160 [00:23<00:01,  6.70it/s][A
 95%|â–ˆâ–ˆâ–ˆâ–ˆâ–ˆâ–ˆâ–ˆâ–ˆâ–ˆâ–Œ| 152/160 [00:23<00:01,  6.88it/s][A
 96%|â–ˆâ–ˆâ–ˆâ–ˆâ–ˆâ–ˆâ–ˆâ–ˆâ–ˆâ–Œ| 153/160 [00:23<00:01,  6.89it/s][A
 96%|â–ˆâ–ˆâ–ˆâ–ˆâ–ˆâ–ˆâ–ˆâ–ˆâ–ˆâ–‹| 154/160 [00:23<00:00,  6.85it/s][A
 97%|â–ˆâ–ˆâ–ˆâ–ˆâ–ˆâ–ˆâ–ˆâ–ˆâ–ˆâ–‹| 155/160 [00:24<00:00,  6.91it/s][A
 98%|â–ˆâ–ˆâ–ˆâ–ˆâ–ˆâ–ˆâ–ˆâ–ˆâ–ˆâ–Š| 156/160 [00:24<00:00,  7.00it/s][A
 98%|â–ˆâ–ˆâ–ˆâ–ˆâ–ˆâ–ˆâ–ˆâ–ˆâ–ˆâ–Š| 157/160 [00:24<00:00,  7.06it/s][A
 99%|â–ˆâ–ˆâ–ˆâ–ˆâ–ˆâ–ˆâ–ˆâ–ˆâ–ˆâ–‰| 158/160 [00:24<00:00,  7.10it/s][A
 99%|â–ˆâ–ˆâ–ˆâ–ˆâ–ˆâ–ˆâ–ˆâ–ˆâ–ˆâ–‰| 159/160 [00:24<00:00,  6.99it/s][A100%|â–ˆâ–ˆâ–ˆâ–ˆâ–ˆâ–ˆâ–ˆâ–ˆâ–ˆâ–ˆ| 160/160 [00:24<00:00,  6.49it/s]

  0%|          | 0/20 [00:00<?, ?it/s][A
  5%|â–Œ         | 1/20 [00:00<00:02,  7.93it/s][A
 10%|â–ˆ         | 2/20 [00:00<00:02,  7.72it/s][A
 15%|â–ˆâ–Œ        | 3/20 [00:00<00:02,  7.25it/s][A
 25%|â–ˆâ–ˆâ–Œ       | 5/20 [00:00<00:01,  7.94it/s][A
 35%|â–ˆâ–ˆâ–ˆâ–Œ      | 7/20 [00:00<00:01,  8.64it/s][A
 40%|â–ˆâ–ˆâ–ˆâ–ˆ      | 8/20 [00:00<00:01,  8.27it/s][A
 50%|â–ˆâ–ˆâ–ˆâ–ˆâ–ˆ     | 10/20 [00:01<00:01,  9.18it/s][A
 55%|â–ˆâ–ˆâ–ˆâ–ˆâ–ˆâ–Œ    | 11/20 [00:01<00:01,  8.40it/s][A
 65%|â–ˆâ–ˆâ–ˆâ–ˆâ–ˆâ–ˆâ–Œ   | 13/20 [00:01<00:00,  9.01it/s][A
 75%|â–ˆâ–ˆâ–ˆâ–ˆâ–ˆâ–ˆâ–ˆâ–Œ  | 15/20 [00:01<00:00, 10.14it/s][A
 85%|â–ˆâ–ˆâ–ˆâ–ˆâ–ˆâ–ˆâ–ˆâ–ˆâ–Œ | 17/20 [00:01<00:00, 11.08it/s][A
 95%|â–ˆâ–ˆâ–ˆâ–ˆâ–ˆâ–ˆâ–ˆâ–ˆâ–ˆâ–Œ| 19/20 [00:02<00:00,  4.05it/s][A100%|â–ˆâ–ˆâ–ˆâ–ˆâ–ˆâ–ˆâ–ˆâ–ˆâ–ˆâ–ˆ| 20/20 [00:03<00:00,  6.64it/s]
Warning: Found a task with targets all 0s or all 1s
Warning: Found a task with targets all 0s or all 1s
Warning: Found a task with targets all 0s or all 1s
Warning: Found a task with targets all 0s or all 1s
Warning: Found a task with targets all 0s or all 1s
Warning: Found a task with targets all 0s or all 1s
Warning: Found a task with targets all 0s or all 1s
Warning: Found a task with targets all 0s or all 1s
Warning: Found a task with targets all 0s or all 1s
Warning: Found a task with targets all 0s or all 1s
Warning: Found a task with targets all 0s or all 1s
Warning: Found a task with targets all 0s or all 1s
Warning: Found a task with targets all 0s or all 1s
Warning: Found a task with targets all 0s or all 1s
Warning: Found a task with targets all 0s or all 1s
Warning: Found a task with targets all 0s or all 1s
Warning: Found a task with targets all 0s or all 1s
Warning: Found a task with targets all 0s or all 1s
Warning: Found a task with targets all 0s or all 1s
Warning: Found a task with targets all 0s or all 1s
Warning: Found a task with targets all 0s or all 1s
Warning: Found a task with targets all 0s or all 1s
Warning: Found a task with targets all 0s or all 1s
Warning: Found a task with targets all 0s or all 1s
Warning: Found a task with targets all 0s or all 1s
Warning: Found a task with targets all 0s or all 1s
Warning: Found a task with targets all 0s or all 1s
Warning: Found a task with targets all 0s or all 1s
Warning: Found a task with targets all 0s or all 1s
Warning: Found a task with targets all 0s or all 1s
Warning: Found a task with targets all 0s or all 1s
Warning: Found a task with targets all 0s or all 1s
Warning: Found a task with targets all 0s or all 1s
Warning: Found a task with targets all 0s or all 1s
Warning: Found a task with targets all 0s or all 1s
Warning: Found a task with targets all 0s or all 1s
Validation auc = 0.508166
  2%|â–         | 1/50 [00:28<22:59, 28.15s/it]Epoch 1

  0%|          | 0/160 [00:00<?, ?it/s][ALoss = 1.2262e-02, PNorm = 39.6492, GNorm = 0.8102, lr_0 = 5.5849e-04

  2%|â–         | 3/160 [00:00<00:07, 21.08it/s][A
  4%|â–         | 6/160 [00:00<00:06, 22.82it/s][A
  6%|â–‹         | 10/160 [00:00<00:05, 25.73it/s][ALoss = 1.1736e-02, PNorm = 39.6618, GNorm = 0.4240, lr_0 = 5.8679e-04

  9%|â–‰         | 14/160 [00:00<00:05, 27.69it/s][A
 11%|â–ˆâ–        | 18/160 [00:00<00:04, 29.47it/s][ALoss = 1.1273e-02, PNorm = 39.6775, GNorm = 0.8643, lr_0 = 6.1509e-04

 14%|â–ˆâ–        | 22/160 [00:00<00:04, 31.93it/s][A
 16%|â–ˆâ–‹        | 26/160 [00:00<00:03, 33.70it/s][ALoss = 1.1040e-02, PNorm = 39.6975, GNorm = 0.6583, lr_0 = 6.4340e-04

 19%|â–ˆâ–‰        | 31/160 [00:00<00:03, 35.39it/s][A
 22%|â–ˆâ–ˆâ–       | 35/160 [00:01<00:03, 36.40it/s][A
 25%|â–ˆâ–ˆâ–Œ       | 40/160 [00:01<00:03, 37.59it/s][ALoss = 1.1453e-02, PNorm = 39.7052, GNorm = 0.5288, lr_0 = 6.7170e-04

 28%|â–ˆâ–ˆâ–Š       | 44/160 [00:01<00:03, 38.08it/s][A
 31%|â–ˆâ–ˆâ–ˆ       | 49/160 [00:01<00:02, 38.79it/s][ALoss = 1.1463e-02, PNorm = 39.7144, GNorm = 0.4845, lr_0 = 7.0000e-04

 33%|â–ˆâ–ˆâ–ˆâ–Ž      | 53/160 [00:01<00:02, 38.74it/s][A
 36%|â–ˆâ–ˆâ–ˆâ–Œ      | 57/160 [00:01<00:02, 39.03it/s][ALoss = 1.1623e-02, PNorm = 39.7272, GNorm = 0.9153, lr_0 = 7.2830e-04

 38%|â–ˆâ–ˆâ–ˆâ–Š      | 61/160 [00:01<00:02, 39.13it/s][A
 41%|â–ˆâ–ˆâ–ˆâ–ˆ      | 65/160 [00:01<00:02, 32.62it/s][A
 43%|â–ˆâ–ˆâ–ˆâ–ˆâ–Ž     | 69/160 [00:02<00:03, 29.31it/s][ALoss = 9.9307e-03, PNorm = 39.7618, GNorm = 0.4503, lr_0 = 7.5660e-04

 46%|â–ˆâ–ˆâ–ˆâ–ˆâ–Œ     | 73/160 [00:02<00:03, 26.80it/s][A
 48%|â–ˆâ–ˆâ–ˆâ–ˆâ–Š     | 76/160 [00:02<00:03, 27.42it/s][A
 49%|â–ˆâ–ˆâ–ˆâ–ˆâ–‰     | 79/160 [00:02<00:03, 26.88it/s][ALoss = 1.3309e-02, PNorm = 39.7810, GNorm = 1.5334, lr_0 = 7.8491e-04

 51%|â–ˆâ–ˆâ–ˆâ–ˆâ–ˆâ–    | 82/160 [00:02<00:02, 27.48it/s][A
 54%|â–ˆâ–ˆâ–ˆâ–ˆâ–ˆâ–    | 86/160 [00:02<00:02, 28.41it/s][A
 56%|â–ˆâ–ˆâ–ˆâ–ˆâ–ˆâ–‹    | 90/160 [00:02<00:02, 29.22it/s][ALoss = 1.1739e-02, PNorm = 39.7949, GNorm = 0.7300, lr_0 = 8.1321e-04

 58%|â–ˆâ–ˆâ–ˆâ–ˆâ–ˆâ–Š    | 93/160 [00:02<00:02, 29.33it/s][A
 60%|â–ˆâ–ˆâ–ˆâ–ˆâ–ˆâ–ˆ    | 96/160 [00:02<00:02, 28.91it/s][A
 62%|â–ˆâ–ˆâ–ˆâ–ˆâ–ˆâ–ˆâ–   | 99/160 [00:03<00:02, 27.70it/s][ALoss = 1.0960e-02, PNorm = 39.8732, GNorm = 0.7306, lr_0 = 8.4151e-04

 64%|â–ˆâ–ˆâ–ˆâ–ˆâ–ˆâ–ˆâ–   | 102/160 [00:03<00:02, 28.06it/s][A
 66%|â–ˆâ–ˆâ–ˆâ–ˆâ–ˆâ–ˆâ–Œ   | 105/160 [00:03<00:02, 26.96it/s][A
 68%|â–ˆâ–ˆâ–ˆâ–ˆâ–ˆâ–ˆâ–Š   | 108/160 [00:03<00:02, 25.62it/s][ALoss = 1.2606e-02, PNorm = 39.9307, GNorm = 0.3997, lr_0 = 8.6981e-04

 70%|â–ˆâ–ˆâ–ˆâ–ˆâ–ˆâ–ˆâ–ˆ   | 112/160 [00:03<00:01, 26.59it/s][A
 72%|â–ˆâ–ˆâ–ˆâ–ˆâ–ˆâ–ˆâ–ˆâ–  | 115/160 [00:03<00:01, 25.93it/s][A
 74%|â–ˆâ–ˆâ–ˆâ–ˆâ–ˆâ–ˆâ–ˆâ–  | 118/160 [00:03<00:01, 26.86it/s][ALoss = 1.0889e-02, PNorm = 39.9778, GNorm = 0.8355, lr_0 = 8.9811e-04

 76%|â–ˆâ–ˆâ–ˆâ–ˆâ–ˆâ–ˆâ–ˆâ–Œ  | 121/160 [00:03<00:01, 27.26it/s][A
 78%|â–ˆâ–ˆâ–ˆâ–ˆâ–ˆâ–ˆâ–ˆâ–Š  | 125/160 [00:04<00:01, 29.13it/s][A
 80%|â–ˆâ–ˆâ–ˆâ–ˆâ–ˆâ–ˆâ–ˆâ–ˆ  | 128/160 [00:04<00:01, 28.95it/s][ALoss = 1.1637e-02, PNorm = 40.0105, GNorm = 0.4036, lr_0 = 9.2642e-04

 82%|â–ˆâ–ˆâ–ˆâ–ˆâ–ˆâ–ˆâ–ˆâ–ˆâ–Ž | 132/160 [00:04<00:00, 30.21it/s][A
 85%|â–ˆâ–ˆâ–ˆâ–ˆâ–ˆâ–ˆâ–ˆâ–ˆâ–Œ | 136/160 [00:04<00:00, 28.49it/s][A
 87%|â–ˆâ–ˆâ–ˆâ–ˆâ–ˆâ–ˆâ–ˆâ–ˆâ–‹ | 139/160 [00:04<00:00, 27.80it/s][ALoss = 1.0687e-02, PNorm = 40.0538, GNorm = 0.7039, lr_0 = 9.5472e-04

 89%|â–ˆâ–ˆâ–ˆâ–ˆâ–ˆâ–ˆâ–ˆâ–ˆâ–‰ | 142/160 [00:04<00:00, 26.63it/s][A
 91%|â–ˆâ–ˆâ–ˆâ–ˆâ–ˆâ–ˆâ–ˆâ–ˆâ–ˆ | 145/160 [00:04<00:00, 27.22it/s][A
 93%|â–ˆâ–ˆâ–ˆâ–ˆâ–ˆâ–ˆâ–ˆâ–ˆâ–ˆâ–Ž| 149/160 [00:04<00:00, 27.29it/s][ALoss = 1.1141e-02, PNorm = 40.0865, GNorm = 0.6355, lr_0 = 9.8302e-04

 95%|â–ˆâ–ˆâ–ˆâ–ˆâ–ˆâ–ˆâ–ˆâ–ˆâ–ˆâ–Œ| 152/160 [00:05<00:00, 27.56it/s][A
 98%|â–ˆâ–ˆâ–ˆâ–ˆâ–ˆâ–ˆâ–ˆâ–ˆâ–ˆâ–Š| 156/160 [00:05<00:00, 28.47it/s][A
100%|â–ˆâ–ˆâ–ˆâ–ˆâ–ˆâ–ˆâ–ˆâ–ˆâ–ˆâ–ˆ| 160/160 [00:05<00:00, 30.98it/s][A100%|â–ˆâ–ˆâ–ˆâ–ˆâ–ˆâ–ˆâ–ˆâ–ˆâ–ˆâ–ˆ| 160/160 [00:05<00:00, 30.46it/s]

  0%|          | 0/20 [00:00<?, ?it/s][A
 35%|â–ˆâ–ˆâ–ˆâ–Œ      | 7/20 [00:00<00:00, 60.42it/s][A
 65%|â–ˆâ–ˆâ–ˆâ–ˆâ–ˆâ–ˆâ–Œ   | 13/20 [00:00<00:00, 59.78it/s][A
 95%|â–ˆâ–ˆâ–ˆâ–ˆâ–ˆâ–ˆâ–ˆâ–ˆâ–ˆâ–Œ| 19/20 [00:00<00:00, 59.65it/s][A100%|â–ˆâ–ˆâ–ˆâ–ˆâ–ˆâ–ˆâ–ˆâ–ˆâ–ˆâ–ˆ| 20/20 [00:00<00:00, 59.65it/s]
Warning: Found a task with targets all 0s or all 1s
Warning: Found a task with targets all 0s or all 1s
Warning: Found a task with targets all 0s or all 1s
Warning: Found a task with targets all 0s or all 1s
Warning: Found a task with targets all 0s or all 1s
Warning: Found a task with targets all 0s or all 1s
Warning: Found a task with targets all 0s or all 1s
Warning: Found a task with targets all 0s or all 1s
Warning: Found a task with targets all 0s or all 1s
Warning: Found a task with targets all 0s or all 1s
Warning: Found a task with targets all 0s or all 1s
Warning: Found a task with targets all 0s or all 1s
Warning: Found a task with targets all 0s or all 1s
Warning: Found a task with targets all 0s or all 1s
Warning: Found a task with targets all 0s or all 1s
Warning: Found a task with targets all 0s or all 1s
Warning: Found a task with targets all 0s or all 1s
Warning: Found a task with targets all 0s or all 1s
Warning: Found a task with targets all 0s or all 1s
Warning: Found a task with targets all 0s or all 1s
Warning: Found a task with targets all 0s or all 1s
Warning: Found a task with targets all 0s or all 1s
Warning: Found a task with targets all 0s or all 1s
Warning: Found a task with targets all 0s or all 1s
Warning: Found a task with targets all 0s or all 1s
Warning: Found a task with targets all 0s or all 1s
Warning: Found a task with targets all 0s or all 1s
Warning: Found a task with targets all 0s or all 1s
Warning: Found a task with targets all 0s or all 1s
Warning: Found a task with targets all 0s or all 1s
Warning: Found a task with targets all 0s or all 1s
Warning: Found a task with targets all 0s or all 1s
Warning: Found a task with targets all 0s or all 1s
Warning: Found a task with targets all 0s or all 1s
Warning: Found a task with targets all 0s or all 1s
Warning: Found a task with targets all 0s or all 1s
Validation auc = 0.494962
  4%|â–         | 2/50 [00:34<17:11, 21.50s/it]Epoch 2

  0%|          | 0/160 [00:00<?, ?it/s][ALoss = 8.9243e-03, PNorm = 40.1186, GNorm = 0.5358, lr_0 = 9.9849e-04

  2%|â–Ž         | 4/160 [00:00<00:04, 35.33it/s][A
  5%|â–Œ         | 8/160 [00:00<00:04, 36.16it/s][ALoss = 1.0160e-02, PNorm = 40.1635, GNorm = 0.6318, lr_0 = 9.9548e-04

  8%|â–Š         | 12/160 [00:00<00:04, 36.55it/s][A
 10%|â–ˆ         | 16/160 [00:00<00:03, 36.74it/s][A
 12%|â–ˆâ–Ž        | 20/160 [00:00<00:03, 37.16it/s][ALoss = 1.0682e-02, PNorm = 40.2110, GNorm = 1.1736, lr_0 = 9.9249e-04

 15%|â–ˆâ–Œ        | 24/160 [00:00<00:03, 36.94it/s][A
 18%|â–ˆâ–Š        | 28/160 [00:00<00:03, 37.13it/s][ALoss = 1.0041e-02, PNorm = 40.2619, GNorm = 0.6597, lr_0 = 9.8950e-04

 20%|â–ˆâ–ˆ        | 32/160 [00:00<00:03, 36.87it/s][A
 22%|â–ˆâ–ˆâ–Ž       | 36/160 [00:00<00:03, 37.12it/s][A
 25%|â–ˆâ–ˆâ–Œ       | 40/160 [00:01<00:03, 37.43it/s][ALoss = 1.0749e-02, PNorm = 40.3026, GNorm = 0.6182, lr_0 = 9.8652e-04

 28%|â–ˆâ–ˆâ–Š       | 44/160 [00:01<00:03, 37.47it/s][A
 30%|â–ˆâ–ˆâ–ˆ       | 48/160 [00:01<00:02, 37.56it/s][ALoss = 1.0986e-02, PNorm = 40.3415, GNorm = 0.6050, lr_0 = 9.8354e-04

 32%|â–ˆâ–ˆâ–ˆâ–Ž      | 52/160 [00:01<00:02, 37.36it/s][A
 35%|â–ˆâ–ˆâ–ˆâ–Œ      | 56/160 [00:01<00:02, 37.40it/s][A
 38%|â–ˆâ–ˆâ–ˆâ–Š      | 60/160 [00:01<00:02, 37.21it/s][ALoss = 1.0521e-02, PNorm = 40.3679, GNorm = 0.6579, lr_0 = 9.8058e-04

 40%|â–ˆâ–ˆâ–ˆâ–ˆ      | 64/160 [00:01<00:02, 37.28it/s][A
 42%|â–ˆâ–ˆâ–ˆâ–ˆâ–Ž     | 68/160 [00:01<00:02, 37.15it/s][ALoss = 1.0394e-02, PNorm = 40.4050, GNorm = 0.6217, lr_0 = 9.7763e-04

 45%|â–ˆâ–ˆâ–ˆâ–ˆâ–Œ     | 72/160 [00:01<00:02, 37.20it/s][A
 48%|â–ˆâ–ˆâ–ˆâ–ˆâ–Š     | 76/160 [00:02<00:02, 33.89it/s][A
 50%|â–ˆâ–ˆâ–ˆâ–ˆâ–ˆ     | 80/160 [00:02<00:02, 33.02it/s][ALoss = 1.0159e-02, PNorm = 40.4638, GNorm = 0.6413, lr_0 = 9.7468e-04

 52%|â–ˆâ–ˆâ–ˆâ–ˆâ–ˆâ–Ž    | 84/160 [00:02<00:02, 32.27it/s][A
 55%|â–ˆâ–ˆâ–ˆâ–ˆâ–ˆâ–Œ    | 88/160 [00:02<00:02, 30.81it/s][ALoss = 1.0853e-02, PNorm = 40.5073, GNorm = 0.3649, lr_0 = 9.7175e-04

 57%|â–ˆâ–ˆâ–ˆâ–ˆâ–ˆâ–Š    | 92/160 [00:02<00:02, 30.13it/s][A
 60%|â–ˆâ–ˆâ–ˆâ–ˆâ–ˆâ–ˆ    | 96/160 [00:02<00:02, 29.16it/s][A
 62%|â–ˆâ–ˆâ–ˆâ–ˆâ–ˆâ–ˆâ–   | 99/160 [00:02<00:02, 28.50it/s][ALoss = 1.0242e-02, PNorm = 40.5633, GNorm = 0.7504, lr_0 = 9.6882e-04

 64%|â–ˆâ–ˆâ–ˆâ–ˆâ–ˆâ–ˆâ–   | 102/160 [00:03<00:02, 25.64it/s][A
 66%|â–ˆâ–ˆâ–ˆâ–ˆâ–ˆâ–ˆâ–Œ   | 105/160 [00:03<00:02, 25.27it/s][A
 68%|â–ˆâ–ˆâ–ˆâ–ˆâ–ˆâ–ˆâ–Š   | 109/160 [00:03<00:01, 26.94it/s][ALoss = 1.1875e-02, PNorm = 40.5969, GNorm = 0.3884, lr_0 = 9.6590e-04

 70%|â–ˆâ–ˆâ–ˆâ–ˆâ–ˆâ–ˆâ–ˆ   | 112/160 [00:03<00:01, 24.43it/s][A
 72%|â–ˆâ–ˆâ–ˆâ–ˆâ–ˆâ–ˆâ–ˆâ–Ž  | 116/160 [00:03<00:01, 26.18it/s][A
 75%|â–ˆâ–ˆâ–ˆâ–ˆâ–ˆâ–ˆâ–ˆâ–Œ  | 120/160 [00:03<00:01, 27.68it/s][ALoss = 1.0825e-02, PNorm = 40.6339, GNorm = 0.7028, lr_0 = 9.6299e-04

 77%|â–ˆâ–ˆâ–ˆâ–ˆâ–ˆâ–ˆâ–ˆâ–‹  | 123/160 [00:03<00:01, 26.77it/s][A
 79%|â–ˆâ–ˆâ–ˆâ–ˆâ–ˆâ–ˆâ–ˆâ–‰  | 126/160 [00:03<00:01, 25.63it/s][A
 81%|â–ˆâ–ˆâ–ˆâ–ˆâ–ˆâ–ˆâ–ˆâ–ˆâ– | 130/160 [00:04<00:01, 28.06it/s][ALoss = 1.0193e-02, PNorm = 40.6739, GNorm = 0.4269, lr_0 = 9.6009e-04

 84%|â–ˆâ–ˆâ–ˆâ–ˆâ–ˆâ–ˆâ–ˆâ–ˆâ– | 134/160 [00:04<00:00, 30.43it/s][A
 86%|â–ˆâ–ˆâ–ˆâ–ˆâ–ˆâ–ˆâ–ˆâ–ˆâ–‹ | 138/160 [00:04<00:00, 32.34it/s][ALoss = 9.6444e-03, PNorm = 40.7113, GNorm = 0.4316, lr_0 = 9.5720e-04

 89%|â–ˆâ–ˆâ–ˆâ–ˆâ–ˆâ–ˆâ–ˆâ–ˆâ–‰ | 142/160 [00:04<00:00, 33.89it/s][A
 91%|â–ˆâ–ˆâ–ˆâ–ˆâ–ˆâ–ˆâ–ˆâ–ˆâ–ˆâ–| 146/160 [00:04<00:00, 34.81it/s][A
 94%|â–ˆâ–ˆâ–ˆâ–ˆâ–ˆâ–ˆâ–ˆâ–ˆâ–ˆâ–| 150/160 [00:04<00:00, 35.70it/s][ALoss = 1.0335e-02, PNorm = 40.7486, GNorm = 0.7238, lr_0 = 9.5431e-04

 96%|â–ˆâ–ˆâ–ˆâ–ˆâ–ˆâ–ˆâ–ˆâ–ˆâ–ˆâ–‹| 154/160 [00:04<00:00, 33.31it/s][A
