wandb: Tracking run with wandb version 0.9.3
wandb: Run data is saved locally in wandb/run-20200723_090448-3t79amp3
wandb: Syncing run less_128_random_split
wandb: ⭐️ View project at https://app.wandb.ai/apappu97/molecule-metalearning-chemprop
wandb: 🚀 View run at https://app.wandb.ai/apappu97/molecule-metalearning-chemprop/runs/3t79amp3
wandb: Run `wandb off` to turn off syncing.

Fold 0
Command line
python chemprop/train.py --data_path filtered_chembl/chembl_less_128_instances.csv --dataset_type classification --split_type random --features_only --features_generator morgan --dropout 0.2 --epochs 30 --num_workers 0 --results_save_dir results/motivational/morgan/ --experiment_name less_128_random_split
Args
{'ANIL': False,
 'FO_MAML': False,
 'activation': 'ReLU',
 'atom_messages': False,
 'batch_size': 50,
 'bias': False,
 'cache_cutoff': 10000,
 'checkpoint_dir': None,
 'checkpoint_path': None,
 'checkpoint_paths': None,
 'chembl_assay_metadata_pickle_path': None,
 'class_balance': False,
 'config_path': None,
 'crossval_index_dir': None,
 'crossval_index_file': None,
 'crossval_index_sets': None,
 'data_path': 'filtered_chembl/chembl_less_128_instances.csv',
 'dataset_type': 'classification',
 'depth': 3,
 'dropout': 0.2,
 'dummy': False,
 'ensemble_size': 1,
 'epochs': 30,
 'experiment_name': 'less_128_random_split',
 'features_generator': ['morgan'],
 'features_only': True,
 'features_path': None,
 'features_size': None,
 'ffn_hidden_size': 300,
 'ffn_num_layers': 2,
 'final_lr': 0.0001,
 'folds_file': None,
 'gpu': None,
 'hidden_size': 300,
 'init_lr': 0.0001,
 'inner_loop_lr': 0.05,
 'log_frequency': 10,
 'max_data_size': None,
 'max_lr': 0.001,
 'meta_batch_size': 3,
 'meta_learning': False,
 'meta_test_epochs': 20,
 'meta_test_lr': 0.001,
 'meta_test_split_sizes': (0.8, 0.1, 0.1),
 'meta_train_split_sizes': (0.8, 0.2, 0),
 'metric': 'auc',
 'minimize_score': False,
 'multiclass_num_classes': 3,
 'no_cuda': False,
 'no_features_scaling': False,
 'num_folds': 1,
 'num_inner_gradient_steps': 2,
 'num_lrs': 1,
 'num_tasks': None,
 'num_workers': 0,
 'outer_loop_lr': 0.003,
 'pytorch_seed': 0,
 'quiet': False,
 'results_save_dir': 'results/motivational/morgan/',
 'save_dir': '/tmp/2282321.2.gpu.q/tmpkkdinw07/fold_0',
 'save_smiles_splits': False,
 'seed': 0,
 'separate_test_features_path': None,
 'separate_test_path': None,
 'separate_val_features_path': None,
 'separate_val_path': None,
 'show_individual_scores': False,
 'smiles_column': None,
 'split_sizes': (0.8, 0.1, 0.1),
 'split_type': 'random',
 'target_columns': None,
 'task_names': None,
 'test': False,
 'test_fold_index': None,
 'train_data_size': None,
 'undirected': False,
 'use_input_features': True,
 'val_fold_index': None,
 'warmup_epochs': 2.0}
Loading data
0it [00:00, ?it/s]711it [00:00, 7101.74it/s]1550it [00:00, 7443.39it/s]2397it [00:00, 7671.34it/s]3242it [00:00, 7888.68it/s]3866it [00:00, 6736.58it/s]4722it [00:00, 7194.78it/s]5567it [00:00, 7528.20it/s]6431it [00:00, 7829.73it/s]7282it [00:00, 7974.50it/s]8067it [00:01, 7474.17it/s]8925it [00:01, 7773.66it/s]9765it [00:01, 7950.24it/s]9964it [00:01, 7831.23it/s]
  0% 0/9964 [00:00<?, ?it/s]  1% 135/9964 [00:00<00:07, 1344.78it/s]  3% 276/9964 [00:00<00:07, 1362.24it/s]  4% 411/9964 [00:00<00:07, 1357.03it/s]  6% 551/9964 [00:00<00:06, 1367.77it/s]  7% 692/9964 [00:00<00:06, 1378.90it/s]  8% 833/9964 [00:00<00:06, 1387.48it/s] 10% 972/9964 [00:00<00:06, 1386.58it/s] 11% 1113/9964 [00:00<00:06, 1390.89it/s] 13% 1251/9964 [00:00<00:06, 1385.06it/s] 14% 1395/9964 [00:01<00:06, 1399.63it/s] 15% 1534/9964 [00:01<00:06, 1396.03it/s] 17% 1678/9964 [00:01<00:05, 1406.56it/s] 18% 1818/9964 [00:01<00:05, 1401.36it/s] 20% 1957/9964 [00:01<00:05, 1376.24it/s] 21% 2094/9964 [00:01<00:05, 1364.90it/s] 22% 2230/9964 [00:01<00:05, 1292.75it/s] 24% 2369/9964 [00:01<00:05, 1320.05it/s] 25% 2522/9964 [00:01<00:05, 1374.86it/s] 27% 2661/9964 [00:01<00:05, 1372.64it/s] 28% 2799/9964 [00:02<00:05, 1372.87it/s] 29% 2937/9964 [00:02<00:05, 1371.91it/s] 31% 3081/9964 [00:02<00:04, 1388.80it/s] 32% 3228/9964 [00:02<00:04, 1411.94it/s] 34% 3370/9964 [00:02<00:04, 1394.73it/s] 35% 3510/9964 [00:02<00:04, 1339.25it/s] 37% 3645/9964 [00:02<00:05, 1245.65it/s] 38% 3779/9964 [00:02<00:04, 1271.94it/s] 39% 3911/9964 [00:02<00:04, 1285.91it/s] 41% 4041/9964 [00:02<00:04, 1285.07it/s] 42% 4174/9964 [00:03<00:04, 1298.14it/s] 43% 4307/9964 [00:03<00:04, 1306.84it/s] 45% 4441/9964 [00:03<00:04, 1316.20it/s] 46% 4576/9964 [00:03<00:04, 1324.49it/s] 47% 4714/9964 [00:03<00:03, 1339.93it/s] 49% 4852/9964 [00:03<00:03, 1350.41it/s] 50% 4988/9964 [00:03<00:03, 1318.27it/s] 51% 5129/9964 [00:03<00:03, 1342.96it/s] 53% 5275/9964 [00:03<00:03, 1374.13it/s] 54% 5421/9964 [00:03<00:03, 1396.47it/s] 56% 5566/9964 [00:04<00:03, 1408.80it/s] 57% 5708/9964 [00:04<00:03, 1402.80it/s] 59% 5849/9964 [00:04<00:02, 1400.72it/s] 60% 5992/9964 [00:04<00:02, 1409.24it/s] 62% 6135/9964 [00:04<00:02, 1413.13it/s] 63% 6278/9964 [00:04<00:02, 1417.47it/s] 64% 6420/9964 [00:04<00:02, 1407.26it/s] 66% 6563/9964 [00:04<00:02, 1413.26it/s] 67% 6708/9964 [00:04<00:02, 1423.83it/s] 69% 6851/9964 [00:05<00:03, 811.61it/s]  70% 6996/9964 [00:05<00:03, 934.22it/s] 72% 7132/9964 [00:05<00:02, 1029.79it/s] 73% 7277/9964 [00:05<00:02, 1126.76it/s] 74% 7418/9964 [00:05<00:02, 1197.36it/s] 76% 7561/9964 [00:05<00:01, 1256.39it/s] 77% 7703/9964 [00:05<00:01, 1299.65it/s] 79% 7841/9964 [00:05<00:01, 1319.80it/s] 80% 7982/9964 [00:06<00:01, 1343.44it/s] 82% 8121/9964 [00:06<00:01, 1355.34it/s] 83% 8260/9964 [00:06<00:01, 1291.51it/s] 84% 8392/9964 [00:06<00:01, 1298.79it/s] 86% 8524/9964 [00:06<00:01, 1296.20it/s] 87% 8655/9964 [00:06<00:01, 1294.43it/s] 88% 8795/9964 [00:06<00:00, 1323.76it/s] 90% 8929/9964 [00:06<00:00, 1308.50it/s] 91% 9061/9964 [00:06<00:00, 1299.83it/s] 92% 9192/9964 [00:06<00:00, 1272.03it/s] 94% 9320/9964 [00:07<00:00, 1252.99it/s] 95% 9446/9964 [00:07<00:00, 1233.99it/s] 97% 9617/9964 [00:07<00:00, 1345.05it/s] 98% 9763/9964 [00:07<00:00, 1376.74it/s] 99% 9904/9964 [00:07<00:00, 1371.50it/s]100% 9964/9964 [00:07<00:00, 1318.39it/s]
  0% 0/9964 [00:00<?, ?it/s] 88% 8732/9964 [00:00<00:00, 87308.84it/s]100% 9964/9964 [00:00<00:00, 90602.33it/s]
Number of tasks = 397
Splitting data with seed 0
Class sizes
CHEMBL1002712 0: 27.00%, 1: 73.00%
CHEMBL1022010 0: 6.90%, 1: 93.10%
CHEMBL1024480 0: 89.58%, 1: 10.42%
CHEMBL1026933 0: 40.85%, 1: 59.15%
CHEMBL1026934 0: 5.61%, 1: 94.39%
CHEMBL1031359 0: 4.00%, 1: 96.00%
CHEMBL1034533 0: 17.31%, 1: 82.69%
CHEMBL1034535 0: 46.15%, 1: 53.85%
CHEMBL1167052 0: 17.78%, 1: 82.22%
CHEMBL1169087 0: 77.78%, 1: 22.22%
CHEMBL1243969 0: 20.17%, 1: 79.83%
CHEMBL1243971 0: 48.89%, 1: 51.11%
CHEMBL1243975 0: 51.38%, 1: 48.62%
CHEMBL1243977 0: 31.19%, 1: 68.81%
CHEMBL1243978 0: 27.12%, 1: 72.88%
CHEMBL1613775 0: 40.78%, 1: 59.22%
CHEMBL1613806 0: 49.11%, 1: 50.89%
CHEMBL1613812 0: 7.35%, 1: 92.65%
CHEMBL1613821 0: 13.79%, 1: 86.21%
CHEMBL1613859 0: 72.94%, 1: 27.06%
CHEMBL1613893 0: 74.40%, 1: 25.60%
CHEMBL1613903 0: 56.44%, 1: 43.56%
CHEMBL1613956 0: 37.82%, 1: 62.18%
CHEMBL1613980 0: 84.92%, 1: 15.08%
CHEMBL1613998 0: 15.74%, 1: 84.26%
CHEMBL1614007 0: 13.33%, 1: 86.67%
CHEMBL1614008 0: 38.40%, 1: 61.60%
CHEMBL1614044 0: 23.88%, 1: 76.12%
CHEMBL1614056 0: 81.19%, 1: 18.81%
CHEMBL1614070 0: 18.75%, 1: 81.25%
CHEMBL1614083 0: 94.44%, 1: 5.56%
CHEMBL1614086 0: 5.94%, 1: 94.06%
CHEMBL1614117 0: 16.35%, 1: 83.65%
CHEMBL1614147 0: 7.78%, 1: 92.22%
CHEMBL1614154 0: 9.52%, 1: 90.48%
CHEMBL1614177 0: 94.85%, 1: 5.15%
CHEMBL1614210 0: 60.16%, 1: 39.84%
CHEMBL1614220 0: 32.80%, 1: 67.20%
CHEMBL1614225 0: 62.50%, 1: 37.50%
CHEMBL1614226 0: 81.15%, 1: 18.85%
CHEMBL1614231 0: 46.96%, 1: 53.04%
CHEMBL1614265 0: 26.51%, 1: 73.49%
CHEMBL1614267 0: 29.46%, 1: 70.54%
CHEMBL1614273 0: 51.97%, 1: 48.03%
CHEMBL1614283 0: 52.89%, 1: 47.11%
CHEMBL1614308 0: 50.82%, 1: 49.18%
CHEMBL1614310 0: 51.81%, 1: 48.19%
CHEMBL1614321 0: 60.16%, 1: 39.84%
CHEMBL1614338 0: 15.00%, 1: 85.00%
CHEMBL1614345 0: 39.50%, 1: 60.50%
CHEMBL1614355 0: 4.11%, 1: 95.89%
CHEMBL1614362 0: 19.17%, 1: 80.83%
CHEMBL1614373 0: 30.84%, 1: 69.16%
CHEMBL1614376 0: 4.07%, 1: 95.93%
CHEMBL1614380 0: 78.10%, 1: 21.90%
CHEMBL1614405 0: 50.94%, 1: 49.06%
CHEMBL1614408 0: 33.33%, 1: 66.67%
CHEMBL1614417 0: 27.19%, 1: 72.81%
CHEMBL1614450 0: 10.32%, 1: 89.68%
CHEMBL1614462 0: 65.35%, 1: 34.65%
CHEMBL1614463 0: 49.61%, 1: 50.39%
CHEMBL1614465 0: 20.00%, 1: 80.00%
CHEMBL1614478 0: 12.50%, 1: 87.50%
CHEMBL1614479 0: 8.49%, 1: 91.51%
CHEMBL1614482 0: 59.82%, 1: 40.18%
CHEMBL1614486 0: 40.48%, 1: 59.52%
CHEMBL1614518 0: 45.69%, 1: 54.31%
CHEMBL1614525 0: 52.00%, 1: 48.00%
CHEMBL1614539 0: 14.12%, 1: 85.88%
CHEMBL1670561 0: 15.13%, 1: 84.87%
CHEMBL1737862 0: 25.69%, 1: 74.31%
CHEMBL1738092 0: 13.76%, 1: 86.24%
CHEMBL1738192 0: 83.17%, 1: 16.83%
CHEMBL1738246 0: 14.52%, 1: 85.48%
CHEMBL1738313 0: 57.69%, 1: 42.31%
CHEMBL1738423 0: 76.15%, 1: 23.85%
CHEMBL1738514 0: 26.73%, 1: 73.27%
CHEMBL1738619 0: 83.17%, 1: 16.83%
CHEMBL1738684 0: 13.21%, 1: 86.79%
CHEMBL1794367 0: 42.52%, 1: 57.48%
CHEMBL1794400 0: 35.59%, 1: 64.41%
CHEMBL1794420 0: 54.46%, 1: 45.54%
CHEMBL1794455 0: 52.48%, 1: 47.52%
CHEMBL1794498 0: 53.47%, 1: 46.53%
CHEMBL1804798 0: 71.83%, 1: 28.17%
CHEMBL1820680 0: 46.81%, 1: 53.19%
CHEMBL1827362 0: 25.62%, 1: 74.38%
CHEMBL1963849 0: 21.77%, 1: 78.23%
CHEMBL1963857 0: 39.45%, 1: 60.55%
CHEMBL1963899 0: 24.19%, 1: 75.81%
CHEMBL1964046 0: 36.29%, 1: 63.71%
CHEMBL1964055 0: 10.00%, 1: 90.00%
CHEMBL2045986 0: 7.37%, 1: 92.63%
CHEMBL2091156 0: 19.10%, 1: 80.90%
CHEMBL2114717 0: 69.29%, 1: 30.71%
CHEMBL2114718 0: 16.81%, 1: 83.19%
CHEMBL2114803 0: 22.86%, 1: 77.14%
CHEMBL2114826 0: 50.79%, 1: 49.21%
CHEMBL2114883 0: 44.95%, 1: 55.05%
CHEMBL2114914 0: 20.72%, 1: 79.28%
CHEMBL2114927 0: 84.11%, 1: 15.89%
CHEMBL2155446 0: 5.83%, 1: 94.17%
CHEMBL2303649 0: 68.09%, 1: 31.91%
CHEMBL2354260 0: 54.63%, 1: 45.37%
CHEMBL2354307 0: 9.17%, 1: 90.83%
CHEMBL2363140 0: 68.70%, 1: 31.30%
CHEMBL2363141 0: 76.19%, 1: 23.81%
CHEMBL2363142 0: 60.20%, 1: 39.80%
CHEMBL2363146 0: 67.68%, 1: 32.32%
CHEMBL2363148 0: 67.68%, 1: 32.32%
CHEMBL2363152 0: 41.86%, 1: 58.14%
CHEMBL2363153 0: 34.07%, 1: 65.93%
CHEMBL2363154 0: 89.66%, 1: 10.34%
CHEMBL2363160 0: 68.69%, 1: 31.31%
CHEMBL2363165 0: 64.38%, 1: 35.62%
CHEMBL2363166 0: 62.50%, 1: 37.50%
CHEMBL2363167 0: 68.32%, 1: 31.68%
CHEMBL2363168 0: 59.76%, 1: 40.24%
CHEMBL2363169 0: 65.48%, 1: 34.52%
CHEMBL2363171 0: 74.75%, 1: 25.25%
CHEMBL2363174 0: 55.79%, 1: 44.21%
CHEMBL2363176 0: 36.67%, 1: 63.33%
CHEMBL2363178 0: 70.41%, 1: 29.59%
CHEMBL2363180 0: 72.57%, 1: 27.43%
CHEMBL2363184 0: 79.79%, 1: 20.21%
CHEMBL2363185 0: 49.02%, 1: 50.98%
CHEMBL2363187 0: 62.00%, 1: 38.00%
CHEMBL2363189 0: 42.57%, 1: 57.43%
CHEMBL2363197 0: 76.29%, 1: 23.71%
CHEMBL2363207 0: 67.31%, 1: 32.69%
CHEMBL2363208 0: 38.24%, 1: 61.76%
CHEMBL2363210 0: 50.00%, 1: 50.00%
CHEMBL2363211 0: 60.64%, 1: 39.36%
CHEMBL2363212 0: 48.57%, 1: 51.43%
CHEMBL2363213 0: 67.71%, 1: 32.29%
CHEMBL2363214 0: 50.52%, 1: 49.48%
CHEMBL2363215 0: 56.00%, 1: 44.00%
CHEMBL2363216 0: 46.53%, 1: 53.47%
CHEMBL2363218 0: 48.04%, 1: 51.96%
CHEMBL2363220 0: 54.21%, 1: 45.79%
CHEMBL2363221 0: 71.96%, 1: 28.04%
CHEMBL2363223 0: 57.30%, 1: 42.70%
CHEMBL2363224 0: 43.00%, 1: 57.00%
CHEMBL2363225 0: 62.89%, 1: 37.11%
CHEMBL2363227 0: 67.42%, 1: 32.58%
CHEMBL2363228 0: 51.22%, 1: 48.78%
CHEMBL2363230 0: 28.12%, 1: 71.88%
CHEMBL2363236 0: 69.44%, 1: 30.56%
CHEMBL2363238 0: 51.92%, 1: 48.08%
CHEMBL2363239 0: 53.61%, 1: 46.39%
CHEMBL2363242 0: 49.48%, 1: 50.52%
CHEMBL2363243 0: 50.00%, 1: 50.00%
CHEMBL2363245 0: 60.82%, 1: 39.18%
CHEMBL2363247 0: 58.06%, 1: 41.94%
CHEMBL2363248 0: 55.56%, 1: 44.44%
CHEMBL2363252 0: 46.24%, 1: 53.76%
CHEMBL2363253 0: 46.67%, 1: 53.33%
CHEMBL2363255 0: 73.20%, 1: 26.80%
CHEMBL2363263 0: 58.90%, 1: 41.10%
CHEMBL2363264 0: 58.76%, 1: 41.24%
CHEMBL2363265 0: 57.47%, 1: 42.53%
CHEMBL2363268 0: 57.14%, 1: 42.86%
CHEMBL2363269 0: 58.10%, 1: 41.90%
CHEMBL2363272 0: 56.73%, 1: 43.27%
CHEMBL2363273 0: 68.32%, 1: 31.68%
CHEMBL2363275 0: 56.19%, 1: 43.81%
CHEMBL2363277 0: 51.06%, 1: 48.94%
CHEMBL2363278 0: 44.44%, 1: 55.56%
CHEMBL2363283 0: 43.53%, 1: 56.47%
CHEMBL2363290 0: 65.05%, 1: 34.95%
CHEMBL2363294 0: 46.08%, 1: 53.92%
CHEMBL2363299 0: 46.51%, 1: 53.49%
CHEMBL2363307 0: 55.17%, 1: 44.83%
CHEMBL2363313 0: 54.26%, 1: 45.74%
CHEMBL2363314 0: 65.69%, 1: 34.31%
CHEMBL2363315 0: 63.89%, 1: 36.11%
CHEMBL2363317 0: 54.55%, 1: 45.45%
CHEMBL2363319 0: 70.18%, 1: 29.82%
CHEMBL2363321 0: 77.89%, 1: 22.11%
CHEMBL2363322 0: 68.27%, 1: 31.73%
CHEMBL2363324 0: 67.35%, 1: 32.65%
CHEMBL2363326 0: 50.94%, 1: 49.06%
CHEMBL2363327 0: 57.29%, 1: 42.71%
CHEMBL2363328 0: 71.43%, 1: 28.57%
CHEMBL2363330 0: 40.91%, 1: 59.09%
CHEMBL2363332 0: 51.43%, 1: 48.57%
CHEMBL2363333 0: 51.04%, 1: 48.96%
CHEMBL2363334 0: 48.21%, 1: 51.79%
CHEMBL2363335 0: 63.00%, 1: 37.00%
CHEMBL2363336 0: 63.04%, 1: 36.96%
CHEMBL2363337 0: 66.99%, 1: 33.01%
CHEMBL2363338 0: 48.11%, 1: 51.89%
CHEMBL2363339 0: 55.26%, 1: 44.74%
CHEMBL2363341 0: 70.75%, 1: 29.25%
CHEMBL2363343 0: 68.63%, 1: 31.37%
CHEMBL2363348 0: 66.32%, 1: 33.68%
CHEMBL2363349 0: 40.59%, 1: 59.41%
CHEMBL2363351 0: 38.64%, 1: 61.36%
CHEMBL2363352 0: 59.80%, 1: 40.20%
CHEMBL2363353 0: 59.41%, 1: 40.59%
CHEMBL2363363 0: 49.00%, 1: 51.00%
CHEMBL2363364 0: 71.70%, 1: 28.30%
CHEMBL2363366 0: 34.00%, 1: 66.00%
CHEMBL2363367 0: 69.52%, 1: 30.48%
CHEMBL2363368 0: 38.95%, 1: 61.05%
CHEMBL2363369 0: 46.94%, 1: 53.06%
CHEMBL2363370 0: 61.68%, 1: 38.32%
CHEMBL2363371 0: 66.29%, 1: 33.71%
CHEMBL2363373 0: 62.75%, 1: 37.25%
CHEMBL2363374 0: 57.55%, 1: 42.45%
CHEMBL2363375 0: 50.00%, 1: 50.00%
CHEMBL2363377 0: 45.00%, 1: 55.00%
CHEMBL2363383 0: 71.84%, 1: 28.16%
CHEMBL2363385 0: 52.43%, 1: 47.57%
CHEMBL2363387 0: 70.54%, 1: 29.46%
CHEMBL2363388 0: 62.89%, 1: 37.11%
CHEMBL2363389 0: 55.14%, 1: 44.86%
CHEMBL2363390 0: 65.74%, 1: 34.26%
CHEMBL2363391 0: 58.00%, 1: 42.00%
CHEMBL2363393 0: 63.74%, 1: 36.26%
CHEMBL2363395 0: 70.65%, 1: 29.35%
CHEMBL2363397 0: 42.86%, 1: 57.14%
CHEMBL2363403 0: 55.00%, 1: 45.00%
CHEMBL2363414 0: 42.11%, 1: 57.89%
CHEMBL2363420 0: 53.26%, 1: 46.74%
CHEMBL2363421 0: 83.78%, 1: 16.22%
CHEMBL2363425 0: 58.59%, 1: 41.41%
CHEMBL2363426 0: 50.57%, 1: 49.43%
CHEMBL2363432 0: 40.00%, 1: 60.00%
CHEMBL2363433 0: 54.37%, 1: 45.63%
CHEMBL2363434 0: 65.96%, 1: 34.04%
CHEMBL2363435 0: 60.82%, 1: 39.18%
CHEMBL2363437 0: 44.57%, 1: 55.43%
CHEMBL2363438 0: 47.25%, 1: 52.75%
CHEMBL2363440 0: 60.00%, 1: 40.00%
CHEMBL2363442 0: 62.92%, 1: 37.08%
CHEMBL2363443 0: 72.32%, 1: 27.68%
CHEMBL2363444 0: 24.00%, 1: 76.00%
CHEMBL2363445 0: 53.68%, 1: 46.32%
CHEMBL2363446 0: 54.64%, 1: 45.36%
CHEMBL2363447 0: 62.73%, 1: 37.27%
CHEMBL2363449 0: 84.47%, 1: 15.53%
CHEMBL2363452 0: 61.00%, 1: 39.00%
CHEMBL2363453 0: 67.44%, 1: 32.56%
CHEMBL2363454 0: 58.00%, 1: 42.00%
CHEMBL2363457 0: 58.25%, 1: 41.75%
CHEMBL2363458 0: 65.74%, 1: 34.26%
CHEMBL2363459 0: 48.15%, 1: 51.85%
CHEMBL2363464 0: 67.68%, 1: 32.32%
CHEMBL2363465 0: 69.61%, 1: 30.39%
CHEMBL2363467 0: 59.52%, 1: 40.48%
CHEMBL2363468 0: 66.67%, 1: 33.33%
CHEMBL2363469 0: 52.53%, 1: 47.47%
CHEMBL2363470 0: 77.48%, 1: 22.52%
CHEMBL2363477 0: 62.38%, 1: 37.62%
CHEMBL2363480 0: 52.08%, 1: 47.92%
CHEMBL2363481 0: 70.71%, 1: 29.29%
CHEMBL2363489 0: 61.54%, 1: 38.46%
CHEMBL2363492 0: 85.32%, 1: 14.68%
CHEMBL2363504 0: 59.80%, 1: 40.20%
CHEMBL2363507 0: 65.05%, 1: 34.95%
CHEMBL2363514 0: 75.00%, 1: 25.00%
CHEMBL2363516 0: 69.16%, 1: 30.84%
CHEMBL2363529 0: 71.70%, 1: 28.30%
CHEMBL2363531 0: 63.10%, 1: 36.90%
CHEMBL2363535 0: 55.10%, 1: 44.90%
CHEMBL2363541 0: 65.96%, 1: 34.04%
CHEMBL2363544 0: 60.82%, 1: 39.18%
CHEMBL2363546 0: 53.85%, 1: 46.15%
CHEMBL2363549 0: 73.40%, 1: 26.60%
CHEMBL2363552 0: 68.35%, 1: 31.65%
CHEMBL2363553 0: 47.42%, 1: 52.58%
CHEMBL2363555 0: 65.71%, 1: 34.29%
CHEMBL2363556 0: 52.53%, 1: 47.47%
CHEMBL2363557 0: 60.75%, 1: 39.25%
CHEMBL2363558 0: 34.95%, 1: 65.05%
CHEMBL2363559 0: 56.25%, 1: 43.75%
CHEMBL2363560 0: 56.57%, 1: 43.43%
CHEMBL2363561 0: 33.71%, 1: 66.29%
CHEMBL2363562 0: 48.04%, 1: 51.96%
CHEMBL2363568 0: 56.67%, 1: 43.33%
CHEMBL2363569 0: 52.43%, 1: 47.57%
CHEMBL2363572 0: 66.67%, 1: 33.33%
CHEMBL2363573 0: 52.34%, 1: 47.66%
CHEMBL2363575 0: 47.52%, 1: 52.48%
CHEMBL2363577 0: 54.55%, 1: 45.45%
CHEMBL2363581 0: 62.11%, 1: 37.89%
CHEMBL2363592 0: 51.72%, 1: 48.28%
CHEMBL2363593 0: 34.44%, 1: 65.56%
CHEMBL2363594 0: 73.63%, 1: 26.37%
CHEMBL2363599 0: 66.09%, 1: 33.91%
CHEMBL2363601 0: 48.62%, 1: 51.38%
CHEMBL2363609 0: 53.76%, 1: 46.24%
CHEMBL2363611 0: 71.96%, 1: 28.04%
CHEMBL2363612 0: 35.23%, 1: 64.77%
CHEMBL2363616 0: 55.14%, 1: 44.86%
CHEMBL2363618 0: 47.83%, 1: 52.17%
CHEMBL2363621 0: 58.95%, 1: 41.05%
CHEMBL2363623 0: 65.05%, 1: 34.95%
CHEMBL2363628 0: 81.25%, 1: 18.75%
CHEMBL2363630 0: 50.00%, 1: 50.00%
CHEMBL2363631 0: 54.26%, 1: 45.74%
CHEMBL2363633 0: 57.58%, 1: 42.42%
CHEMBL2363634 0: 49.07%, 1: 50.93%
CHEMBL2363635 0: 78.50%, 1: 21.50%
CHEMBL2363639 0: 53.77%, 1: 46.23%
CHEMBL2363642 0: 56.18%, 1: 43.82%
CHEMBL2363644 0: 75.76%, 1: 24.24%
CHEMBL2363645 0: 63.21%, 1: 36.79%
CHEMBL2363655 0: 55.66%, 1: 44.34%
CHEMBL2363656 0: 74.04%, 1: 25.96%
CHEMBL2363657 0: 39.78%, 1: 60.22%
CHEMBL2363659 0: 53.76%, 1: 46.24%
CHEMBL2363660 0: 53.40%, 1: 46.60%
CHEMBL2363664 0: 60.58%, 1: 39.42%
CHEMBL2363671 0: 60.22%, 1: 39.78%
CHEMBL2363688 0: 79.82%, 1: 20.18%
CHEMBL2363692 0: 53.64%, 1: 46.36%
CHEMBL2363695 0: 46.73%, 1: 53.27%
CHEMBL2363696 0: 55.67%, 1: 44.33%
CHEMBL2363697 0: 37.93%, 1: 62.07%
CHEMBL2363707 0: 54.26%, 1: 45.74%
CHEMBL2363713 0: 30.85%, 1: 69.15%
CHEMBL2363716 0: 51.55%, 1: 48.45%
CHEMBL2363719 0: 41.00%, 1: 59.00%
CHEMBL2363723 0: 64.10%, 1: 35.90%
CHEMBL2363725 0: 46.15%, 1: 53.85%
CHEMBL2363727 0: 52.63%, 1: 47.37%
CHEMBL2363728 0: 45.71%, 1: 54.29%
CHEMBL2363731 0: 67.96%, 1: 32.04%
CHEMBL2363734 0: 52.87%, 1: 47.13%
CHEMBL2363737 0: 42.86%, 1: 57.14%
CHEMBL2363739 0: 37.08%, 1: 62.92%
CHEMBL2363740 0: 70.19%, 1: 29.81%
CHEMBL2363743 0: 55.77%, 1: 44.23%
CHEMBL2363747 0: 41.67%, 1: 58.33%
CHEMBL2363748 0: 67.01%, 1: 32.99%
CHEMBL2363749 0: 48.45%, 1: 51.55%
CHEMBL2363753 0: 47.47%, 1: 52.53%
CHEMBL2363764 0: 73.21%, 1: 26.79%
CHEMBL2363766 0: 32.67%, 1: 67.33%
CHEMBL2363767 0: 55.79%, 1: 44.21%
CHEMBL2363771 0: 60.19%, 1: 39.81%
CHEMBL2363774 0: 76.92%, 1: 23.08%
CHEMBL2363788 0: 53.61%, 1: 46.39%
CHEMBL2363789 0: 51.96%, 1: 48.04%
CHEMBL2363790 0: 42.11%, 1: 57.89%
CHEMBL2363793 0: 64.95%, 1: 35.05%
CHEMBL2363794 0: 66.02%, 1: 33.98%
CHEMBL2363795 0: 45.71%, 1: 54.29%
CHEMBL2363796 0: 57.89%, 1: 42.11%
CHEMBL2363798 0: 67.00%, 1: 33.00%
CHEMBL2363799 0: 57.89%, 1: 42.11%
CHEMBL2363800 0: 63.29%, 1: 36.71%
CHEMBL2363803 0: 50.49%, 1: 49.51%
CHEMBL2363809 0: 65.38%, 1: 34.62%
CHEMBL2363811 0: 73.53%, 1: 26.47%
CHEMBL2363814 0: 63.92%, 1: 36.08%
CHEMBL2363820 0: 47.12%, 1: 52.88%
CHEMBL2363830 0: 65.69%, 1: 34.31%
CHEMBL2363831 0: 70.10%, 1: 29.90%
CHEMBL2363834 0: 64.65%, 1: 35.35%
CHEMBL2363836 0: 58.00%, 1: 42.00%
CHEMBL2363839 0: 50.00%, 1: 50.00%
CHEMBL2363846 0: 65.98%, 1: 34.02%
CHEMBL2363847 0: 68.81%, 1: 31.19%
CHEMBL2363851 0: 57.47%, 1: 42.53%
CHEMBL3079731 0: 11.76%, 1: 88.24%
CHEMBL3111191 0: 87.27%, 1: 12.73%
CHEMBL3111192 0: 90.00%, 1: 10.00%
CHEMBL3111194 0: 87.27%, 1: 12.73%
CHEMBL3111195 0: 74.55%, 1: 25.45%
CHEMBL3111197 0: 87.27%, 1: 12.73%
CHEMBL3111198 0: 74.55%, 1: 25.45%
CHEMBL3214782 0: 16.53%, 1: 83.47%
CHEMBL3214806 0: 9.62%, 1: 90.38%
CHEMBL3214828 0: 52.68%, 1: 47.32%
CHEMBL3214965 0: 62.10%, 1: 37.90%
CHEMBL3214981 0: 10.62%, 1: 89.38%
CHEMBL3215132 0: 12.28%, 1: 87.72%
CHEMBL3215144 0: 18.35%, 1: 81.65%
CHEMBL3215266 0: 9.17%, 1: 90.83%
CHEMBL618396 0: 13.51%, 1: 86.49%
CHEMBL641707 0: 64.29%, 1: 35.71%
CHEMBL648337 0: 25.86%, 1: 74.14%
CHEMBL653167 0: 11.76%, 1: 88.24%
CHEMBL663474 0: 14.74%, 1: 85.26%
CHEMBL681296 0: 5.56%, 1: 94.44%
CHEMBL687330 0: 52.70%, 1: 47.30%
CHEMBL698689 0: 6.48%, 1: 93.52%
CHEMBL763093 0: 26.53%, 1: 73.47%
CHEMBL772766 0: 71.25%, 1: 28.75%
CHEMBL806152 0: 48.08%, 1: 51.92%
CHEMBL856174 0: 2.44%, 1: 97.56%
CHEMBL864855 0: 8.99%, 1: 91.01%
CHEMBL872182 0: 63.29%, 1: 36.71%
CHEMBL938648 0: 14.42%, 1: 85.58%
Total size = 9,964 | train size = 7,971 | val size = 996 | test size = 997
Building model 0
MoleculeModel(
  (sigmoid): Sigmoid()
  (encoder): MPN(
    (encoder): MPNEncoder()
  )
  (ffn): Sequential(
    (0): Linear(in_features=2048, out_features=300, bias=True)
    (1): ReLU()
    (2): Dropout(p=0.2, inplace=False)
    (3): Linear(in_features=300, out_features=397, bias=True)
  )
)
Number of parameters = 734,197
Moving model to cuda
  0% 0/30 [00:00<?, ?it/s]Epoch 0

  0% 0/160 [00:00<?, ?it/s][A
  1% 1/160 [00:00<01:04,  2.46it/s][A
  2% 3/160 [00:00<00:48,  3.24it/s][A
  3% 5/160 [00:00<00:36,  4.22it/s][A
  4% 7/160 [00:00<00:28,  5.32it/s][A
  6% 9/160 [00:00<00:23,  6.54it/s][ALoss = 1.3893e-02, PNorm = 29.3928, GNorm = 0.3453, lr_0 = 1.3113e-04

  7% 11/160 [00:01<00:29,  5.05it/s][A
  8% 13/160 [00:01<00:23,  6.20it/s][A
  9% 15/160 [00:01<00:20,  7.09it/s][A
 11% 17/160 [00:02<00:19,  7.31it/s][A
 12% 19/160 [00:02<00:17,  8.28it/s][ALoss = 1.3685e-02, PNorm = 29.3955, GNorm = 0.3693, lr_0 = 1.5943e-04

 13% 21/160 [00:02<00:14,  9.38it/s][A
 14% 23/160 [00:02<00:13, 10.34it/s][A
 16% 25/160 [00:03<00:18,  7.14it/s][A
 17% 27/160 [00:03<00:16,  8.22it/s][A
 18% 29/160 [00:03<00:14,  9.22it/s][ALoss = 1.3606e-02, PNorm = 29.4005, GNorm = 0.3542, lr_0 = 1.8774e-04

 19% 31/160 [00:03<00:12, 10.11it/s][A
 21% 33/160 [00:03<00:12, 10.31it/s][A
 22% 35/160 [00:04<00:13,  9.44it/s][A
 23% 37/160 [00:04<00:14,  8.73it/s][A
 24% 38/160 [00:04<00:14,  8.15it/s][A
 24% 39/160 [00:05<00:30,  4.00it/s][ALoss = 1.3442e-02, PNorm = 29.4082, GNorm = 0.3368, lr_0 = 2.1604e-04

 25% 40/160 [00:05<00:25,  4.63it/s][A
 26% 41/160 [00:05<00:23,  5.08it/s][A
 26% 42/160 [00:05<00:20,  5.65it/s][A
 27% 43/160 [00:05<00:19,  6.11it/s][A
 28% 44/160 [00:05<00:17,  6.49it/s][A
 28% 45/160 [00:05<00:16,  6.85it/s][A
 29% 46/160 [00:05<00:16,  6.81it/s][A
 29% 47/160 [00:06<00:16,  6.85it/s][A
 31% 49/160 [00:06<00:13,  8.07it/s][ALoss = 1.3602e-02, PNorm = 29.4183, GNorm = 0.2205, lr_0 = 2.4434e-04

 32% 51/160 [00:06<00:12,  8.48it/s][A
 33% 53/160 [00:06<00:11,  9.28it/s][A
 34% 55/160 [00:06<00:12,  8.64it/s][A
 35% 56/160 [00:07<00:13,  7.89it/s][A
 36% 57/160 [00:07<00:13,  7.64it/s][A
 36% 58/160 [00:07<00:28,  3.58it/s][A
 37% 59/160 [00:08<00:33,  2.98it/s][ALoss = 1.3586e-02, PNorm = 29.4267, GNorm = 0.3380, lr_0 = 2.7264e-04

 38% 61/160 [00:08<00:25,  3.87it/s][A
 39% 63/160 [00:08<00:19,  4.99it/s][A
 41% 65/160 [00:08<00:15,  6.24it/s][A
 42% 67/160 [00:08<00:13,  6.91it/s][A
 43% 69/160 [00:09<00:11,  8.20it/s][ALoss = 1.2958e-02, PNorm = 29.4420, GNorm = 0.3398, lr_0 = 3.0094e-04

 44% 71/160 [00:09<00:11,  7.85it/s][A
 46% 73/160 [00:09<00:11,  7.80it/s][A
 46% 74/160 [00:09<00:11,  7.36it/s][A
 47% 75/160 [00:09<00:11,  7.48it/s][A
 48% 76/160 [00:10<00:11,  7.52it/s][A
 49% 78/160 [00:10<00:18,  4.45it/s][ALoss = 1.2929e-02, PNorm = 29.4649, GNorm = 0.3260, lr_0 = 3.2925e-04

 50% 80/160 [00:11<00:14,  5.58it/s][A
 51% 81/160 [00:11<00:26,  3.02it/s][A
 51% 82/160 [00:11<00:21,  3.65it/s][A
 52% 83/160 [00:11<00:18,  4.28it/s][A
 52% 84/160 [00:12<00:15,  4.85it/s][A
 53% 85/160 [00:12<00:14,  5.32it/s][A
 54% 86/160 [00:12<00:12,  5.78it/s][A
 55% 88/160 [00:12<00:10,  6.83it/s][ALoss = 1.2540e-02, PNorm = 29.4955, GNorm = 0.3926, lr_0 = 3.5755e-04

 56% 90/160 [00:12<00:08,  8.06it/s][A
 57% 92/160 [00:12<00:07,  9.35it/s][A
 59% 94/160 [00:13<00:06, 10.54it/s][A
 60% 96/160 [00:13<00:05, 11.21it/s][A
 61% 98/160 [00:13<00:05, 11.97it/s][ALoss = 1.2837e-02, PNorm = 29.5284, GNorm = 0.3839, lr_0 = 3.8585e-04

 62% 100/160 [00:13<00:04, 12.29it/s][A
 64% 102/160 [00:13<00:04, 12.52it/s][A
 65% 104/160 [00:13<00:04, 12.70it/s][A
 66% 106/160 [00:13<00:04, 12.77it/s][A
 68% 108/160 [00:14<00:03, 13.13it/s][ALoss = 1.2493e-02, PNorm = 29.5664, GNorm = 0.1656, lr_0 = 4.1415e-04

 69% 110/160 [00:14<00:08,  5.63it/s][A
 70% 112/160 [00:15<00:06,  6.87it/s][A
 71% 114/160 [00:15<00:05,  8.10it/s][A
 72% 116/160 [00:15<00:04,  9.29it/s][A
 74% 118/160 [00:15<00:04, 10.42it/s][ALoss = 1.2035e-02, PNorm = 29.6096, GNorm = 0.3918, lr_0 = 4.4245e-04

 75% 120/160 [00:15<00:03, 11.39it/s][A
 76% 122/160 [00:15<00:03, 12.21it/s][A
 78% 124/160 [00:16<00:04,  7.92it/s][A
 79% 126/160 [00:16<00:03,  8.93it/s][A
 80% 128/160 [00:16<00:03, 10.17it/s][ALoss = 1.1884e-02, PNorm = 29.6669, GNorm = 0.3744, lr_0 = 4.7075e-04

 81% 130/160 [00:16<00:03,  9.78it/s][A
 82% 132/160 [00:16<00:02, 10.47it/s][A
 84% 134/160 [00:16<00:02, 11.30it/s][A
 85% 136/160 [00:17<00:02, 11.94it/s][A
 86% 138/160 [00:17<00:01, 12.27it/s][ALoss = 1.0949e-02, PNorm = 29.7348, GNorm = 0.3474, lr_0 = 4.9906e-04

 88% 140/160 [00:17<00:01, 12.58it/s][A
 89% 142/160 [00:17<00:01, 10.95it/s][A
 90% 144/160 [00:17<00:01, 11.51it/s][A
 91% 146/160 [00:19<00:03,  3.85it/s][A
 92% 148/160 [00:19<00:02,  4.94it/s][ALoss = 1.0861e-02, PNorm = 29.8152, GNorm = 0.3820, lr_0 = 5.2736e-04

 94% 150/160 [00:19<00:01,  6.14it/s][A
 95% 152/160 [00:19<00:01,  7.47it/s][A
 96% 154/160 [00:19<00:00,  8.72it/s][A
 98% 156/160 [00:19<00:00,  9.92it/s][A
 99% 158/160 [00:19<00:00, 11.05it/s][A100% 160/160 [00:20<00:00,  7.97it/s]

  0% 0/20 [00:00<?, ?it/s][A
 10% 2/20 [00:00<00:01, 14.90it/s][A
 20% 4/20 [00:00<00:01, 14.96it/s][A
 30% 6/20 [00:00<00:00, 14.96it/s][A
 40% 8/20 [00:00<00:00, 14.99it/s][A
 50% 10/20 [00:00<00:00, 15.27it/s][A
 60% 12/20 [00:00<00:00, 15.12it/s][A
 70% 14/20 [00:00<00:00, 15.29it/s][A
 80% 16/20 [00:01<00:00, 15.52it/s][A
 90% 18/20 [00:01<00:00, 15.51it/s][A
100% 20/20 [00:01<00:00, 15.59it/s][A100% 20/20 [00:01<00:00, 15.37it/s]
Warning: Found a task with targets all 0s or all 1s
Warning: Found a task with targets all 0s or all 1s
Warning: Found a task with targets all 0s or all 1s
Warning: Found a task with targets all 0s or all 1s
Warning: Found a task with targets all 0s or all 1s
Warning: Found a task with targets all 0s or all 1s
Warning: Found a task with targets all 0s or all 1s
Warning: Found a task with targets all 0s or all 1s
Warning: Found a task with targets all 0s or all 1s
Warning: Found a task with targets all 0s or all 1s
Warning: Found a task with targets all 0s or all 1s
Warning: Found a task with targets all 0s or all 1s
Warning: Found a task with targets all 0s or all 1s
Warning: Found a task with targets all 0s or all 1s
Warning: Found a task with targets all 0s or all 1s
Warning: Found a task with targets all 0s or all 1s
Warning: Found a task with targets all 0s or all 1s
Warning: Found a task with targets all 0s or all 1s
Warning: Found a task with targets all 0s or all 1s
Warning: Found a task with targets all 0s or all 1s
Warning: Found a task with targets all 0s or all 1s
Warning: Found a task with targets all 0s or all 1s
Warning: Found a task with targets all 0s or all 1s
Warning: Found a task with targets all 0s or all 1s
Warning: Found a task with targets all 0s or all 1s
Warning: Found a task with targets all 0s or all 1s
Warning: Found a task with targets all 0s or all 1s
Warning: Found a task with targets all 0s or all 1s
Warning: Found a task with targets all 0s or all 1s
Warning: Found a task with targets all 0s or all 1s
Warning: Found a task with targets all 0s or all 1s
Warning: Found a task with targets all 0s or all 1s
Warning: Found a task with targets all 0s or all 1s
Warning: Found a task with targets all 0s or all 1s
Warning: Found a task with targets all 0s or all 1s
Warning: Found a task with targets all 0s or all 1s
Validation auc = 0.568240
  3% 1/30 [00:21<10:31, 21.76s/it]Epoch 1

  0% 0/160 [00:00<?, ?it/s][ALoss = 1.0580e-02, PNorm = 29.8797, GNorm = 0.4355, lr_0 = 5.5849e-04

  4% 6/160 [00:00<00:02, 51.91it/s][A
  5% 8/160 [00:00<00:04, 34.81it/s][ALoss = 1.1159e-02, PNorm = 29.9578, GNorm = 0.2838, lr_0 = 5.8679e-04

  9% 14/160 [00:00<00:03, 38.65it/s][A
 12% 19/160 [00:00<00:03, 41.09it/s][ALoss = 1.0465e-02, PNorm = 30.0343, GNorm = 0.3551, lr_0 = 6.1509e-04

 15% 24/160 [00:00<00:03, 42.11it/s][A
 18% 29/160 [00:00<00:02, 44.09it/s][ALoss = 1.0579e-02, PNorm = 30.1316, GNorm = 0.2946, lr_0 = 6.4340e-04

 22% 35/160 [00:00<00:02, 46.41it/s][ALoss = 1.0300e-02, PNorm = 30.2366, GNorm = 0.3006, lr_0 = 6.7170e-04

 26% 41/160 [00:00<00:02, 47.66it/s][A
 29% 46/160 [00:00<00:02, 48.10it/s][ALoss = 1.0693e-02, PNorm = 30.3497, GNorm = 0.2901, lr_0 = 7.0000e-04

 32% 51/160 [00:01<00:02, 47.90it/s][A
 35% 56/160 [00:01<00:02, 40.55it/s][ALoss = 1.0658e-02, PNorm = 30.4553, GNorm = 0.4420, lr_0 = 7.2830e-04

 39% 62/160 [00:01<00:02, 43.46it/s][A
 42% 68/160 [00:01<00:02, 45.52it/s][ALoss = 9.5015e-03, PNorm = 30.5811, GNorm = 0.3160, lr_0 = 7.5660e-04

 46% 74/160 [00:01<00:01, 47.23it/s][A
 50% 80/160 [00:01<00:01, 48.57it/s][ALoss = 1.2202e-02, PNorm = 30.7090, GNorm = 0.8052, lr_0 = 7.8491e-04

 53% 85/160 [00:01<00:02, 33.47it/s][ALoss = 9.9368e-03, PNorm = 30.7913, GNorm = 0.4822, lr_0 = 8.1321e-04

 57% 91/160 [00:02<00:01, 37.35it/s][A
 61% 97/160 [00:02<00:01, 40.81it/s][ALoss = 9.3782e-03, PNorm = 30.9341, GNorm = 0.3955, lr_0 = 8.4151e-04

 64% 102/160 [00:02<00:01, 42.88it/s][A
 68% 108/160 [00:02<00:01, 45.59it/s][ALoss = 1.1356e-02, PNorm = 31.0827, GNorm = 0.3310, lr_0 = 8.6981e-04

 71% 113/160 [00:02<00:01, 46.30it/s][A
 74% 119/160 [00:02<00:00, 47.78it/s][ALoss = 9.6674e-03, PNorm = 31.2350, GNorm = 0.4335, lr_0 = 8.9811e-04

 78% 124/160 [00:02<00:00, 48.12it/s][A
 81% 130/160 [00:02<00:00, 48.84it/s][ALoss = 1.0160e-02, PNorm = 31.3978, GNorm = 0.3404, lr_0 = 9.2642e-04

 84% 135/160 [00:02<00:00, 49.07it/s][A
 88% 140/160 [00:03<00:00, 49.34it/s][ALoss = 9.5011e-03, PNorm = 31.5721, GNorm = 0.3303, lr_0 = 9.5472e-04

 91% 146/160 [00:03<00:00, 50.15it/s][ALoss = 9.5660e-03, PNorm = 31.7744, GNorm = 0.3776, lr_0 = 9.8302e-04

 95% 152/160 [00:04<00:00, 14.40it/s][A
 99% 158/160 [00:04<00:00, 18.36it/s][A100% 160/160 [00:04<00:00, 36.08it/s]

  0% 0/20 [00:00<?, ?it/s][A
 40% 8/20 [00:00<00:00, 73.01it/s][A
 80% 16/20 [00:00<00:00, 72.70it/s][A100% 20/20 [00:00<00:00, 72.73it/s]
Warning: Found a task with targets all 0s or all 1s
Warning: Found a task with targets all 0s or all 1s
Warning: Found a task with targets all 0s or all 1s
Warning: Found a task with targets all 0s or all 1s
Warning: Found a task with targets all 0s or all 1s
Warning: Found a task with targets all 0s or all 1s
Warning: Found a task with targets all 0s or all 1s
Warning: Found a task with targets all 0s or all 1s
Warning: Found a task with targets all 0s or all 1s
Warning: Found a task with targets all 0s or all 1s
Warning: Found a task with targets all 0s or all 1s
Warning: Found a task with targets all 0s or all 1s
Warning: Found a task with targets all 0s or all 1s
Warning: Found a task with targets all 0s or all 1s
Warning: Found a task with targets all 0s or all 1s
Warning: Found a task with targets all 0s or all 1s
Warning: Found a task with targets all 0s or all 1s
Warning: Found a task with targets all 0s or all 1s
Warning: Found a task with targets all 0s or all 1s
Warning: Found a task with targets all 0s or all 1s
Warning: Found a task with targets all 0s or all 1s
Warning: Found a task with targets all 0s or all 1s
Warning: Found a task with targets all 0s or all 1s
Warning: Found a task with targets all 0s or all 1s
Warning: Found a task with targets all 0s or all 1s
Warning: Found a task with targets all 0s or all 1s
Warning: Found a task with targets all 0s or all 1s
Warning: Found a task with targets all 0s or all 1s
Warning: Found a task with targets all 0s or all 1s
Warning: Found a task with targets all 0s or all 1s
Warning: Found a task with targets all 0s or all 1s
Warning: Found a task with targets all 0s or all 1s
Warning: Found a task with targets all 0s or all 1s
Warning: Found a task with targets all 0s or all 1s
Warning: Found a task with targets all 0s or all 1s
Warning: Found a task with targets all 0s or all 1s
Validation auc = 0.631648
  7% 2/30 [00:26<07:49, 16.76s/it]Epoch 2

  0% 0/160 [00:00<?, ?it/s][ALoss = 7.5145e-03, PNorm = 31.9767, GNorm = 0.3336, lr_0 = 9.9742e-04

  4% 6/160 [00:00<00:02, 52.26it/s][ALoss = 7.8021e-03, PNorm = 32.2164, GNorm = 0.3834, lr_0 = 9.9227e-04

  8% 12/160 [00:00<00:02, 52.29it/s][A
 11% 17/160 [00:00<00:02, 49.31it/s][ALoss = 9.0017e-03, PNorm = 32.4898, GNorm = 0.9735, lr_0 = 9.8715e-04

 14% 22/160 [00:00<00:02, 49.47it/s][A
 18% 28/160 [00:00<00:02, 50.34it/s][ALoss = 8.0566e-03, PNorm = 32.7451, GNorm = 0.3548, lr_0 = 9.8206e-04

 21% 34/160 [00:00<00:02, 51.62it/s][A
 25% 40/160 [00:00<00:02, 52.01it/s][ALoss = 7.8588e-03, PNorm = 33.0078, GNorm = 0.4303, lr_0 = 9.7699e-04

 29% 46/160 [00:00<00:02, 52.72it/s][ALoss = 9.0231e-03, PNorm = 33.2605, GNorm = 0.3411, lr_0 = 9.7195e-04

 32% 52/160 [00:01<00:02, 53.17it/s][A
 36% 58/160 [00:01<00:01, 53.57it/s][ALoss = 8.3878e-03, PNorm = 33.4666, GNorm = 0.4241, lr_0 = 9.6694e-04

 40% 64/160 [00:01<00:01, 52.97it/s][A
 44% 70/160 [00:01<00:01, 53.60it/s][ALoss = 8.9646e-03, PNorm = 33.6930, GNorm = 0.4192, lr_0 = 9.6195e-04

 48% 76/160 [00:01<00:01, 53.44it/s][ALoss = 7.4515e-03, PNorm = 33.9360, GNorm = 0.3389, lr_0 = 9.5699e-04

 51% 82/160 [00:01<00:01, 53.14it/s][A
 55% 88/160 [00:01<00:01, 53.99it/s][ALoss = 8.0511e-03, PNorm = 34.2103, GNorm = 0.3848, lr_0 = 9.5205e-04

 59% 94/160 [00:01<00:01, 53.51it/s][A
 62% 100/160 [00:01<00:01, 54.03it/s][ALoss = 7.9081e-03, PNorm = 34.4600, GNorm = 0.6344, lr_0 = 9.4714e-04

 66% 106/160 [00:02<00:01, 53.97it/s][ALoss = 9.0564e-03, PNorm = 34.7035, GNorm = 0.4259, lr_0 = 9.4226e-04

 70% 112/160 [00:02<00:00, 54.47it/s][A
 74% 118/160 [00:02<00:00, 53.93it/s][ALoss = 8.3599e-03, PNorm = 34.9205, GNorm = 0.4245, lr_0 = 9.3740e-04

 78% 124/160 [00:02<00:00, 53.26it/s][A
 81% 130/160 [00:02<00:00, 46.74it/s][ALoss = 9.0050e-03, PNorm = 35.1254, GNorm = 0.7593, lr_0 = 9.3256e-04

 84% 135/160 [00:02<00:00, 46.63it/s][A
 88% 141/160 [00:02<00:00, 48.02it/s][ALoss = 7.5155e-03, PNorm = 35.3369, GNorm = 0.3907, lr_0 = 9.2775e-04

 92% 147/160 [00:02<00:00, 48.65it/s][ALoss = 7.8753e-03, PNorm = 35.5449, GNorm = 0.5347, lr_0 = 9.2296e-04

 96% 153/160 [00:02<00:00, 49.42it/s][A
 99% 158/160 [00:03<00:00, 48.92it/s][A100% 160/160 [00:03<00:00, 51.56it/s]

  0% 0/20 [00:00<?, ?it/s][A
 40% 8/20 [00:00<00:00, 70.68it/s][A
 80% 16/20 [00:00<00:00, 71.21it/s][A100% 20/20 [00:00<00:00, 72.37it/s]
Warning: Found a task with targets all 0s or all 1s
Warning: Found a task with targets all 0s or all 1s
Warning: Found a task with targets all 0s or all 1s
Warning: Found a task with targets all 0s or all 1s
Warning: Found a task with targets all 0s or all 1s
Warning: Found a task with targets all 0s or all 1s
Warning: Found a task with targets all 0s or all 1s
Warning: Found a task with targets all 0s or all 1s
Warning: Found a task with targets all 0s or all 1s
Warning: Found a task with targets all 0s or all 1s
Warning: Found a task with targets all 0s or all 1s
Warning: Found a task with targets all 0s or all 1s
Warning: Found a task with targets all 0s or all 1s
Warning: Found a task with targets all 0s or all 1s
Warning: Found a task with targets all 0s or all 1s
Warning: Found a task with targets all 0s or all 1s
Warning: Found a task with targets all 0s or all 1s
Warning: Found a task with targets all 0s or all 1s
Warning: Found a task with targets all 0s or all 1s
Warning: Found a task with targets all 0s or all 1s
Warning: Found a task with targets all 0s or all 1s
Warning: Found a task with targets all 0s or all 1s
Warning: Found a task with targets all 0s or all 1s
Warning: Found a task with targets all 0s or all 1s
Warning: Found a task with targets all 0s or all 1s
Warning: Found a task with targets all 0s or all 1s
Warning: Found a task with targets all 0s or all 1s
Warning: Found a task with targets all 0s or all 1s
Warning: Found a task with targets all 0s or all 1s
Warning: Found a task with targets all 0s or all 1s
Warning: Found a task with targets all 0s or all 1s
Warning: Found a task with targets all 0s or all 1s
Warning: Found a task with targets all 0s or all 1s
Warning: Found a task with targets all 0s or all 1s
Warning: Found a task with targets all 0s or all 1s
Warning: Found a task with targets all 0s or all 1s
Validation auc = 0.656483
 10% 3/30 [00:30<05:47, 12.86s/it]Epoch 3

  0% 0/160 [00:00<?, ?it/s][ALoss = 6.4727e-03, PNorm = 35.7518, GNorm = 0.3371, lr_0 = 9.1820e-04

  3% 5/160 [00:00<00:03, 42.95it/s][A
  6% 10/160 [00:00<00:03, 43.85it/s][ALoss = 6.3241e-03, PNorm = 35.9742, GNorm = 0.5325, lr_0 = 9.1346e-04

  9% 15/160 [00:00<00:03, 45.13it/s][A
 12% 20/160 [00:00<00:03, 45.78it/s][ALoss = 6.2247e-03, PNorm = 36.2074, GNorm = 0.1812, lr_0 = 9.0875e-04

 16% 25/160 [00:00<00:02, 46.17it/s][A
 19% 30/160 [00:00<00:02, 46.35it/s][ALoss = 6.1291e-03, PNorm = 36.4374, GNorm = 0.3116, lr_0 = 9.0406e-04

 22% 35/160 [00:00<00:02, 45.06it/s][A
 25% 40/160 [00:00<00:03, 38.34it/s][ALoss = 6.2922e-03, PNorm = 36.6723, GNorm = 0.3432, lr_0 = 8.9940e-04

 28% 45/160 [00:01<00:02, 40.35it/s][A
 31% 50/160 [00:01<00:02, 41.45it/s][ALoss = 6.4003e-03, PNorm = 36.8936, GNorm = 0.4432, lr_0 = 8.9476e-04

 34% 55/160 [00:01<00:02, 42.71it/s][A
 38% 60/160 [00:01<00:02, 38.95it/s][ALoss = 5.1527e-03, PNorm = 37.1134, GNorm = 0.3337, lr_0 = 8.9015e-04

 41% 65/160 [00:01<00:02, 40.06it/s][A
 44% 70/160 [00:01<00:02, 41.91it/s][ALoss = 6.3103e-03, PNorm = 37.3224, GNorm = 0.3143, lr_0 = 8.8555e-04

 47% 75/160 [00:01<00:01, 43.07it/s][A
 50% 80/160 [00:01<00:01, 44.42it/s][ALoss = 5.3855e-03, PNorm = 37.5497, GNorm = 0.1717, lr_0 = 8.8099e-04

 53% 85/160 [00:01<00:01, 44.43it/s][A
 56% 90/160 [00:02<00:01, 45.30it/s][ALoss = 4.9493e-03, PNorm = 37.7628, GNorm = 0.3806, lr_0 = 8.7644e-04

 59% 95/160 [00:02<00:01, 44.61it/s][A
 62% 100/160 [00:02<00:01, 45.39it/s][ALoss = 5.7676e-03, PNorm = 37.9562, GNorm = 0.3819, lr_0 = 8.7192e-04

 66% 105/160 [00:02<00:01, 46.02it/s][A
 69% 110/160 [00:02<00:01, 44.37it/s][ALoss = 5.7081e-03, PNorm = 38.1434, GNorm = 0.4217, lr_0 = 8.6742e-04

 72% 115/160 [00:02<00:01, 44.46it/s][A
 75% 120/160 [00:02<00:00, 44.89it/s][ALoss = 6.3244e-03, PNorm = 38.3297, GNorm = 0.4127, lr_0 = 8.6295e-04

 78% 125/160 [00:02<00:00, 45.53it/s][A
 81% 130/160 [00:03<00:00, 39.80it/s][ALoss = 5.6676e-03, PNorm = 38.5324, GNorm = 0.3110, lr_0 = 8.5849e-04

 84% 135/160 [00:03<00:00, 38.45it/s][A
 87% 139/160 [00:03<00:00, 29.71it/s][ALoss = 5.5881e-03, PNorm = 38.7449, GNorm = 0.3289, lr_0 = 8.5407e-04

 89% 143/160 [00:03<00:00, 30.31it/s][A
 92% 148/160 [00:03<00:00, 33.94it/s][ALoss = 6.0061e-03, PNorm = 38.9390, GNorm = 0.3962, lr_0 = 8.4966e-04

 95% 152/160 [00:03<00:00, 24.85it/s][A
 98% 156/160 [00:04<00:00, 24.39it/s][A
 99% 159/160 [00:04<00:00, 23.43it/s][A100% 160/160 [00:04<00:00, 38.17it/s]

  0% 0/20 [00:00<?, ?it/s][A
 15% 3/20 [00:00<00:00, 27.95it/s][A
 25% 5/20 [00:00<00:00, 24.97it/s][A
 40% 8/20 [00:00<00:00, 24.08it/s][A
 55% 11/20 [00:00<00:00, 24.17it/s][A
 70% 14/20 [00:00<00:00, 24.71it/s][A
 85% 17/20 [00:00<00:00, 25.43it/s][A
100% 20/20 [00:00<00:00, 26.10it/s][A100% 20/20 [00:00<00:00, 25.05it/s]
Warning: Found a task with targets all 0s or all 1s
Warning: Found a task with targets all 0s or all 1s
Warning: Found a task with targets all 0s or all 1s
Warning: Found a task with targets all 0s or all 1s
