wandb: Tracking run with wandb version 0.9.3
wandb: Run data is saved locally in wandb/run-20200723_095730-3pcdow53
wandb: Syncing run less_512_random_split
wandb: ⭐️ View project at https://app.wandb.ai/apappu97/molecule-metalearning-chemprop
wandb: 🚀 View run at https://app.wandb.ai/apappu97/molecule-metalearning-chemprop/runs/3pcdow53
wandb: Run `wandb off` to turn off syncing.

Fold 0
Command line
python chemprop/train.py --data_path filtered_chembl/chembl_less_512_instances.csv --dataset_type classification --split_type random --features_only --features_generator morgan --dropout 0.2 --epochs 30 --num_workers 0 --results_save_dir results/motivational/morgan/ --experiment_name less_512_random_split
Args
{'ANIL': False,
 'FO_MAML': False,
 'activation': 'ReLU',
 'atom_messages': False,
 'batch_size': 50,
 'bias': False,
 'cache_cutoff': 10000,
 'checkpoint_dir': None,
 'checkpoint_path': None,
 'checkpoint_paths': None,
 'chembl_assay_metadata_pickle_path': None,
 'class_balance': False,
 'config_path': None,
 'crossval_index_dir': None,
 'crossval_index_file': None,
 'crossval_index_sets': None,
 'data_path': 'filtered_chembl/chembl_less_512_instances.csv',
 'dataset_type': 'classification',
 'depth': 3,
 'dropout': 0.2,
 'dummy': False,
 'ensemble_size': 1,
 'epochs': 30,
 'experiment_name': 'less_512_random_split',
 'features_generator': ['morgan'],
 'features_only': True,
 'features_path': None,
 'features_size': None,
 'ffn_hidden_size': 300,
 'ffn_num_layers': 2,
 'final_lr': 0.0001,
 'folds_file': None,
 'gpu': None,
 'hidden_size': 300,
 'init_lr': 0.0001,
 'inner_loop_lr': 0.05,
 'log_frequency': 10,
 'max_data_size': None,
 'max_lr': 0.001,
 'meta_batch_size': 3,
 'meta_learning': False,
 'meta_test_epochs': 20,
 'meta_test_lr': 0.001,
 'meta_test_split_sizes': (0.8, 0.1, 0.1),
 'meta_train_split_sizes': (0.8, 0.2, 0),
 'metric': 'auc',
 'minimize_score': False,
 'multiclass_num_classes': 3,
 'no_cuda': False,
 'no_features_scaling': False,
 'num_folds': 1,
 'num_inner_gradient_steps': 2,
 'num_lrs': 1,
 'num_tasks': None,
 'num_workers': 0,
 'outer_loop_lr': 0.003,
 'pytorch_seed': 0,
 'quiet': False,
 'results_save_dir': 'results/motivational/morgan/',
 'save_dir': '/tmp/2282321.4.gpu.q/tmp98mvd_s1/fold_0',
 'save_smiles_splits': False,
 'seed': 0,
 'separate_test_features_path': None,
 'separate_test_path': None,
 'separate_val_features_path': None,
 'separate_val_path': None,
 'show_individual_scores': False,
 'smiles_column': None,
 'split_sizes': (0.8, 0.1, 0.1),
 'split_type': 'random',
 'target_columns': None,
 'task_names': None,
 'test': False,
 'test_fold_index': None,
 'train_data_size': None,
 'undirected': False,
 'use_input_features': True,
 'val_fold_index': None,
 'warmup_epochs': 2.0}
Loading data
0it [00:00, ?it/s]373it [00:00, 3729.96it/s]796it [00:00, 3865.77it/s]1224it [00:00, 3980.64it/s]1654it [00:00, 4069.94it/s]2048it [00:00, 3978.24it/s]2422it [00:00, 3902.41it/s]2801it [00:00, 3866.41it/s]3181it [00:00, 3844.07it/s]3560it [00:00, 3826.13it/s]3929it [00:01, 3150.65it/s]4310it [00:01, 3321.74it/s]4688it [00:01, 3446.95it/s]5068it [00:01, 3543.52it/s]5448it [00:01, 3615.55it/s]5815it [00:01, 3066.87it/s]6140it [00:01, 3009.17it/s]6517it [00:01, 3162.09it/s]6934it [00:01, 3376.61it/s]7365it [00:02, 3610.40it/s]7807it [00:02, 3819.23it/s]8202it [00:02, 3354.75it/s]8642it [00:02, 3610.65it/s]9037it [00:02, 3705.86it/s]9478it [00:02, 3892.05it/s]9921it [00:02, 4036.95it/s]10363it [00:02, 4144.53it/s]10786it [00:02, 4158.17it/s]11222it [00:03, 4214.70it/s]11648it [00:03, 4110.16it/s]12063it [00:03, 4012.37it/s]12468it [00:03, 3379.53it/s]12839it [00:03, 3466.62it/s]13215it [00:03, 3548.29it/s]13581it [00:03, 3557.59it/s]13958it [00:03, 3616.95it/s]14333it [00:03, 3654.76it/s]14710it [00:03, 3688.11it/s]15088it [00:04, 3712.87it/s]15464it [00:04, 3726.81it/s]15842it [00:04, 3741.28it/s]16219it [00:04, 3749.38it/s]16595it [00:04, 3202.28it/s]16930it [00:05, 1480.64it/s]17309it [00:05, 1811.69it/s]17688it [00:05, 2147.51it/s]18065it [00:05, 2465.78it/s]18441it [00:05, 2726.68it/s]18821it [00:05, 2977.60it/s]19263it [00:05, 3300.63it/s]19709it [00:05, 3579.56it/s]20153it [00:05, 3798.77it/s]20576it [00:05, 3918.60it/s]20993it [00:06, 3509.02it/s]21415it [00:06, 3694.27it/s]21859it [00:06, 3888.78it/s]22279it [00:06, 3976.89it/s]22713it [00:06, 4077.23it/s]23158it [00:06, 4182.16it/s]23603it [00:06, 4257.22it/s]24035it [00:06, 4096.70it/s]24450it [00:06, 4005.33it/s]24855it [00:07, 3943.44it/s]25253it [00:07, 3332.93it/s]25633it [00:07, 3458.93it/s]26013it [00:07, 3553.27it/s]26392it [00:07, 3620.28it/s]26773it [00:07, 3674.61it/s]27146it [00:07, 3656.07it/s]27525it [00:07, 3693.42it/s]27898it [00:07, 3695.02it/s]28277it [00:08, 3722.90it/s]28656it [00:08, 3740.57it/s]29036it [00:08, 3755.71it/s]29413it [00:08, 3215.53it/s]29791it [00:08, 3366.29it/s]30171it [00:08, 3485.03it/s]30550it [00:08, 3569.84it/s]30928it [00:08, 3629.68it/s]31307it [00:08, 3674.64it/s]31679it [00:08, 3654.22it/s]32057it [00:09, 3689.65it/s]32437it [00:09, 3720.95it/s]32816it [00:09, 3740.45it/s]33236it [00:09, 3865.42it/s]33625it [00:09, 3452.57it/s]34070it [00:09, 3700.59it/s]34494it [00:09, 3846.63it/s]34940it [00:09, 4010.65it/s]35361it [00:09, 4066.15it/s]35794it [00:10, 4140.48it/s]36213it [00:10, 4066.11it/s]36663it [00:10, 4186.92it/s]37111it [00:10, 4269.21it/s]37541it [00:10, 4213.02it/s]37965it [00:10, 3473.44it/s]38340it [00:10, 3551.28it/s]38713it [00:10, 3600.60it/s]39086it [00:10, 3637.53it/s]39468it [00:10, 3688.92it/s]39851it [00:11, 3727.43it/s]40233it [00:11, 3753.07it/s]40614it [00:11, 3768.81it/s]40996it [00:11, 3782.65it/s]41378it [00:11, 3792.32it/s]41759it [00:11, 3791.46it/s]42139it [00:11, 3193.64it/s]42516it [00:11, 3345.63it/s]42894it [00:11, 3464.02it/s]43274it [00:12, 3557.70it/s]43655it [00:12, 3628.69it/s]44036it [00:12, 3679.37it/s]44409it [00:12, 3687.41it/s]44789it [00:12, 3720.46it/s]45169it [00:12, 3743.16it/s]45551it [00:12, 3763.42it/s]45933it [00:12, 3779.92it/s]46312it [00:12, 3315.62it/s]46740it [00:13, 3554.78it/s]47189it [00:13, 3791.49it/s]47636it [00:13, 3970.68it/s]48066it [00:13, 4056.38it/s]48494it [00:13, 4120.80it/s]48817it [00:13, 3617.94it/s]
  0% 0/48817 [00:00<?, ?it/s]  0% 138/48817 [00:00<00:35, 1376.23it/s]  1% 287/48817 [00:00<00:34, 1407.40it/s]  1% 424/48817 [00:00<00:34, 1395.82it/s]  1% 569/48817 [00:00<00:34, 1410.38it/s]  1% 709/48817 [00:00<00:34, 1404.98it/s]  2% 838/48817 [00:00<00:35, 1365.45it/s]  2% 968/48817 [00:00<00:35, 1345.01it/s]  2% 1092/48817 [00:00<00:37, 1282.11it/s]  2% 1214/48817 [00:00<00:38, 1236.19it/s]  3% 1340/48817 [00:01<00:38, 1241.48it/s]  3% 1461/48817 [00:01<00:43, 1080.91it/s]  3% 1571/48817 [00:01<00:47, 1002.59it/s]  3% 1695/48817 [00:01<00:44, 1062.23it/s]  4% 1813/48817 [00:01<00:42, 1094.54it/s]  4% 1935/48817 [00:01<00:41, 1128.10it/s]  4% 2073/48817 [00:01<00:39, 1193.40it/s]  5% 2216/48817 [00:01<00:37, 1254.61it/s]  5% 2355/48817 [00:01<00:35, 1290.77it/s]  5% 2495/48817 [00:01<00:35, 1320.92it/s]  5% 2629/48817 [00:02<00:35, 1295.30it/s]  6% 2760/48817 [00:02<00:35, 1294.58it/s]  6% 2904/48817 [00:02<00:34, 1333.51it/s]  6% 3043/48817 [00:02<00:33, 1347.27it/s]  7% 3182/48817 [00:02<00:33, 1358.49it/s]  7% 3326/48817 [00:02<00:32, 1381.61it/s]  7% 3469/48817 [00:02<00:32, 1394.60it/s]  7% 3609/48817 [00:02<00:33, 1356.66it/s]  8% 3746/48817 [00:02<00:34, 1315.83it/s]  8% 3879/48817 [00:03<00:34, 1292.80it/s]  8% 4009/48817 [00:03<00:36, 1229.46it/s]  8% 4133/48817 [00:03<00:46, 951.01it/s]   9% 4239/48817 [00:03<00:46, 950.85it/s]  9% 4364/48817 [00:03<00:43, 1022.98it/s]  9% 4488/48817 [00:03<00:41, 1079.24it/s]  9% 4607/48817 [00:03<00:39, 1108.14it/s] 10% 4728/48817 [00:03<00:38, 1135.22it/s] 10% 4849/48817 [00:03<00:38, 1156.54it/s] 10% 4987/48817 [00:04<00:36, 1215.43it/s] 11% 5135/48817 [00:04<00:34, 1282.15it/s] 11% 5272/48817 [00:04<00:33, 1305.98it/s] 11% 5405/48817 [00:04<00:33, 1309.09it/s] 11% 5538/48817 [00:04<00:33, 1286.80it/s] 12% 5668/48817 [00:04<00:34, 1257.44it/s] 12% 5795/48817 [00:04<00:34, 1231.48it/s] 12% 5919/48817 [00:04<00:35, 1208.29it/s] 12% 6041/48817 [00:04<00:35, 1204.85it/s] 13% 6162/48817 [00:05<00:36, 1171.63it/s] 13% 6280/48817 [00:05<00:37, 1143.72it/s] 13% 6395/48817 [00:05<00:37, 1138.92it/s] 13% 6510/48817 [00:05<00:37, 1129.22it/s] 14% 6626/48817 [00:05<00:37, 1135.57it/s] 14% 6740/48817 [00:05<00:37, 1131.26it/s] 14% 6858/48817 [00:05<00:36, 1145.28it/s] 14% 6973/48817 [00:05<00:36, 1137.70it/s] 15% 7092/48817 [00:05<00:36, 1150.74it/s] 15% 7212/48817 [00:05<00:35, 1164.97it/s] 15% 7331/48817 [00:06<00:35, 1170.97it/s] 15% 7452/48817 [00:06<00:35, 1180.71it/s] 16% 7571/48817 [00:06<00:37, 1103.00it/s] 16% 7683/48817 [00:06<00:38, 1080.83it/s] 16% 7803/48817 [00:06<00:36, 1113.48it/s] 16% 7925/48817 [00:06<00:35, 1140.88it/s] 16% 8050/48817 [00:06<00:34, 1169.79it/s] 17% 8184/48817 [00:06<00:33, 1213.75it/s] 17% 8317/48817 [00:06<00:32, 1246.04it/s] 17% 8449/48817 [00:06<00:31, 1266.66it/s] 18% 8590/48817 [00:07<00:30, 1306.31it/s] 18% 8722/48817 [00:07<00:30, 1302.10it/s] 18% 8853/48817 [00:07<00:31, 1283.05it/s] 18% 8991/48817 [00:07<00:30, 1309.17it/s] 19% 9124/48817 [00:07<00:30, 1313.77it/s] 19% 9265/48817 [00:07<00:29, 1339.45it/s] 19% 9411/48817 [00:07<00:28, 1371.39it/s] 20% 9549/48817 [00:07<00:29, 1314.03it/s] 20% 9682/48817 [00:07<00:30, 1265.01it/s] 20% 9810/48817 [00:08<00:31, 1228.30it/s] 20% 9934/48817 [00:08<00:31, 1215.66it/s] 21% 10057/48817 [00:08<00:32, 1202.76it/s] 21% 10178/48817 [00:08<00:32, 1189.94it/s] 21% 10299/48817 [00:08<00:32, 1193.26it/s] 21% 10419/48817 [00:08<00:32, 1179.22it/s] 22% 10538/48817 [00:08<00:32, 1179.48it/s] 22% 10657/48817 [00:08<00:32, 1178.65it/s] 22% 10776/48817 [00:08<00:32, 1179.92it/s] 22% 10895/48817 [00:08<00:32, 1174.51it/s] 23% 11014/48817 [00:09<00:32, 1176.89it/s] 23% 11132/48817 [00:09<00:32, 1162.58it/s] 23% 11249/48817 [00:09<00:32, 1163.39it/s] 23% 11371/48817 [00:09<00:31, 1177.32it/s] 24% 11489/48817 [00:09<00:31, 1174.40it/s] 24% 11608/48817 [00:09<00:31, 1178.97it/s] 24% 11728/48817 [00:09<00:31, 1185.15it/s] 24% 11847/48817 [00:09<00:31, 1178.69it/s] 25% 11969/48817 [00:09<00:30, 1188.81it/s] 25% 12089/48817 [00:09<00:30, 1191.68it/s] 25% 12210/48817 [00:10<00:30, 1193.98it/s] 25% 12330/48817 [00:10<00:32, 1129.25it/s] 26% 12462/48817 [00:10<00:30, 1179.54it/s] 26% 12592/48817 [00:10<00:29, 1213.01it/s] 26% 12730/48817 [00:10<00:28, 1256.83it/s] 26% 12866/48817 [00:10<00:27, 1284.40it/s] 27% 12999/48817 [00:10<00:27, 1296.68it/s] 27% 13130/48817 [00:10<00:27, 1296.39it/s] 27% 13261/48817 [00:10<00:27, 1284.36it/s] 27% 13393/48817 [00:10<00:27, 1293.83it/s] 28% 13525/48817 [00:11<00:27, 1298.58it/s] 28% 13658/48817 [00:11<00:26, 1305.99it/s] 28% 13789/48817 [00:11<00:27, 1296.75it/s] 29% 13919/48817 [00:11<00:27, 1249.48it/s] 29% 14045/48817 [00:11<00:28, 1218.42it/s] 29% 14168/48817 [00:11<00:28, 1216.76it/s] 29% 14291/48817 [00:11<00:28, 1210.94it/s] 30% 14413/48817 [00:13<02:09, 265.11it/s]  30% 14531/48817 [00:13<01:39, 345.28it/s] 30% 14649/48817 [00:13<01:17, 438.17it/s] 30% 14771/48817 [00:13<01:02, 542.01it/s] 31% 14894/48817 [00:13<00:52, 650.62it/s] 31% 15015/48817 [00:13<00:44, 755.00it/s] 31% 15134/48817 [00:13<00:39, 846.83it/s] 31% 15254/48817 [00:13<00:36, 927.02it/s] 32% 15387/48817 [00:13<00:32, 1018.94it/s] 32% 15532/48817 [00:13<00:29, 1118.48it/s] 32% 15671/48817 [00:14<00:27, 1186.91it/s] 32% 15816/48817 [00:14<00:26, 1254.63it/s] 33% 15959/48817 [00:14<00:25, 1300.90it/s] 33% 16099/48817 [00:14<00:24, 1326.71it/s] 33% 16238/48817 [00:14<00:24, 1339.56it/s] 34% 16382/48817 [00:14<00:23, 1367.84it/s] 34% 16525/48817 [00:14<00:23, 1385.86it/s] 34% 16666/48817 [00:14<00:23, 1386.91it/s] 34% 16807/48817 [00:14<00:23, 1383.24it/s] 35% 16947/48817 [00:14<00:23, 1352.46it/s] 35% 17084/48817 [00:15<00:24, 1308.65it/s] 35% 17216/48817 [00:15<00:24, 1274.21it/s] 36% 17345/48817 [00:15<00:25, 1249.33it/s] 36% 17471/48817 [00:15<00:25, 1222.14it/s] 36% 17594/48817 [00:15<00:25, 1207.77it/s] 36% 17716/48817 [00:15<00:25, 1198.71it/s] 37% 17837/48817 [00:15<00:25, 1193.15it/s] 37% 17957/48817 [00:15<00:25, 1190.19it/s] 37% 18077/48817 [00:15<00:25, 1189.39it/s] 37% 18197/48817 [00:15<00:25, 1183.76it/s] 38% 18319/48817 [00:16<00:25, 1192.81it/s] 38% 18439/48817 [00:16<00:25, 1193.94it/s] 38% 18559/48817 [00:16<00:25, 1187.52it/s] 38% 18679/48817 [00:16<00:25, 1189.55it/s] 39% 18798/48817 [00:16<00:25, 1186.63it/s] 39% 18917/48817 [00:16<00:26, 1144.75it/s] 39% 19032/48817 [00:16<00:32, 910.79it/s]  39% 19131/48817 [00:16<00:38, 777.36it/s] 39% 19229/48817 [00:17<00:35, 828.14it/s] 40% 19374/48817 [00:17<00:30, 950.08it/s] 40% 19514/48817 [00:17<00:27, 1050.24it/s] 40% 19657/48817 [00:17<00:25, 1140.92it/s] 41% 19803/48817 [00:17<00:23, 1219.12it/s] 41% 19949/48817 [00:17<00:22, 1282.16it/s] 41% 20085/48817 [00:17<00:22, 1301.02it/s] 41% 20223/48817 [00:17<00:21, 1322.61it/s] 42% 20365/48817 [00:17<00:21, 1348.19it/s] 42% 20507/48817 [00:17<00:20, 1366.75it/s] 42% 20646/48817 [00:18<00:20, 1373.09it/s] 43% 20785/48817 [00:18<00:21, 1320.22it/s] 43% 20919/48817 [00:18<00:21, 1270.86it/s] 43% 21048/48817 [00:18<00:22, 1253.52it/s] 43% 21175/48817 [00:18<00:22, 1241.57it/s] 44% 21300/48817 [00:18<00:22, 1238.17it/s] 44% 21425/48817 [00:18<00:23, 1185.32it/s] 44% 21545/48817 [00:18<00:26, 1022.75it/s] 44% 21666/48817 [00:18<00:25, 1070.21it/s] 45% 21789/48817 [00:19<00:24, 1113.55it/s] 45% 21922/48817 [00:19<00:22, 1169.55it/s] 45% 22057/48817 [00:19<00:21, 1217.09it/s] 45% 22196/48817 [00:19<00:21, 1262.05it/s] 46% 22336/48817 [00:19<00:20, 1298.52it/s] 46% 22481/48817 [00:19<00:19, 1340.38it/s] 46% 22617/48817 [00:19<00:19, 1345.44it/s] 47% 22759/48817 [00:19<00:19, 1366.16it/s] 47% 22900/48817 [00:19<00:18, 1378.70it/s] 47% 23039/48817 [00:19<00:19, 1352.68it/s] 47% 23178/48817 [00:20<00:18, 1363.62it/s] 48% 23315/48817 [00:20<00:18, 1353.49it/s] 48% 23451/48817 [00:20<00:19, 1298.30it/s] 48% 23582/48817 [00:20<00:20, 1257.11it/s] 49% 23709/48817 [00:20<00:20, 1228.37it/s] 49% 23833/48817 [00:20<00:21, 1170.97it/s] 49% 23954/48817 [00:20<00:21, 1180.35it/s] 49% 24074/48817 [00:20<00:20, 1185.95it/s] 50% 24197/48817 [00:20<00:20, 1196.88it/s] 50% 24318/48817 [00:21<00:22, 1098.86it/s] 50% 24430/48817 [00:21<00:27, 887.51it/s]  50% 24574/48817 [00:21<00:24, 1001.64it/s] 51% 24718/48817 [00:21<00:21, 1100.63it/s] 51% 24862/48817 [00:21<00:20, 1182.99it/s] 51% 25004/48817 [00:21<00:19, 1245.22it/s] 52% 25144/48817 [00:21<00:18, 1285.58it/s] 52% 25280/48817 [00:21<00:18, 1305.61it/s] 52% 25423/48817 [00:21<00:17, 1339.10it/s] 52% 25560/48817 [00:22<00:17, 1343.93it/s] 53% 25701/48817 [00:22<00:16, 1361.89it/s] 53% 25842/48817 [00:22<00:16, 1374.54it/s] 53% 25988/48817 [00:22<00:16, 1396.51it/s] 54% 26129/48817 [00:22<00:16, 1341.25it/s] 54% 26265/48817 [00:22<00:17, 1300.57it/s] 54% 26397/48817 [00:22<00:17, 1254.03it/s] 54% 26524/48817 [00:22<00:18, 1225.32it/s] 55% 26648/48817 [00:22<00:18, 1224.13it/s] 55% 26772/48817 [00:23<00:18, 1220.05it/s] 55% 26895/48817 [00:23<00:18, 1213.81it/s] 55% 27017/48817 [00:23<00:17, 1212.90it/s] 56% 27139/48817 [00:23<00:17, 1205.91it/s] 56% 27260/48817 [00:23<00:17, 1198.74it/s] 56% 27383/48817 [00:23<00:17, 1205.52it/s] 56% 27505/48817 [00:23<00:17, 1209.39it/s] 57% 27628/48817 [00:23<00:17, 1214.91it/s] 57% 27750/48817 [00:23<00:20, 1013.09it/s] 57% 27857/48817 [00:24<00:23, 894.83it/s]  57% 27993/48817 [00:24<00:20, 996.13it/s] 58% 28136/48817 [00:24<00:18, 1094.38it/s] 58% 28275/48817 [00:24<00:17, 1167.63it/s] 58% 28411/48817 [00:24<00:16, 1217.79it/s] 58% 28544/48817 [00:24<00:16, 1247.17it/s] 59% 28673/48817 [00:24<00:16, 1255.73it/s] 59% 28808/48817 [00:24<00:15, 1282.39it/s] 59% 28953/48817 [00:24<00:14, 1327.40it/s] 60% 29093/48817 [00:24<00:14, 1348.23it/s] 60% 29230/48817 [00:25<00:14, 1351.16it/s] 60% 29370/48817 [00:25<00:14, 1364.91it/s] 60% 29508/48817 [00:25<00:14, 1350.05it/s] 61% 29644/48817 [00:25<00:14, 1313.75it/s] 61% 29776/48817 [00:25<00:15, 1196.01it/s] 61% 29899/48817 [00:25<00:20, 921.78it/s]  62% 30040/48817 [00:25<00:18, 1027.42it/s] 62% 30187/48817 [00:25<00:16, 1128.83it/s] 62% 30331/48817 [00:26<00:15, 1206.43it/s] 62% 30475/48817 [00:26<00:14, 1267.22it/s] 63% 30613/48817 [00:26<00:14, 1296.80it/s] 63% 30749/48817 [00:26<00:13, 1304.46it/s] 63% 30891/48817 [00:26<00:13, 1337.05it/s] 64% 31034/48817 [00:26<00:13, 1361.68it/s] 64% 31174/48817 [00:26<00:12, 1370.43it/s] 64% 31318/48817 [00:26<00:12, 1389.52it/s] 64% 31459/48817 [00:26<00:12, 1354.28it/s] 65% 31596/48817 [00:26<00:13, 1309.80it/s] 65% 31728/48817 [00:27<00:13, 1280.81it/s] 65% 31857/48817 [00:27<00:13, 1255.95it/s] 66% 31984/48817 [00:27<00:13, 1240.22it/s] 66% 32109/48817 [00:27<00:13, 1209.00it/s] 66% 32231/48817 [00:27<00:13, 1202.20it/s] 66% 32352/48817 [00:27<00:13, 1204.43it/s] 67% 32473/48817 [00:27<00:13, 1203.08it/s] 67% 32595/48817 [00:27<00:13, 1206.97it/s] 67% 32716/48817 [00:27<00:13, 1205.64it/s] 67% 32837/48817 [00:27<00:13, 1201.89it/s] 68% 32958/48817 [00:28<00:13, 1201.54it/s] 68% 33079/48817 [00:28<00:14, 1078.98it/s] 68% 33190/48817 [00:28<00:18, 854.88it/s]  68% 33331/48817 [00:28<00:15, 968.26it/s] 69% 33470/48817 [00:28<00:14, 1064.02it/s] 69% 33612/48817 [00:28<00:13, 1149.40it/s] 69% 33752/48817 [00:28<00:12, 1214.40it/s] 69% 33895/48817 [00:28<00:11, 1271.86it/s] 70% 34032/48817 [00:29<00:11, 1298.54it/s] 70% 34171/48817 [00:29<00:11, 1323.78it/s] 70% 34317/48817 [00:29<00:10, 1361.34it/s] 71% 34460/48817 [00:29<00:10, 1378.37it/s] 71% 34603/48817 [00:29<00:10, 1392.30it/s] 71% 34747/48817 [00:29<00:10, 1403.77it/s] 71% 34889/48817 [00:29<00:10, 1367.96it/s] 72% 35027/48817 [00:29<00:10, 1323.96it/s] 72% 35161/48817 [00:29<00:10, 1297.44it/s] 72% 35292/48817 [00:29<00:10, 1270.99it/s] 73% 35420/48817 [00:30<00:10, 1252.45it/s] 73% 35546/48817 [00:30<00:10, 1231.94it/s] 73% 35670/48817 [00:30<00:10, 1227.56it/s] 73% 35794/48817 [00:30<00:10, 1221.61it/s] 74% 35917/48817 [00:30<00:11, 1171.21it/s] 74% 36038/48817 [00:30<00:10, 1181.99it/s] 74% 36158/48817 [00:30<00:10, 1184.31it/s] 74% 36277/48817 [00:30<00:10, 1173.03it/s] 75% 36395/48817 [00:30<00:12, 1027.47it/s] 75% 36528/48817 [00:31<00:11, 1101.39it/s] 75% 36664/48817 [00:31<00:10, 1167.12it/s] 75% 36808/48817 [00:31<00:09, 1235.47it/s] 76% 36947/48817 [00:31<00:09, 1276.54it/s] 76% 37088/48817 [00:31<00:08, 1312.61it/s] 76% 37224/48817 [00:31<00:08, 1324.96it/s] 77% 37366/48817 [00:31<00:08, 1351.18it/s] 77% 37511/48817 [00:31<00:08, 1377.25it/s] 77% 37650/48817 [00:31<00:08, 1372.69it/s] 77% 37790/48817 [00:31<00:07, 1379.63it/s] 78% 37930/48817 [00:32<00:07, 1385.42it/s] 78% 38069/48817 [00:32<00:07, 1348.96it/s] 78% 38205/48817 [00:32<00:08, 1303.82it/s] 79% 38337/48817 [00:32<00:08, 1255.23it/s] 79% 38464/48817 [00:32<00:08, 1241.34it/s] 79% 38589/48817 [00:32<00:08, 1223.76it/s] 79% 38712/48817 [00:32<00:08, 1224.38it/s] 80% 38835/48817 [00:32<00:08, 1212.07it/s] 80% 38957/48817 [00:32<00:08, 1204.53it/s] 80% 39078/48817 [00:32<00:08, 1188.37it/s] 80% 39198/48817 [00:33<00:08, 1191.02it/s] 81% 39318/48817 [00:33<00:08, 1068.88it/s] 81% 39438/48817 [00:33<00:08, 1102.64it/s] 81% 39555/48817 [00:33<00:08, 1120.51it/s] 81% 39669/48817 [00:33<00:08, 1091.83it/s] 81% 39780/48817 [00:33<00:10, 875.25it/s]  82% 39878/48817 [00:33<00:09, 903.24it/s] 82% 40016/48817 [00:33<00:08, 1005.87it/s] 82% 40155/48817 [00:34<00:07, 1094.45it/s] 83% 40292/48817 [00:34<00:07, 1163.46it/s] 83% 40418/48817 [00:34<00:07, 1190.34it/s] 83% 40547/48817 [00:34<00:06, 1218.32it/s] 83% 40685/48817 [00:34<00:06, 1261.29it/s] 84% 40826/48817 [00:34<00:06, 1301.70it/s] 84% 40963/48817 [00:34<00:05, 1319.64it/s] 84% 41099/48817 [00:34<00:05, 1329.10it/s] 84% 41234/48817 [00:34<00:05, 1330.11it/s] 85% 41368/48817 [00:34<00:05, 1329.01it/s] 85% 41502/48817 [00:35<00:05, 1281.64it/s] 85% 41631/48817 [00:35<00:05, 1249.60it/s] 86% 41757/48817 [00:35<00:05, 1197.23it/s] 86% 41878/48817 [00:35<00:05, 1191.08it/s] 86% 41998/48817 [00:35<00:05, 1188.20it/s] 86% 42118/48817 [00:35<00:06, 972.14it/s]  86% 42222/48817 [00:35<00:08, 806.18it/s] 87% 42341/48817 [00:35<00:07, 891.83it/s] 87% 42460/48817 [00:36<00:06, 963.38it/s] 87% 42575/48817 [00:36<00:06, 1011.39it/s] 87% 42694/48817 [00:36<00:05, 1058.78it/s] 88% 42812/48817 [00:36<00:05, 1090.66it/s] 88% 42929/48817 [00:36<00:05, 1112.87it/s] 88% 43044/48817 [00:36<00:05, 1121.39it/s] 88% 43159/48817 [00:36<00:05, 1115.15it/s] 89% 43275/48817 [00:36<00:04, 1125.69it/s] 89% 43392/48817 [00:36<00:04, 1137.21it/s] 89% 43511/48817 [00:36<00:04, 1151.15it/s] 89% 43627/48817 [00:37<00:04, 1144.94it/s] 90% 43742/48817 [00:37<00:04, 1139.94it/s] 90% 43857/48817 [00:37<00:04, 1121.53it/s] 90% 43972/48817 [00:37<00:04, 1129.80it/s] 90% 44116/48817 [00:37<00:03, 1207.20it/s] 91% 44253/48817 [00:37<00:03, 1250.35it/s] 91% 44387/48817 [00:37<00:03, 1273.98it/s] 91% 44517/48817 [00:37<00:03, 1280.36it/s] 91% 44646/48817 [00:37<00:03, 1268.53it/s] 92% 44774/48817 [00:37<00:03, 1250.11it/s] 92% 44901/48817 [00:38<00:03, 1255.83it/s] 92% 45027/48817 [00:38<00:03, 1239.08it/s] 92% 45152/48817 [00:38<00:03, 1220.11it/s] 93% 45275/48817 [00:38<00:02, 1197.90it/s] 93% 45396/48817 [00:38<00:02, 1169.19it/s] 93% 45514/48817 [00:38<00:02, 1101.28it/s] 93% 45626/48817 [00:38<00:03, 1060.17it/s] 94% 45734/48817 [00:38<00:02, 1033.63it/s] 94% 45839/48817 [00:38<00:02, 1022.07it/s] 94% 45942/48817 [00:39<00:02, 1016.59it/s] 94% 46065/48817 [00:39<00:02, 1070.16it/s] 95% 46180/48817 [00:39<00:02, 1090.90it/s] 95% 46300/48817 [00:39<00:02, 1120.30it/s] 95% 46432/48817 [00:39<00:02, 1173.35it/s] 95% 46555/48817 [00:39<00:01, 1189.18it/s] 96% 46677/48817 [00:39<00:01, 1195.09it/s] 96% 46801/48817 [00:39<00:01, 1205.55it/s] 96% 46924/48817 [00:39<00:01, 1212.51it/s] 96% 47048/48817 [00:39<00:01, 1219.04it/s] 97% 47171/48817 [00:40<00:01, 1215.00it/s] 97% 47293/48817 [00:40<00:01, 1192.90it/s] 97% 47413/48817 [00:40<00:01, 1081.84it/s] 97% 47527/48817 [00:40<00:01, 1097.25it/s] 98% 47643/48817 [00:40<00:01, 1114.99it/s] 98% 47764/48817 [00:40<00:00, 1141.68it/s] 98% 47893/48817 [00:40<00:00, 1182.19it/s] 98% 48039/48817 [00:40<00:00, 1253.22it/s] 99% 48181/48817 [00:40<00:00, 1298.49it/s] 99% 48327/48817 [00:40<00:00, 1342.79it/s] 99% 48474/48817 [00:41<00:00, 1377.30it/s]100% 48620/48817 [00:41<00:00, 1399.08it/s]100% 48761/48817 [00:41<00:00, 1384.21it/s]100% 48817/48817 [00:41<00:00, 1180.83it/s]
  0% 0/48817 [00:00<?, ?it/s] 18% 8842/48817 [00:00<00:00, 88412.71it/s] 62% 30284/48817 [00:00<00:00, 107335.76it/s]100% 48817/48817 [00:00<00:00, 178948.28it/s]
Warning: 1 SMILES are invalid.
Number of tasks = 776
Splitting data with seed 0
Class sizes
CHEMBL1002712 0: 27.00%, 1: 73.00%
CHEMBL1022010 0: 6.90%, 1: 93.10%
CHEMBL1024480 0: 89.58%, 1: 10.42%
CHEMBL1026933 0: 40.85%, 1: 59.15%
CHEMBL1026934 0: 5.61%, 1: 94.39%
CHEMBL1031359 0: 4.00%, 1: 96.00%
CHEMBL1033994 0: 41.98%, 1: 58.02%
CHEMBL1034533 0: 17.31%, 1: 82.69%
CHEMBL1034535 0: 46.15%, 1: 53.85%
CHEMBL1119333 0: 9.59%, 1: 90.41%
CHEMBL1167052 0: 17.78%, 1: 82.22%
CHEMBL1169087 0: 77.78%, 1: 22.22%
CHEMBL1217000 0: 52.41%, 1: 47.59%
CHEMBL1243965 0: 17.11%, 1: 82.89%
CHEMBL1243966 0: 41.96%, 1: 58.04%
CHEMBL1243967 0: 10.17%, 1: 89.83%
CHEMBL1243968 0: 15.06%, 1: 84.94%
CHEMBL1243969 0: 20.17%, 1: 79.83%
CHEMBL1243970 0: 6.91%, 1: 93.09%
CHEMBL1243971 0: 48.89%, 1: 51.11%
CHEMBL1243972 0: 9.92%, 1: 90.08%
CHEMBL1243975 0: 51.38%, 1: 48.62%
CHEMBL1243976 0: 28.99%, 1: 71.01%
CHEMBL1243977 0: 31.19%, 1: 68.81%
CHEMBL1243978 0: 27.12%, 1: 72.88%
CHEMBL1246087 0: 33.88%, 1: 66.12%
CHEMBL1246088 0: 48.37%, 1: 51.63%
CHEMBL1613762 0: 2.45%, 1: 97.55%
CHEMBL1613775 0: 40.78%, 1: 59.22%
CHEMBL1613785 0: 43.22%, 1: 56.78%
CHEMBL1613787 0: 69.08%, 1: 30.92%
CHEMBL1613806 0: 49.11%, 1: 50.89%
CHEMBL1613807 0: 95.99%, 1: 4.01%
CHEMBL1613812 0: 7.35%, 1: 92.65%
CHEMBL1613813 0: 44.20%, 1: 55.80%
CHEMBL1613814 0: 53.85%, 1: 46.15%
CHEMBL1613817 0: 84.86%, 1: 15.14%
CHEMBL1613821 0: 13.79%, 1: 86.21%
CHEMBL1613853 0: 41.86%, 1: 58.14%
CHEMBL1613859 0: 72.94%, 1: 27.06%
CHEMBL1613861 0: 14.47%, 1: 85.53%
CHEMBL1613864 0: 5.19%, 1: 94.81%
CHEMBL1613867 0: 97.13%, 1: 2.87%
CHEMBL1613871 0: 6.15%, 1: 93.85%
CHEMBL1613874 0: 65.78%, 1: 34.22%
CHEMBL1613876 0: 54.35%, 1: 45.65%
CHEMBL1613890 0: 34.85%, 1: 65.15%
CHEMBL1613893 0: 74.40%, 1: 25.60%
CHEMBL1613897 0: 46.64%, 1: 53.36%
CHEMBL1613898 0: 75.45%, 1: 24.55%
CHEMBL1613903 0: 56.44%, 1: 43.56%
CHEMBL1613904 0: 50.77%, 1: 49.23%
CHEMBL1613907 0: 5.34%, 1: 94.66%
CHEMBL1613926 0: 30.15%, 1: 69.85%
CHEMBL1613928 0: 45.90%, 1: 54.10%
CHEMBL1613929 0: 81.25%, 1: 18.75%
CHEMBL1613941 0: 32.58%, 1: 67.42%
CHEMBL1613942 0: 41.43%, 1: 58.57%
CHEMBL1613947 0: 46.01%, 1: 53.99%
CHEMBL1613949 0: 60.13%, 1: 39.87%
CHEMBL1613950 0: 43.05%, 1: 56.95%
CHEMBL1613955 0: 54.04%, 1: 45.96%
CHEMBL1613956 0: 37.82%, 1: 62.18%
CHEMBL1613962 0: 24.26%, 1: 75.74%
CHEMBL1613967 0: 44.59%, 1: 55.41%
CHEMBL1613980 0: 84.92%, 1: 15.08%
CHEMBL1613981 0: 58.85%, 1: 41.15%
CHEMBL1613991 0: 14.98%, 1: 85.02%
CHEMBL1613997 0: 7.73%, 1: 92.27%
CHEMBL1613998 0: 15.74%, 1: 84.26%
CHEMBL1614001 0: 98.28%, 1: 1.72%
CHEMBL1614007 0: 13.33%, 1: 86.67%
CHEMBL1614008 0: 38.40%, 1: 61.60%
CHEMBL1614016 0: 12.22%, 1: 87.78%
CHEMBL1614034 0: 2.63%, 1: 97.37%
CHEMBL1614035 0: 77.14%, 1: 22.86%
CHEMBL1614044 0: 23.88%, 1: 76.12%
CHEMBL1614049 0: 39.63%, 1: 60.37%
CHEMBL1614053 0: 42.48%, 1: 57.52%
CHEMBL1614056 0: 81.19%, 1: 18.81%
CHEMBL1614065 0: 9.71%, 1: 90.29%
CHEMBL1614066 0: 94.74%, 1: 5.26%
CHEMBL1614069 0: 56.82%, 1: 43.18%
CHEMBL1614070 0: 18.75%, 1: 81.25%
CHEMBL1614072 0: 50.36%, 1: 49.64%
CHEMBL1614083 0: 94.44%, 1: 5.56%
CHEMBL1614084 0: 13.26%, 1: 86.74%
CHEMBL1614086 0: 5.94%, 1: 94.06%
CHEMBL1614091 0: 4.43%, 1: 95.57%
CHEMBL1614092 0: 47.50%, 1: 52.50%
CHEMBL1614097 0: 46.99%, 1: 53.01%
CHEMBL1614098 0: 97.25%, 1: 2.75%
CHEMBL1614104 0: 7.74%, 1: 92.26%
CHEMBL1614105 0: 6.12%, 1: 93.88%
CHEMBL1614109 0: 59.87%, 1: 40.13%
CHEMBL1614117 0: 16.35%, 1: 83.65%
CHEMBL1614128 0: 10.35%, 1: 89.65%
CHEMBL1614131 0: 97.14%, 1: 2.86%
CHEMBL1614132 0: 42.07%, 1: 57.93%
CHEMBL1614138 0: 67.83%, 1: 32.17%
CHEMBL1614147 0: 7.78%, 1: 92.22%
CHEMBL1614154 0: 9.52%, 1: 90.48%
CHEMBL1614167 0: 16.17%, 1: 83.83%
CHEMBL1614177 0: 94.85%, 1: 5.15%
CHEMBL1614185 0: 26.17%, 1: 73.83%
CHEMBL1614197 0: 5.26%, 1: 94.74%
CHEMBL1614199 0: 49.66%, 1: 50.34%
CHEMBL1614202 0: 7.32%, 1: 92.68%
CHEMBL1614210 0: 60.16%, 1: 39.84%
CHEMBL1614215 0: 52.76%, 1: 47.24%
CHEMBL1614216 0: 48.52%, 1: 51.48%
CHEMBL1614218 0: 22.36%, 1: 77.64%
CHEMBL1614220 0: 32.80%, 1: 67.20%
CHEMBL1614225 0: 62.50%, 1: 37.50%
CHEMBL1614226 0: 81.15%, 1: 18.85%
CHEMBL1614231 0: 46.96%, 1: 53.04%
CHEMBL1614244 0: 38.85%, 1: 61.15%
CHEMBL1614247 0: 44.34%, 1: 55.66%
CHEMBL1614255 0: 61.26%, 1: 38.74%
CHEMBL1614259 0: 32.82%, 1: 67.18%
CHEMBL1614265 0: 26.51%, 1: 73.49%
CHEMBL1614267 0: 29.46%, 1: 70.54%
CHEMBL1614272 0: 67.71%, 1: 32.29%
CHEMBL1614273 0: 51.97%, 1: 48.03%
CHEMBL1614283 0: 52.89%, 1: 47.11%
CHEMBL1614287 0: 85.53%, 1: 14.47%
CHEMBL1614288 0: 72.51%, 1: 27.49%
CHEMBL1614290 0: 4.51%, 1: 95.49%
CHEMBL1614295 0: 2.29%, 1: 97.71%
CHEMBL1614301 0: 19.74%, 1: 80.26%
CHEMBL1614304 0: 63.76%, 1: 36.24%
CHEMBL1614308 0: 50.82%, 1: 49.18%
CHEMBL1614309 0: 27.66%, 1: 72.34%
CHEMBL1614310 0: 51.81%, 1: 48.19%
CHEMBL1614311 0: 53.76%, 1: 46.24%
CHEMBL1614314 0: 94.70%, 1: 5.30%
CHEMBL1614319 0: 72.16%, 1: 27.84%
CHEMBL1614320 0: 29.79%, 1: 70.21%
CHEMBL1614321 0: 60.16%, 1: 39.84%
CHEMBL1614328 0: 46.64%, 1: 53.36%
CHEMBL1614329 0: 40.69%, 1: 59.31%
CHEMBL1614336 0: 47.01%, 1: 52.99%
CHEMBL1614338 0: 15.00%, 1: 85.00%
CHEMBL1614344 0: 67.72%, 1: 32.28%
CHEMBL1614345 0: 39.50%, 1: 60.50%
CHEMBL1614355 0: 4.11%, 1: 95.89%
CHEMBL1614356 0: 43.90%, 1: 56.10%
CHEMBL1614359 0: 50.26%, 1: 49.74%
CHEMBL1614362 0: 19.17%, 1: 80.83%
CHEMBL1614363 0: 53.19%, 1: 46.81%
CHEMBL1614373 0: 30.84%, 1: 69.16%
CHEMBL1614376 0: 4.07%, 1: 95.93%
CHEMBL1614380 0: 78.10%, 1: 21.90%
CHEMBL1614385 0: 93.27%, 1: 6.73%
CHEMBL1614388 0: 56.19%, 1: 43.81%
CHEMBL1614393 0: 45.00%, 1: 55.00%
CHEMBL1614395 0: 11.32%, 1: 88.68%
CHEMBL1614403 0: 88.15%, 1: 11.85%
CHEMBL1614405 0: 50.94%, 1: 49.06%
CHEMBL1614408 0: 33.33%, 1: 66.67%
CHEMBL1614417 0: 27.19%, 1: 72.81%
CHEMBL1614425 0: 38.24%, 1: 61.76%
CHEMBL1614433 0: 60.77%, 1: 39.23%
CHEMBL1614434 0: 80.25%, 1: 19.75%
CHEMBL1614450 0: 10.32%, 1: 89.68%
CHEMBL1614462 0: 65.35%, 1: 34.65%
CHEMBL1614463 0: 49.61%, 1: 50.39%
CHEMBL1614465 0: 20.00%, 1: 80.00%
CHEMBL1614466 0: 10.32%, 1: 89.68%
CHEMBL1614469 0: 24.90%, 1: 75.10%
CHEMBL1614477 0: 43.75%, 1: 56.25%
CHEMBL1614478 0: 12.50%, 1: 87.50%
CHEMBL1614479 0: 8.49%, 1: 91.51%
CHEMBL1614480 0: 85.71%, 1: 14.29%
CHEMBL1614482 0: 59.82%, 1: 40.18%
CHEMBL1614484 0: 9.01%, 1: 90.99%
CHEMBL1614486 0: 40.48%, 1: 59.52%
CHEMBL1614492 0: 40.54%, 1: 59.46%
CHEMBL1614503 0: 40.30%, 1: 59.70%
CHEMBL1614504 0: 17.80%, 1: 82.20%
CHEMBL1614509 0: 79.43%, 1: 20.57%
CHEMBL1614512 0: 62.79%, 1: 37.21%
CHEMBL1614514 0: 83.07%, 1: 16.93%
CHEMBL1614515 0: 19.61%, 1: 80.39%
CHEMBL1614516 0: 96.81%, 1: 3.19%
CHEMBL1614518 0: 45.69%, 1: 54.31%
CHEMBL1614525 0: 52.00%, 1: 48.00%
CHEMBL1614528 0: 40.91%, 1: 59.09%
CHEMBL1614539 0: 14.12%, 1: 85.88%
CHEMBL1614547 0: 72.51%, 1: 27.49%
CHEMBL1614548 0: 17.95%, 1: 82.05%
CHEMBL1614549 0: 84.25%, 1: 15.75%
CHEMBL1614550 0: 9.30%, 1: 90.70%
CHEMBL1670561 0: 15.13%, 1: 84.87%
CHEMBL1676103 0: 39.85%, 1: 60.15%
CHEMBL1737862 0: 25.69%, 1: 74.31%
CHEMBL1737863 0: 36.27%, 1: 63.73%
CHEMBL1737868 0: 79.41%, 1: 20.59%
CHEMBL1737910 0: 45.71%, 1: 54.29%
CHEMBL1737942 0: 44.52%, 1: 55.48%
CHEMBL1737951 0: 51.83%, 1: 48.17%
CHEMBL1737977 0: 13.87%, 1: 86.13%
CHEMBL1737978 0: 18.18%, 1: 81.82%
CHEMBL1737979 0: 8.94%, 1: 91.06%
CHEMBL1738019 0: 24.85%, 1: 75.15%
CHEMBL1738021 0: 10.87%, 1: 89.13%
CHEMBL1738025 0: 33.80%, 1: 66.20%
CHEMBL1738040 0: 73.48%, 1: 26.52%
CHEMBL1738043 0: 46.43%, 1: 53.57%
CHEMBL1738079 0: 3.88%, 1: 96.12%
CHEMBL1738080 0: 76.43%, 1: 23.57%
CHEMBL1738091 0: 89.77%, 1: 10.23%
CHEMBL1738092 0: 13.76%, 1: 86.24%
CHEMBL1738097 0: 72.41%, 1: 27.59%
CHEMBL1738131 0: 68.59%, 1: 31.41%
CHEMBL1738164 0: 79.79%, 1: 20.21%
CHEMBL1738171 0: 85.45%, 1: 14.55%
CHEMBL1738183 0: 59.62%, 1: 40.38%
CHEMBL1738192 0: 83.17%, 1: 16.83%
CHEMBL1738197 0: 36.90%, 1: 63.10%
CHEMBL1738202 0: 3.47%, 1: 96.53%
CHEMBL1738246 0: 14.52%, 1: 85.48%
CHEMBL1738253 0: 7.33%, 1: 92.67%
CHEMBL1738313 0: 57.69%, 1: 42.31%
CHEMBL1738319 0: 59.17%, 1: 40.83%
CHEMBL1738325 0: 96.86%, 1: 3.14%
CHEMBL1738362 0: 21.43%, 1: 78.57%
CHEMBL1738371 0: 81.97%, 1: 18.03%
CHEMBL1738391 0: 68.38%, 1: 31.62%
CHEMBL1738400 0: 77.86%, 1: 22.14%
CHEMBL1738402 0: 54.19%, 1: 45.81%
CHEMBL1738408 0: 2.18%, 1: 97.82%
CHEMBL1738418 0: 68.85%, 1: 31.15%
CHEMBL1738422 0: 4.29%, 1: 95.71%
CHEMBL1738423 0: 76.15%, 1: 23.85%
CHEMBL1738430 0: 25.54%, 1: 74.46%
CHEMBL1738438 0: 2.76%, 1: 97.24%
CHEMBL1738482 0: 7.69%, 1: 92.31%
CHEMBL1738485 0: 17.65%, 1: 82.35%
CHEMBL1738497 0: 64.50%, 1: 35.50%
CHEMBL1738510 0: 54.41%, 1: 45.59%
CHEMBL1738512 0: 3.05%, 1: 96.95%
CHEMBL1738514 0: 26.73%, 1: 73.27%
CHEMBL1738575 0: 65.65%, 1: 34.35%
CHEMBL1738579 0: 22.79%, 1: 77.21%
CHEMBL1738599 0: 16.07%, 1: 83.93%
CHEMBL1738602 0: 42.70%, 1: 57.30%
CHEMBL1738610 0: 42.07%, 1: 57.93%
CHEMBL1738611 0: 2.23%, 1: 97.77%
CHEMBL1738619 0: 83.17%, 1: 16.83%
CHEMBL1738632 0: 86.32%, 1: 13.68%
CHEMBL1738633 0: 4.05%, 1: 95.95%
CHEMBL1738642 0: 34.82%, 1: 65.18%
CHEMBL1738670 0: 9.18%, 1: 90.82%
CHEMBL1738673 0: 12.98%, 1: 87.02%
CHEMBL1738679 0: 63.95%, 1: 36.05%
CHEMBL1738684 0: 13.21%, 1: 86.79%
CHEMBL1794296 0: 44.02%, 1: 55.98%
CHEMBL1794320 0: 96.68%, 1: 3.32%
CHEMBL1794327 0: 91.59%, 1: 8.41%
CHEMBL1794355 0: 5.26%, 1: 94.74%
CHEMBL1794356 0: 13.92%, 1: 86.08%
CHEMBL1794358 0: 94.14%, 1: 5.86%
CHEMBL1794365 0: 7.12%, 1: 92.88%
CHEMBL1794367 0: 42.52%, 1: 57.48%
CHEMBL1794383 0: 6.90%, 1: 93.10%
CHEMBL1794387 0: 65.04%, 1: 34.96%
CHEMBL1794393 0: 67.55%, 1: 32.45%
CHEMBL1794396 0: 3.96%, 1: 96.04%
CHEMBL1794400 0: 35.59%, 1: 64.41%
CHEMBL1794410 0: 23.98%, 1: 76.02%
CHEMBL1794413 0: 6.02%, 1: 93.98%
CHEMBL1794420 0: 54.46%, 1: 45.54%
CHEMBL1794438 0: 40.17%, 1: 59.83%
CHEMBL1794445 0: 87.84%, 1: 12.16%
CHEMBL1794452 0: 94.30%, 1: 5.70%
CHEMBL1794455 0: 52.48%, 1: 47.52%
CHEMBL1794457 0: 92.98%, 1: 7.02%
CHEMBL1794460 0: 28.63%, 1: 71.37%
CHEMBL1794467 0: 18.39%, 1: 81.61%
CHEMBL1794475 0: 56.02%, 1: 43.98%
CHEMBL1794484 0: 44.93%, 1: 55.07%
CHEMBL1794494 0: 5.33%, 1: 94.67%
CHEMBL1794497 0: 8.47%, 1: 91.53%
CHEMBL1794498 0: 53.47%, 1: 46.53%
CHEMBL1794508 0: 94.63%, 1: 5.37%
CHEMBL1794516 0: 3.21%, 1: 96.79%
CHEMBL1794522 0: 58.65%, 1: 41.35%
CHEMBL1794531 0: 92.03%, 1: 7.97%
CHEMBL1794548 0: 88.74%, 1: 11.26%
CHEMBL1794566 0: 6.05%, 1: 93.95%
CHEMBL1794567 0: 9.61%, 1: 90.39%
CHEMBL1794570 0: 92.79%, 1: 7.21%
CHEMBL1794571 0: 53.55%, 1: 46.45%
CHEMBL1794573 0: 10.54%, 1: 89.46%
CHEMBL1794578 0: 46.99%, 1: 53.01%
CHEMBL1794581 0: 19.65%, 1: 80.35%
CHEMBL1804798 0: 71.83%, 1: 28.17%
CHEMBL1820680 0: 46.81%, 1: 53.19%
CHEMBL1827362 0: 25.62%, 1: 74.38%
CHEMBL1963687 0: 64.42%, 1: 35.58%
CHEMBL1963689 0: 89.69%, 1: 10.31%
CHEMBL1963692 0: 53.73%, 1: 46.27%
CHEMBL1963698 0: 74.60%, 1: 25.40%
CHEMBL1963711 0: 94.72%, 1: 5.28%
CHEMBL1963716 0: 91.91%, 1: 8.09%
CHEMBL1963721 0: 56.94%, 1: 43.06%
CHEMBL1963744 0: 71.97%, 1: 28.03%
CHEMBL1963751 0: 70.90%, 1: 29.10%
CHEMBL1963753 0: 88.02%, 1: 11.98%
CHEMBL1963758 0: 82.56%, 1: 17.44%
CHEMBL1963760 0: 86.36%, 1: 13.64%
CHEMBL1963770 0: 89.44%, 1: 10.56%
CHEMBL1963776 0: 87.71%, 1: 12.29%
CHEMBL1963777 0: 63.92%, 1: 36.08%
CHEMBL1963778 0: 51.70%, 1: 48.30%
CHEMBL1963789 0: 67.34%, 1: 32.66%
CHEMBL1963798 0: 89.45%, 1: 10.55%
CHEMBL1963799 0: 43.54%, 1: 56.46%
CHEMBL1963803 0: 87.44%, 1: 12.56%
CHEMBL1963805 0: 53.77%, 1: 46.23%
CHEMBL1963806 0: 41.19%, 1: 58.81%
CHEMBL1963811 0: 73.98%, 1: 26.02%
CHEMBL1963813 0: 79.19%, 1: 20.81%
CHEMBL1963815 0: 71.80%, 1: 28.20%
CHEMBL1963824 0: 39.57%, 1: 60.43%
CHEMBL1963825 0: 51.12%, 1: 48.88%
CHEMBL1963831 0: 52.56%, 1: 47.44%
CHEMBL1963838 0: 75.83%, 1: 24.17%
CHEMBL1963846 0: 85.07%, 1: 14.93%
CHEMBL1963849 0: 21.77%, 1: 78.23%
CHEMBL1963857 0: 39.45%, 1: 60.55%
CHEMBL1963867 0: 73.13%, 1: 26.87%
CHEMBL1963898 0: 75.62%, 1: 24.38%
CHEMBL1963899 0: 24.19%, 1: 75.81%
CHEMBL1963907 0: 64.35%, 1: 35.65%
CHEMBL1963910 0: 10.50%, 1: 89.50%
CHEMBL1963915 0: 15.00%, 1: 85.00%
CHEMBL1963930 0: 3.64%, 1: 96.36%
CHEMBL1963933 0: 93.91%, 1: 6.09%
CHEMBL1963934 0: 3.64%, 1: 96.36%
CHEMBL1963937 0: 39.27%, 1: 60.73%
CHEMBL1963940 0: 33.79%, 1: 66.21%
CHEMBL1963947 0: 6.25%, 1: 93.75%
CHEMBL1963968 0: 51.52%, 1: 48.48%
CHEMBL1963969 0: 25.83%, 1: 74.17%
CHEMBL1963971 0: 10.20%, 1: 89.80%
CHEMBL1963974 0: 88.26%, 1: 11.74%
CHEMBL1963983 0: 76.39%, 1: 23.61%
CHEMBL1964000 0: 76.77%, 1: 23.23%
CHEMBL1964005 0: 6.67%, 1: 93.33%
CHEMBL1964010 0: 76.06%, 1: 23.94%
CHEMBL1964023 0: 73.75%, 1: 26.25%
CHEMBL1964046 0: 36.29%, 1: 63.71%
CHEMBL1964055 0: 10.00%, 1: 90.00%
CHEMBL1964096 0: 11.36%, 1: 88.64%
CHEMBL1964103 0: 51.58%, 1: 48.42%
CHEMBL1964106 0: 57.96%, 1: 42.04%
CHEMBL1964108 0: 69.62%, 1: 30.38%
CHEMBL1964111 0: 73.41%, 1: 26.59%
CHEMBL1964112 0: 87.59%, 1: 12.41%
CHEMBL1964114 0: 61.11%, 1: 38.89%
CHEMBL1964115 0: 43.36%, 1: 56.64%
CHEMBL1964117 0: 63.66%, 1: 36.34%
CHEMBL1964118 0: 60.33%, 1: 39.67%
CHEMBL2028073 0: 76.99%, 1: 23.01%
CHEMBL2028074 0: 74.88%, 1: 25.12%
CHEMBL2028075 0: 56.46%, 1: 43.54%
CHEMBL2028076 0: 85.04%, 1: 14.96%
CHEMBL2028077 0: 96.19%, 1: 3.81%
CHEMBL2045986 0: 7.37%, 1: 92.63%
CHEMBL2091156 0: 19.10%, 1: 80.90%
CHEMBL2095143 0: 93.77%, 1: 6.23%
CHEMBL2098499 0: 74.45%, 1: 25.55%
CHEMBL2114715 0: 60.31%, 1: 39.69%
CHEMBL2114717 0: 69.29%, 1: 30.71%
CHEMBL2114718 0: 16.81%, 1: 83.19%
CHEMBL2114719 0: 77.41%, 1: 22.59%
CHEMBL2114725 0: 51.74%, 1: 48.26%
CHEMBL2114727 0: 16.96%, 1: 83.04%
CHEMBL2114728 0: 9.82%, 1: 90.18%
CHEMBL2114737 0: 87.93%, 1: 12.07%
CHEMBL2114742 0: 33.90%, 1: 66.10%
CHEMBL2114748 0: 59.44%, 1: 40.56%
CHEMBL2114752 0: 15.02%, 1: 84.98%
CHEMBL2114753 0: 8.36%, 1: 91.64%
CHEMBL2114761 0: 78.40%, 1: 21.60%
CHEMBL2114764 0: 42.92%, 1: 57.08%
CHEMBL2114771 0: 64.02%, 1: 35.98%
CHEMBL2114791 0: 1.99%, 1: 98.01%
CHEMBL2114797 0: 42.41%, 1: 57.59%
CHEMBL2114803 0: 22.86%, 1: 77.14%
CHEMBL2114811 0: 10.16%, 1: 89.84%
CHEMBL2114814 0: 44.98%, 1: 55.02%
CHEMBL2114816 0: 37.94%, 1: 62.06%
CHEMBL2114820 0: 16.31%, 1: 83.69%
CHEMBL2114823 0: 20.90%, 1: 79.10%
CHEMBL2114825 0: 18.62%, 1: 81.38%
CHEMBL2114826 0: 50.79%, 1: 49.21%
CHEMBL2114827 0: 93.80%, 1: 6.20%
CHEMBL2114829 0: 25.17%, 1: 74.83%
CHEMBL2114830 0: 20.17%, 1: 79.83%
CHEMBL2114839 0: 28.69%, 1: 71.31%
CHEMBL2114842 0: 62.00%, 1: 38.00%
CHEMBL2114844 0: 32.59%, 1: 67.41%
CHEMBL2114847 0: 13.84%, 1: 86.16%
CHEMBL2114850 0: 8.62%, 1: 91.38%
CHEMBL2114852 0: 3.84%, 1: 96.16%
CHEMBL2114857 0: 50.00%, 1: 50.00%
CHEMBL2114858 0: 32.36%, 1: 67.64%
CHEMBL2114863 0: 33.55%, 1: 66.45%
CHEMBL2114865 0: 3.43%, 1: 96.57%
CHEMBL2114872 0: 9.51%, 1: 90.49%
CHEMBL2114874 0: 28.03%, 1: 71.97%
CHEMBL2114882 0: 92.25%, 1: 7.75%
CHEMBL2114883 0: 44.95%, 1: 55.05%
CHEMBL2114899 0: 87.76%, 1: 12.24%
CHEMBL2114909 0: 1.94%, 1: 98.06%
CHEMBL2114914 0: 20.72%, 1: 79.28%
CHEMBL2114927 0: 84.11%, 1: 15.89%
CHEMBL2114928 0: 86.06%, 1: 13.94%
CHEMBL2114930 0: 4.68%, 1: 95.32%
CHEMBL2155446 0: 5.83%, 1: 94.17%
CHEMBL2303649 0: 68.09%, 1: 31.91%
CHEMBL2354206 0: 93.86%, 1: 6.14%
CHEMBL2354207 0: 15.46%, 1: 84.54%
CHEMBL2354217 0: 20.69%, 1: 79.31%
CHEMBL2354227 0: 21.70%, 1: 78.30%
CHEMBL2354228 0: 59.88%, 1: 40.12%
CHEMBL2354248 0: 96.55%, 1: 3.45%
CHEMBL2354256 0: 7.85%, 1: 92.15%
CHEMBL2354260 0: 54.63%, 1: 45.37%
CHEMBL2354269 0: 9.42%, 1: 90.58%
CHEMBL2354274 0: 5.26%, 1: 94.74%
CHEMBL2354276 0: 75.30%, 1: 24.70%
CHEMBL2354289 0: 34.38%, 1: 65.62%
CHEMBL2354292 0: 77.91%, 1: 22.09%
CHEMBL2354303 0: 86.76%, 1: 13.24%
CHEMBL2354305 0: 14.37%, 1: 85.63%
CHEMBL2354307 0: 9.17%, 1: 90.83%
CHEMBL2363140 0: 68.70%, 1: 31.30%
CHEMBL2363141 0: 76.19%, 1: 23.81%
CHEMBL2363142 0: 60.20%, 1: 39.80%
CHEMBL2363146 0: 67.68%, 1: 32.32%
CHEMBL2363148 0: 67.68%, 1: 32.32%
CHEMBL2363152 0: 41.86%, 1: 58.14%
CHEMBL2363153 0: 34.07%, 1: 65.93%
CHEMBL2363154 0: 89.66%, 1: 10.34%
CHEMBL2363160 0: 68.69%, 1: 31.31%
CHEMBL2363165 0: 64.38%, 1: 35.62%
CHEMBL2363166 0: 62.50%, 1: 37.50%
CHEMBL2363167 0: 68.32%, 1: 31.68%
CHEMBL2363168 0: 59.76%, 1: 40.24%
CHEMBL2363169 0: 65.48%, 1: 34.52%
CHEMBL2363171 0: 74.75%, 1: 25.25%
CHEMBL2363174 0: 55.79%, 1: 44.21%
CHEMBL2363176 0: 36.67%, 1: 63.33%
CHEMBL2363178 0: 70.41%, 1: 29.59%
CHEMBL2363180 0: 72.57%, 1: 27.43%
CHEMBL2363184 0: 79.79%, 1: 20.21%
CHEMBL2363185 0: 49.02%, 1: 50.98%
CHEMBL2363187 0: 62.00%, 1: 38.00%
CHEMBL2363189 0: 42.57%, 1: 57.43%
CHEMBL2363197 0: 76.29%, 1: 23.71%
CHEMBL2363207 0: 67.31%, 1: 32.69%
CHEMBL2363208 0: 38.24%, 1: 61.76%
CHEMBL2363210 0: 50.00%, 1: 50.00%
CHEMBL2363211 0: 60.64%, 1: 39.36%
CHEMBL2363212 0: 48.57%, 1: 51.43%
CHEMBL2363213 0: 67.71%, 1: 32.29%
CHEMBL2363214 0: 50.52%, 1: 49.48%
CHEMBL2363215 0: 56.00%, 1: 44.00%
CHEMBL2363216 0: 46.53%, 1: 53.47%
CHEMBL2363218 0: 48.04%, 1: 51.96%
CHEMBL2363220 0: 54.21%, 1: 45.79%
CHEMBL2363221 0: 71.96%, 1: 28.04%
CHEMBL2363223 0: 57.30%, 1: 42.70%
CHEMBL2363224 0: 43.00%, 1: 57.00%
CHEMBL2363225 0: 62.89%, 1: 37.11%
CHEMBL2363227 0: 67.42%, 1: 32.58%
CHEMBL2363228 0: 51.22%, 1: 48.78%
CHEMBL2363230 0: 28.12%, 1: 71.88%
