wandb: Tracking run with wandb version 0.9.3
wandb: Run data is saved locally in wandb/run-20200723_091049-302abczs
wandb: Syncing run less_256_random_split
wandb: ⭐️ View project at https://app.wandb.ai/apappu97/molecule-metalearning-chemprop
wandb: 🚀 View run at https://app.wandb.ai/apappu97/molecule-metalearning-chemprop/runs/302abczs
wandb: Run `wandb off` to turn off syncing.

Fold 0
Command line
python chemprop/train.py --data_path filtered_chembl/chembl_less_256_instances.csv --dataset_type classification --split_type random --features_only --features_generator morgan --dropout 0.2 --epochs 30 --num_workers 0 --results_save_dir results/motivational/morgan/ --experiment_name less_256_random_split
Args
{'ANIL': False,
 'FO_MAML': False,
 'activation': 'ReLU',
 'atom_messages': False,
 'batch_size': 50,
 'bias': False,
 'cache_cutoff': 10000,
 'checkpoint_dir': None,
 'checkpoint_path': None,
 'checkpoint_paths': None,
 'chembl_assay_metadata_pickle_path': None,
 'class_balance': False,
 'config_path': None,
 'crossval_index_dir': None,
 'crossval_index_file': None,
 'crossval_index_sets': None,
 'data_path': 'filtered_chembl/chembl_less_256_instances.csv',
 'dataset_type': 'classification',
 'depth': 3,
 'dropout': 0.2,
 'dummy': False,
 'ensemble_size': 1,
 'epochs': 30,
 'experiment_name': 'less_256_random_split',
 'features_generator': ['morgan'],
 'features_only': True,
 'features_path': None,
 'features_size': None,
 'ffn_hidden_size': 300,
 'ffn_num_layers': 2,
 'final_lr': 0.0001,
 'folds_file': None,
 'gpu': None,
 'hidden_size': 300,
 'init_lr': 0.0001,
 'inner_loop_lr': 0.05,
 'log_frequency': 10,
 'max_data_size': None,
 'max_lr': 0.001,
 'meta_batch_size': 3,
 'meta_learning': False,
 'meta_test_epochs': 20,
 'meta_test_lr': 0.001,
 'meta_test_split_sizes': (0.8, 0.1, 0.1),
 'meta_train_split_sizes': (0.8, 0.2, 0),
 'metric': 'auc',
 'minimize_score': False,
 'multiclass_num_classes': 3,
 'no_cuda': False,
 'no_features_scaling': False,
 'num_folds': 1,
 'num_inner_gradient_steps': 2,
 'num_lrs': 1,
 'num_tasks': None,
 'num_workers': 0,
 'outer_loop_lr': 0.003,
 'pytorch_seed': 0,
 'quiet': False,
 'results_save_dir': 'results/motivational/morgan/',
 'save_dir': '/tmp/2282321.3.gpu.q/tmp6_7y5ro1/fold_0',
 'save_smiles_splits': False,
 'seed': 0,
 'separate_test_features_path': None,
 'separate_test_path': None,
 'separate_val_features_path': None,
 'separate_val_path': None,
 'show_individual_scores': False,
 'smiles_column': None,
 'split_sizes': (0.8, 0.1, 0.1),
 'split_type': 'random',
 'target_columns': None,
 'task_names': None,
 'test': False,
 'test_fold_index': None,
 'train_data_size': None,
 'undirected': False,
 'use_input_features': True,
 'val_fold_index': None,
 'warmup_epochs': 2.0}
Loading data
0it [00:00, ?it/s]424it [00:00, 4229.73it/s]551it [00:00, 2203.44it/s]864it [00:00, 2417.46it/s]1451it [00:00, 2934.80it/s]2048it [00:00, 3443.12it/s]2667it [00:00, 3971.46it/s]3235it [00:00, 4364.50it/s]3793it [00:00, 4074.39it/s]4318it [00:00, 4365.89it/s]4840it [00:01, 4546.43it/s]5366it [00:01, 4737.11it/s]5886it [00:01, 4866.25it/s]6388it [00:01, 4905.50it/s]6909it [00:01, 4991.73it/s]7416it [00:01, 5005.46it/s]7944it [00:01, 5082.28it/s]8457it [00:01, 4452.55it/s]8984it [00:01, 4668.91it/s]9489it [00:02, 4775.24it/s]10016it [00:02, 4913.05it/s]10520it [00:02, 4948.23it/s]11046it [00:02, 5035.46it/s]11555it [00:02, 5045.20it/s]12081it [00:02, 5107.40it/s]12595it [00:02, 4472.81it/s]13129it [00:02, 4701.51it/s]13636it [00:02, 4804.52it/s]14165it [00:02, 4938.27it/s]14676it [00:03, 4986.89it/s]15218it [00:03, 5108.05it/s]15816it [00:03, 5341.54it/s]16357it [00:03, 4862.93it/s]16856it [00:03, 2776.72it/s]17451it [00:03, 3305.02it/s]18073it [00:03, 3845.00it/s]18672it [00:04, 4306.51it/s]19269it [00:04, 4698.72it/s]19850it [00:04, 4982.93it/s]20410it [00:04, 5067.91it/s]20961it [00:04, 4493.18it/s]21488it [00:04, 4700.40it/s]21991it [00:04, 4792.47it/s]22517it [00:04, 4922.41it/s]23027it [00:04, 4959.52it/s]23535it [00:05, 4851.31it/s]24038it [00:05, 4903.08it/s]24564it [00:05, 5004.23it/s]25070it [00:05, 4395.30it/s]25649it [00:05, 4737.61it/s]26243it [00:05, 5043.87it/s]26840it [00:05, 5288.26it/s]27457it [00:05, 5525.05it/s]28024it [00:05, 5558.18it/s]28596it [00:06, 5605.30it/s]29208it [00:06, 5748.91it/s]29385it [00:06, 4756.03it/s]
  0% 0/29385 [00:00<?, ?it/s]  0% 141/29385 [00:00<00:20, 1408.58it/s]  1% 285/29385 [00:00<00:20, 1415.00it/s]  1% 428/29385 [00:00<00:20, 1417.59it/s]  2% 573/29385 [00:00<00:20, 1425.63it/s]  2% 699/29385 [00:00<00:20, 1368.16it/s]  3% 822/29385 [00:00<00:21, 1321.48it/s]  3% 942/29385 [00:00<00:22, 1281.19it/s]  4% 1072/29385 [00:00<00:22, 1286.55it/s]  4% 1195/29385 [00:00<00:22, 1267.49it/s]  4% 1318/29385 [00:01<00:22, 1254.34it/s]  5% 1443/29385 [00:01<00:22, 1252.59it/s]  5% 1566/29385 [00:01<00:26, 1035.14it/s]  6% 1674/29385 [00:01<00:30, 914.12it/s]   6% 1818/29385 [00:01<00:26, 1025.41it/s]  7% 1951/29385 [00:01<00:24, 1100.27it/s]  7% 2098/29385 [00:01<00:22, 1190.03it/s]  8% 2248/29385 [00:01<00:21, 1267.87it/s]  8% 2390/29385 [00:01<00:20, 1309.53it/s]  9% 2533/29385 [00:02<00:19, 1342.99it/s]  9% 2682/29385 [00:02<00:19, 1382.28it/s] 10% 2829/29385 [00:02<00:18, 1405.33it/s] 10% 2982/29385 [00:02<00:18, 1438.58it/s] 11% 3131/29385 [00:02<00:18, 1452.20it/s] 11% 3278/29385 [00:02<00:18, 1443.48it/s] 12% 3424/29385 [00:02<00:19, 1363.83it/s] 12% 3562/29385 [00:02<00:19, 1306.92it/s] 13% 3695/29385 [00:02<00:20, 1271.11it/s] 13% 3825/29385 [00:02<00:19, 1279.58it/s] 13% 3954/29385 [00:03<00:20, 1265.20it/s] 14% 4082/29385 [00:03<00:20, 1236.58it/s] 14% 4207/29385 [00:03<00:20, 1226.48it/s] 15% 4332/29385 [00:03<00:20, 1232.56it/s] 15% 4456/29385 [00:03<00:20, 1227.74it/s] 16% 4584/29385 [00:03<00:19, 1240.34it/s] 16% 4709/29385 [00:03<00:20, 1211.62it/s] 16% 4831/29385 [00:03<00:20, 1199.77it/s] 17% 4952/29385 [00:03<00:21, 1137.39it/s] 17% 5074/29385 [00:04<00:20, 1158.76it/s] 18% 5195/29385 [00:04<00:20, 1171.09it/s] 18% 5314/29385 [00:04<00:20, 1176.27it/s] 18% 5433/29385 [00:04<00:20, 1177.79it/s] 19% 5552/29385 [00:04<00:20, 1179.58it/s] 19% 5674/29385 [00:04<00:19, 1190.94it/s] 20% 5799/29385 [00:04<00:19, 1204.86it/s] 20% 5921/29385 [00:04<00:19, 1207.06it/s] 21% 6042/29385 [00:04<00:19, 1199.13it/s] 21% 6162/29385 [00:04<00:19, 1174.74it/s] 21% 6285/29385 [00:05<00:19, 1190.16it/s] 22% 6422/29385 [00:05<00:18, 1237.56it/s] 22% 6556/29385 [00:05<00:18, 1266.38it/s] 23% 6695/29385 [00:05<00:17, 1298.48it/s] 23% 6839/29385 [00:05<00:16, 1336.53it/s] 24% 6981/29385 [00:05<00:16, 1358.80it/s] 24% 7118/29385 [00:05<00:16, 1355.18it/s] 25% 7259/29385 [00:05<00:16, 1370.86it/s] 25% 7401/29385 [00:05<00:15, 1383.31it/s] 26% 7540/29385 [00:05<00:15, 1379.60it/s] 26% 7681/29385 [00:06<00:15, 1388.24it/s] 27% 7820/29385 [00:06<00:15, 1386.52it/s] 27% 7959/29385 [00:06<00:16, 1331.38it/s] 28% 8093/29385 [00:06<00:16, 1290.95it/s] 28% 8223/29385 [00:06<00:16, 1249.97it/s] 28% 8349/29385 [00:06<00:16, 1239.25it/s] 29% 8474/29385 [00:06<00:17, 1229.86it/s] 29% 8598/29385 [00:06<00:17, 1221.83it/s] 30% 8721/29385 [00:06<00:16, 1218.74it/s] 30% 8844/29385 [00:07<00:16, 1210.67it/s] 31% 8966/29385 [00:07<00:16, 1207.01it/s] 31% 9088/29385 [00:07<00:16, 1208.79it/s] 31% 9209/29385 [00:07<00:16, 1200.98it/s] 32% 9330/29385 [00:07<00:16, 1195.73it/s] 32% 9450/29385 [00:07<00:16, 1187.49it/s] 33% 9569/29385 [00:07<00:16, 1181.39it/s] 33% 9690/29385 [00:07<00:16, 1189.76it/s] 33% 9810/29385 [00:07<00:16, 1192.36it/s] 34% 9932/29385 [00:07<00:16, 1199.06it/s] 34% 10053/29385 [00:08<00:16, 1200.84it/s] 35% 10176/29385 [00:08<00:15, 1208.13it/s] 35% 10297/29385 [00:08<00:15, 1204.75it/s] 35% 10420/29385 [00:08<00:15, 1209.36it/s] 36% 10543/29385 [00:08<00:15, 1212.33it/s] 36% 10668/29385 [00:08<00:15, 1220.52it/s] 37% 10791/29385 [00:08<00:15, 1222.20it/s] 37% 10919/29385 [00:08<00:14, 1237.34it/s] 38% 11060/29385 [00:08<00:14, 1283.88it/s] 38% 11200/29385 [00:08<00:13, 1316.18it/s] 39% 11344/29385 [00:09<00:13, 1349.82it/s] 39% 11488/29385 [00:09<00:13, 1374.83it/s] 40% 11627/29385 [00:09<00:12, 1375.89it/s] 40% 11765/29385 [00:09<00:13, 1344.16it/s] 41% 11909/29385 [00:09<00:12, 1371.42it/s] 41% 12052/29385 [00:09<00:12, 1385.85it/s] 41% 12193/29385 [00:09<00:12, 1392.91it/s] 42% 12338/29385 [00:09<00:12, 1406.29it/s] 42% 12479/29385 [00:09<00:12, 1368.75it/s] 43% 12617/29385 [00:09<00:12, 1323.66it/s] 43% 12750/29385 [00:10<00:15, 1078.91it/s] 44% 12874/29385 [00:10<00:14, 1120.16it/s] 44% 12997/29385 [00:10<00:14, 1149.49it/s] 45% 13135/29385 [00:10<00:13, 1209.66it/s] 45% 13280/29385 [00:10<00:12, 1271.80it/s] 46% 13427/29385 [00:10<00:12, 1324.37it/s] 46% 13570/29385 [00:10<00:11, 1352.87it/s] 47% 13714/29385 [00:10<00:11, 1376.57it/s] 47% 13854/29385 [00:10<00:11, 1360.22it/s] 48% 13998/29385 [00:11<00:11, 1380.88it/s] 48% 14142/29385 [00:11<00:10, 1397.66it/s] 49% 14283/29385 [00:11<00:10, 1395.96it/s] 49% 14425/29385 [00:11<00:10, 1401.86it/s] 50% 14566/29385 [00:11<00:10, 1401.96it/s] 50% 14707/29385 [00:11<00:10, 1353.17it/s] 51% 14843/29385 [00:11<00:11, 1310.79it/s] 51% 14975/29385 [00:11<00:11, 1275.92it/s] 51% 15104/29385 [00:11<00:11, 1248.89it/s] 52% 15230/29385 [00:12<00:14, 963.36it/s]  52% 15337/29385 [00:12<00:14, 937.13it/s] 53% 15482/29385 [00:12<00:13, 1047.59it/s] 53% 15628/29385 [00:12<00:12, 1143.29it/s] 54% 15773/29385 [00:12<00:11, 1219.90it/s] 54% 15915/29385 [00:12<00:10, 1271.36it/s] 55% 16056/29385 [00:12<00:10, 1308.56it/s] 55% 16194/29385 [00:12<00:09, 1327.57it/s] 56% 16337/29385 [00:12<00:09, 1355.34it/s] 56% 16483/29385 [00:13<00:09, 1382.01it/s] 57% 16624/29385 [00:13<00:09, 1383.40it/s] 57% 16764/29385 [00:13<00:09, 1383.41it/s] 58% 16904/29385 [00:13<00:09, 1372.39it/s] 58% 17042/29385 [00:13<00:09, 1320.52it/s] 58% 17175/29385 [00:13<00:09, 1286.84it/s] 59% 17305/29385 [00:13<00:09, 1254.26it/s] 59% 17432/29385 [00:13<00:09, 1245.77it/s] 60% 17558/29385 [00:13<00:09, 1243.96it/s] 60% 17683/29385 [00:13<00:09, 1232.19it/s] 61% 17807/29385 [00:14<00:09, 1217.36it/s] 61% 17929/29385 [00:14<00:09, 1206.12it/s] 61% 18050/29385 [00:14<00:09, 1194.82it/s] 62% 18172/29385 [00:14<00:09, 1199.52it/s] 62% 18293/29385 [00:14<00:09, 1198.02it/s] 63% 18416/29385 [00:14<00:09, 1207.12it/s] 63% 18541/29385 [00:14<00:08, 1216.79it/s] 64% 18663/29385 [00:14<00:08, 1207.31it/s] 64% 18786/29385 [00:14<00:08, 1210.85it/s] 64% 18910/29385 [00:14<00:08, 1219.08it/s] 65% 19032/29385 [00:15<00:08, 1202.10it/s] 65% 19155/29385 [00:15<00:08, 1209.15it/s] 66% 19276/29385 [00:15<00:10, 928.66it/s]  66% 19379/29385 [00:15<00:10, 910.86it/s] 66% 19524/29385 [00:15<00:09, 1024.84it/s] 67% 19670/29385 [00:15<00:08, 1124.23it/s] 67% 19811/29385 [00:15<00:08, 1195.09it/s] 68% 19954/29385 [00:15<00:07, 1255.33it/s] 68% 20090/29385 [00:16<00:07, 1283.90it/s] 69% 20225/29385 [00:16<00:07, 1302.70it/s] 69% 20370/29385 [00:16<00:06, 1342.78it/s] 70% 20512/29385 [00:16<00:06, 1364.59it/s] 70% 20656/29385 [00:16<00:06, 1384.59it/s] 71% 20796/29385 [00:16<00:06, 1384.59it/s] 71% 20936/29385 [00:16<00:06, 1375.16it/s] 72% 21075/29385 [00:16<00:06, 1325.96it/s] 72% 21209/29385 [00:16<00:06, 1291.80it/s] 73% 21339/29385 [00:16<00:06, 1264.56it/s] 73% 21467/29385 [00:17<00:06, 1231.99it/s] 73% 21591/29385 [00:17<00:06, 1227.96it/s] 74% 21715/29385 [00:17<00:06, 1225.88it/s] 74% 21838/29385 [00:17<00:07, 1022.69it/s] 75% 21947/29385 [00:17<00:08, 925.17it/s]  75% 22077/29385 [00:17<00:07, 1011.91it/s] 75% 22185/29385 [00:17<00:06, 1030.49it/s] 76% 22324/29385 [00:17<00:06, 1115.95it/s] 76% 22465/29385 [00:17<00:05, 1189.93it/s] 77% 22608/29385 [00:18<00:05, 1252.11it/s] 77% 22742/29385 [00:18<00:05, 1275.56it/s] 78% 22883/29385 [00:18<00:04, 1311.86it/s] 78% 23027/29385 [00:18<00:04, 1345.77it/s] 79% 23169/29385 [00:18<00:04, 1365.15it/s] 79% 23311/29385 [00:18<00:04, 1378.73it/s] 80% 23450/29385 [00:18<00:04, 1351.30it/s] 80% 23586/29385 [00:18<00:04, 1292.10it/s] 81% 23717/29385 [00:18<00:04, 1263.29it/s] 81% 23845/29385 [00:19<00:04, 1241.35it/s] 82% 23970/29385 [00:19<00:04, 1227.05it/s] 82% 24094/29385 [00:19<00:04, 1216.76it/s] 82% 24217/29385 [00:19<00:04, 1199.19it/s] 83% 24338/29385 [00:19<00:04, 1189.80it/s] 83% 24459/29385 [00:19<00:04, 1193.73it/s] 84% 24579/29385 [00:19<00:04, 1183.83it/s] 84% 24699/29385 [00:19<00:03, 1187.50it/s] 84% 24818/29385 [00:19<00:03, 1186.10it/s] 85% 24937/29385 [00:19<00:03, 1163.24it/s] 85% 25054/29385 [00:20<00:04, 1046.12it/s] 86% 25161/29385 [00:20<00:04, 857.20it/s]  86% 25295/29385 [00:20<00:04, 959.87it/s] 87% 25431/29385 [00:20<00:03, 1052.57it/s] 87% 25573/29385 [00:20<00:03, 1139.14it/s] 87% 25702/29385 [00:20<00:03, 1179.77it/s] 88% 25845/29385 [00:20<00:02, 1243.99it/s] 88% 25975/29385 [00:20<00:02, 1258.47it/s] 89% 26115/29385 [00:20<00:02, 1295.58it/s] 89% 26251/29385 [00:21<00:02, 1313.07it/s] 90% 26385/29385 [00:21<00:02, 1304.92it/s] 90% 26518/29385 [00:21<00:02, 1311.03it/s] 91% 26651/29385 [00:21<00:02, 1299.68it/s] 91% 26782/29385 [00:21<00:02, 1253.16it/s] 92% 26909/29385 [00:21<00:02, 1220.74it/s] 92% 27032/29385 [00:21<00:01, 1179.75it/s] 92% 27151/29385 [00:21<00:01, 1145.75it/s] 93% 27267/29385 [00:21<00:01, 1125.94it/s] 93% 27381/29385 [00:22<00:01, 1105.83it/s] 94% 27493/29385 [00:22<00:02, 932.26it/s]  94% 27592/29385 [00:22<00:02, 805.81it/s] 94% 27705/29385 [00:22<00:01, 881.13it/s] 95% 27814/29385 [00:22<00:01, 933.85it/s] 95% 27960/29385 [00:22<00:01, 1046.28it/s] 96% 28104/29385 [00:22<00:01, 1139.19it/s] 96% 28253/29385 [00:22<00:00, 1223.73it/s] 97% 28386/29385 [00:22<00:00, 1252.05it/s] 97% 28527/29385 [00:23<00:00, 1294.35it/s] 98% 28668/29385 [00:23<00:00, 1325.52it/s] 98% 28807/29385 [00:23<00:00, 1343.05it/s] 99% 28948/29385 [00:23<00:00, 1362.11it/s] 99% 29093/29385 [00:23<00:00, 1385.05it/s] 99% 29233/29385 [00:23<00:00, 1336.75it/s]100% 29368/29385 [00:23<00:00, 1299.40it/s]100% 29385/29385 [00:23<00:00, 1239.57it/s]
  0% 0/29385 [00:00<?, ?it/s] 38% 11161/29385 [00:00<00:00, 111601.59it/s]100% 29385/29385 [00:00<00:00, 159360.36it/s]
Warning: 1 SMILES are invalid.
Number of tasks = 622
Splitting data with seed 0
Class sizes
CHEMBL1002712 0: 27.00%, 1: 73.00%
CHEMBL1022010 0: 6.90%, 1: 93.10%
CHEMBL1024480 0: 89.58%, 1: 10.42%
CHEMBL1026933 0: 40.85%, 1: 59.15%
CHEMBL1026934 0: 5.61%, 1: 94.39%
CHEMBL1031359 0: 4.00%, 1: 96.00%
CHEMBL1033994 0: 41.98%, 1: 58.02%
CHEMBL1034533 0: 17.31%, 1: 82.69%
CHEMBL1034535 0: 46.15%, 1: 53.85%
CHEMBL1167052 0: 17.78%, 1: 82.22%
CHEMBL1169087 0: 77.78%, 1: 22.22%
CHEMBL1243965 0: 17.11%, 1: 82.89%
CHEMBL1243966 0: 41.96%, 1: 58.04%
CHEMBL1243967 0: 10.17%, 1: 89.83%
CHEMBL1243968 0: 15.06%, 1: 84.94%
CHEMBL1243969 0: 20.17%, 1: 79.83%
CHEMBL1243970 0: 6.91%, 1: 93.09%
CHEMBL1243971 0: 48.89%, 1: 51.11%
CHEMBL1243972 0: 9.92%, 1: 90.08%
CHEMBL1243975 0: 51.38%, 1: 48.62%
CHEMBL1243976 0: 28.99%, 1: 71.01%
CHEMBL1243977 0: 31.19%, 1: 68.81%
CHEMBL1243978 0: 27.12%, 1: 72.88%
CHEMBL1246088 0: 48.37%, 1: 51.63%
CHEMBL1613775 0: 40.78%, 1: 59.22%
CHEMBL1613785 0: 43.22%, 1: 56.78%
CHEMBL1613787 0: 69.08%, 1: 30.92%
CHEMBL1613806 0: 49.11%, 1: 50.89%
CHEMBL1613812 0: 7.35%, 1: 92.65%
CHEMBL1613813 0: 44.20%, 1: 55.80%
CHEMBL1613814 0: 53.85%, 1: 46.15%
CHEMBL1613817 0: 84.86%, 1: 15.14%
CHEMBL1613821 0: 13.79%, 1: 86.21%
CHEMBL1613853 0: 41.86%, 1: 58.14%
CHEMBL1613859 0: 72.94%, 1: 27.06%
CHEMBL1613861 0: 14.47%, 1: 85.53%
CHEMBL1613871 0: 6.15%, 1: 93.85%
CHEMBL1613876 0: 54.35%, 1: 45.65%
CHEMBL1613890 0: 34.85%, 1: 65.15%
CHEMBL1613893 0: 74.40%, 1: 25.60%
CHEMBL1613898 0: 75.45%, 1: 24.55%
CHEMBL1613903 0: 56.44%, 1: 43.56%
CHEMBL1613904 0: 50.77%, 1: 49.23%
CHEMBL1613907 0: 5.34%, 1: 94.66%
CHEMBL1613926 0: 30.15%, 1: 69.85%
CHEMBL1613941 0: 32.58%, 1: 67.42%
CHEMBL1613942 0: 41.43%, 1: 58.57%
CHEMBL1613947 0: 46.01%, 1: 53.99%
CHEMBL1613949 0: 60.13%, 1: 39.87%
CHEMBL1613950 0: 43.05%, 1: 56.95%
CHEMBL1613955 0: 54.04%, 1: 45.96%
CHEMBL1613956 0: 37.82%, 1: 62.18%
CHEMBL1613962 0: 24.26%, 1: 75.74%
CHEMBL1613967 0: 44.59%, 1: 55.41%
CHEMBL1613980 0: 84.92%, 1: 15.08%
CHEMBL1613981 0: 58.85%, 1: 41.15%
CHEMBL1613991 0: 14.98%, 1: 85.02%
CHEMBL1613998 0: 15.74%, 1: 84.26%
CHEMBL1614007 0: 13.33%, 1: 86.67%
CHEMBL1614008 0: 38.40%, 1: 61.60%
CHEMBL1614034 0: 2.63%, 1: 97.37%
CHEMBL1614035 0: 77.14%, 1: 22.86%
CHEMBL1614044 0: 23.88%, 1: 76.12%
CHEMBL1614049 0: 39.63%, 1: 60.37%
CHEMBL1614053 0: 42.48%, 1: 57.52%
CHEMBL1614056 0: 81.19%, 1: 18.81%
CHEMBL1614065 0: 9.71%, 1: 90.29%
CHEMBL1614066 0: 94.74%, 1: 5.26%
CHEMBL1614070 0: 18.75%, 1: 81.25%
CHEMBL1614072 0: 50.36%, 1: 49.64%
CHEMBL1614083 0: 94.44%, 1: 5.56%
CHEMBL1614086 0: 5.94%, 1: 94.06%
CHEMBL1614091 0: 4.43%, 1: 95.57%
CHEMBL1614092 0: 47.50%, 1: 52.50%
CHEMBL1614097 0: 46.99%, 1: 53.01%
CHEMBL1614109 0: 59.87%, 1: 40.13%
CHEMBL1614117 0: 16.35%, 1: 83.65%
CHEMBL1614132 0: 42.07%, 1: 57.93%
CHEMBL1614138 0: 67.83%, 1: 32.17%
CHEMBL1614147 0: 7.78%, 1: 92.22%
CHEMBL1614154 0: 9.52%, 1: 90.48%
CHEMBL1614167 0: 16.17%, 1: 83.83%
CHEMBL1614177 0: 94.85%, 1: 5.15%
CHEMBL1614197 0: 5.26%, 1: 94.74%
CHEMBL1614210 0: 60.16%, 1: 39.84%
CHEMBL1614215 0: 52.76%, 1: 47.24%
CHEMBL1614216 0: 48.52%, 1: 51.48%
CHEMBL1614218 0: 22.36%, 1: 77.64%
CHEMBL1614220 0: 32.80%, 1: 67.20%
CHEMBL1614225 0: 62.50%, 1: 37.50%
CHEMBL1614226 0: 81.15%, 1: 18.85%
CHEMBL1614231 0: 46.96%, 1: 53.04%
CHEMBL1614244 0: 38.85%, 1: 61.15%
CHEMBL1614255 0: 61.26%, 1: 38.74%
CHEMBL1614259 0: 32.82%, 1: 67.18%
CHEMBL1614265 0: 26.51%, 1: 73.49%
CHEMBL1614267 0: 29.46%, 1: 70.54%
CHEMBL1614272 0: 67.71%, 1: 32.29%
CHEMBL1614273 0: 51.97%, 1: 48.03%
CHEMBL1614283 0: 52.89%, 1: 47.11%
CHEMBL1614287 0: 85.53%, 1: 14.47%
CHEMBL1614290 0: 4.51%, 1: 95.49%
CHEMBL1614295 0: 2.29%, 1: 97.71%
CHEMBL1614301 0: 19.74%, 1: 80.26%
CHEMBL1614308 0: 50.82%, 1: 49.18%
CHEMBL1614309 0: 27.66%, 1: 72.34%
CHEMBL1614310 0: 51.81%, 1: 48.19%
CHEMBL1614311 0: 53.76%, 1: 46.24%
CHEMBL1614319 0: 72.16%, 1: 27.84%
CHEMBL1614321 0: 60.16%, 1: 39.84%
CHEMBL1614329 0: 40.69%, 1: 59.31%
CHEMBL1614338 0: 15.00%, 1: 85.00%
CHEMBL1614344 0: 67.72%, 1: 32.28%
CHEMBL1614345 0: 39.50%, 1: 60.50%
CHEMBL1614355 0: 4.11%, 1: 95.89%
CHEMBL1614356 0: 43.90%, 1: 56.10%
CHEMBL1614362 0: 19.17%, 1: 80.83%
CHEMBL1614363 0: 53.19%, 1: 46.81%
CHEMBL1614373 0: 30.84%, 1: 69.16%
CHEMBL1614376 0: 4.07%, 1: 95.93%
CHEMBL1614380 0: 78.10%, 1: 21.90%
CHEMBL1614388 0: 56.19%, 1: 43.81%
CHEMBL1614393 0: 45.00%, 1: 55.00%
CHEMBL1614395 0: 11.32%, 1: 88.68%
CHEMBL1614405 0: 50.94%, 1: 49.06%
CHEMBL1614408 0: 33.33%, 1: 66.67%
CHEMBL1614417 0: 27.19%, 1: 72.81%
CHEMBL1614425 0: 38.24%, 1: 61.76%
CHEMBL1614433 0: 60.77%, 1: 39.23%
CHEMBL1614450 0: 10.32%, 1: 89.68%
CHEMBL1614462 0: 65.35%, 1: 34.65%
CHEMBL1614463 0: 49.61%, 1: 50.39%
CHEMBL1614465 0: 20.00%, 1: 80.00%
CHEMBL1614477 0: 43.75%, 1: 56.25%
CHEMBL1614478 0: 12.50%, 1: 87.50%
CHEMBL1614479 0: 8.49%, 1: 91.51%
CHEMBL1614480 0: 85.71%, 1: 14.29%
CHEMBL1614482 0: 59.82%, 1: 40.18%
CHEMBL1614484 0: 9.01%, 1: 90.99%
CHEMBL1614486 0: 40.48%, 1: 59.52%
CHEMBL1614492 0: 40.54%, 1: 59.46%
CHEMBL1614503 0: 40.30%, 1: 59.70%
CHEMBL1614509 0: 79.43%, 1: 20.57%
CHEMBL1614512 0: 62.79%, 1: 37.21%
CHEMBL1614514 0: 83.07%, 1: 16.93%
CHEMBL1614515 0: 19.61%, 1: 80.39%
CHEMBL1614516 0: 96.81%, 1: 3.19%
CHEMBL1614518 0: 45.69%, 1: 54.31%
CHEMBL1614525 0: 52.00%, 1: 48.00%
CHEMBL1614528 0: 40.91%, 1: 59.09%
CHEMBL1614539 0: 14.12%, 1: 85.88%
CHEMBL1614548 0: 17.95%, 1: 82.05%
CHEMBL1614550 0: 9.30%, 1: 90.70%
CHEMBL1670561 0: 15.13%, 1: 84.87%
CHEMBL1676103 0: 39.85%, 1: 60.15%
CHEMBL1737862 0: 25.69%, 1: 74.31%
CHEMBL1737863 0: 36.27%, 1: 63.73%
CHEMBL1737868 0: 79.41%, 1: 20.59%
CHEMBL1737910 0: 45.71%, 1: 54.29%
CHEMBL1737951 0: 51.83%, 1: 48.17%
CHEMBL1737977 0: 13.87%, 1: 86.13%
CHEMBL1737978 0: 18.18%, 1: 81.82%
CHEMBL1737979 0: 8.94%, 1: 91.06%
CHEMBL1738019 0: 24.85%, 1: 75.15%
CHEMBL1738021 0: 10.87%, 1: 89.13%
CHEMBL1738040 0: 73.48%, 1: 26.52%
CHEMBL1738043 0: 46.43%, 1: 53.57%
CHEMBL1738079 0: 3.88%, 1: 96.12%
CHEMBL1738080 0: 76.43%, 1: 23.57%
CHEMBL1738091 0: 89.77%, 1: 10.23%
CHEMBL1738092 0: 13.76%, 1: 86.24%
CHEMBL1738097 0: 72.41%, 1: 27.59%
CHEMBL1738192 0: 83.17%, 1: 16.83%
CHEMBL1738197 0: 36.90%, 1: 63.10%
CHEMBL1738202 0: 3.47%, 1: 96.53%
CHEMBL1738246 0: 14.52%, 1: 85.48%
CHEMBL1738313 0: 57.69%, 1: 42.31%
CHEMBL1738319 0: 59.17%, 1: 40.83%
CHEMBL1738325 0: 96.86%, 1: 3.14%
CHEMBL1738362 0: 21.43%, 1: 78.57%
CHEMBL1738371 0: 81.97%, 1: 18.03%
CHEMBL1738400 0: 77.86%, 1: 22.14%
CHEMBL1738418 0: 68.85%, 1: 31.15%
CHEMBL1738422 0: 4.29%, 1: 95.71%
CHEMBL1738423 0: 76.15%, 1: 23.85%
CHEMBL1738430 0: 25.54%, 1: 74.46%
CHEMBL1738438 0: 2.76%, 1: 97.24%
CHEMBL1738482 0: 7.69%, 1: 92.31%
CHEMBL1738514 0: 26.73%, 1: 73.27%
CHEMBL1738575 0: 65.65%, 1: 34.35%
CHEMBL1738579 0: 22.79%, 1: 77.21%
CHEMBL1738599 0: 16.07%, 1: 83.93%
CHEMBL1738602 0: 42.70%, 1: 57.30%
CHEMBL1738619 0: 83.17%, 1: 16.83%
CHEMBL1738633 0: 4.05%, 1: 95.95%
CHEMBL1738642 0: 34.82%, 1: 65.18%
CHEMBL1738679 0: 63.95%, 1: 36.05%
CHEMBL1738684 0: 13.21%, 1: 86.79%
CHEMBL1794296 0: 44.02%, 1: 55.98%
CHEMBL1794320 0: 96.68%, 1: 3.32%
CHEMBL1794358 0: 94.14%, 1: 5.86%
CHEMBL1794367 0: 42.52%, 1: 57.48%
CHEMBL1794393 0: 67.55%, 1: 32.45%
CHEMBL1794400 0: 35.59%, 1: 64.41%
CHEMBL1794420 0: 54.46%, 1: 45.54%
CHEMBL1794438 0: 40.17%, 1: 59.83%
CHEMBL1794445 0: 87.84%, 1: 12.16%
CHEMBL1794452 0: 94.30%, 1: 5.70%
CHEMBL1794455 0: 52.48%, 1: 47.52%
CHEMBL1794457 0: 92.98%, 1: 7.02%
CHEMBL1794460 0: 28.63%, 1: 71.37%
CHEMBL1794484 0: 44.93%, 1: 55.07%
CHEMBL1794497 0: 8.47%, 1: 91.53%
CHEMBL1794498 0: 53.47%, 1: 46.53%
CHEMBL1794508 0: 94.63%, 1: 5.37%
CHEMBL1794548 0: 88.74%, 1: 11.26%
CHEMBL1794566 0: 6.05%, 1: 93.95%
CHEMBL1794570 0: 92.79%, 1: 7.21%
CHEMBL1794581 0: 19.65%, 1: 80.35%
CHEMBL1804798 0: 71.83%, 1: 28.17%
CHEMBL1820680 0: 46.81%, 1: 53.19%
CHEMBL1827362 0: 25.62%, 1: 74.38%
CHEMBL1963813 0: 79.19%, 1: 20.81%
CHEMBL1963838 0: 75.83%, 1: 24.17%
CHEMBL1963846 0: 85.07%, 1: 14.93%
CHEMBL1963849 0: 21.77%, 1: 78.23%
CHEMBL1963857 0: 39.45%, 1: 60.55%
CHEMBL1963867 0: 73.13%, 1: 26.87%
CHEMBL1963898 0: 75.62%, 1: 24.38%
CHEMBL1963899 0: 24.19%, 1: 75.81%
CHEMBL1963907 0: 64.35%, 1: 35.65%
CHEMBL1963910 0: 10.50%, 1: 89.50%
CHEMBL1963915 0: 15.00%, 1: 85.00%
CHEMBL1963930 0: 3.64%, 1: 96.36%
CHEMBL1963933 0: 93.91%, 1: 6.09%
CHEMBL1963934 0: 3.64%, 1: 96.36%
CHEMBL1963940 0: 33.79%, 1: 66.21%
CHEMBL1963968 0: 51.52%, 1: 48.48%
CHEMBL1963969 0: 25.83%, 1: 74.17%
CHEMBL1963974 0: 88.26%, 1: 11.74%
CHEMBL1963983 0: 76.39%, 1: 23.61%
CHEMBL1964005 0: 6.67%, 1: 93.33%
CHEMBL1964010 0: 76.06%, 1: 23.94%
CHEMBL1964023 0: 73.75%, 1: 26.25%
CHEMBL1964046 0: 36.29%, 1: 63.71%
CHEMBL1964055 0: 10.00%, 1: 90.00%
CHEMBL2028073 0: 76.99%, 1: 23.01%
CHEMBL2028074 0: 74.88%, 1: 25.12%
CHEMBL2028075 0: 56.46%, 1: 43.54%
CHEMBL2028076 0: 85.04%, 1: 14.96%
CHEMBL2045986 0: 7.37%, 1: 92.63%
CHEMBL2091156 0: 19.10%, 1: 80.90%
CHEMBL2098499 0: 74.45%, 1: 25.55%
CHEMBL2114715 0: 60.31%, 1: 39.69%
CHEMBL2114717 0: 69.29%, 1: 30.71%
CHEMBL2114718 0: 16.81%, 1: 83.19%
CHEMBL2114727 0: 16.96%, 1: 83.04%
CHEMBL2114728 0: 9.82%, 1: 90.18%
CHEMBL2114742 0: 33.90%, 1: 66.10%
CHEMBL2114748 0: 59.44%, 1: 40.56%
CHEMBL2114752 0: 15.02%, 1: 84.98%
CHEMBL2114764 0: 42.92%, 1: 57.08%
CHEMBL2114771 0: 64.02%, 1: 35.98%
CHEMBL2114791 0: 1.99%, 1: 98.01%
CHEMBL2114797 0: 42.41%, 1: 57.59%
CHEMBL2114803 0: 22.86%, 1: 77.14%
CHEMBL2114811 0: 10.16%, 1: 89.84%
CHEMBL2114814 0: 44.98%, 1: 55.02%
CHEMBL2114820 0: 16.31%, 1: 83.69%
CHEMBL2114823 0: 20.90%, 1: 79.10%
CHEMBL2114826 0: 50.79%, 1: 49.21%
CHEMBL2114827 0: 93.80%, 1: 6.20%
CHEMBL2114830 0: 20.17%, 1: 79.83%
CHEMBL2114839 0: 28.69%, 1: 71.31%
CHEMBL2114844 0: 32.59%, 1: 67.41%
CHEMBL2114847 0: 13.84%, 1: 86.16%
CHEMBL2114863 0: 33.55%, 1: 66.45%
CHEMBL2114874 0: 28.03%, 1: 71.97%
CHEMBL2114883 0: 44.95%, 1: 55.05%
CHEMBL2114914 0: 20.72%, 1: 79.28%
CHEMBL2114927 0: 84.11%, 1: 15.89%
CHEMBL2114928 0: 86.06%, 1: 13.94%
CHEMBL2114930 0: 4.68%, 1: 95.32%
CHEMBL2155446 0: 5.83%, 1: 94.17%
CHEMBL2303649 0: 68.09%, 1: 31.91%
CHEMBL2354206 0: 93.86%, 1: 6.14%
CHEMBL2354207 0: 15.46%, 1: 84.54%
CHEMBL2354217 0: 20.69%, 1: 79.31%
CHEMBL2354227 0: 21.70%, 1: 78.30%
CHEMBL2354228 0: 59.88%, 1: 40.12%
CHEMBL2354248 0: 96.55%, 1: 3.45%
CHEMBL2354260 0: 54.63%, 1: 45.37%
CHEMBL2354274 0: 5.26%, 1: 94.74%
CHEMBL2354276 0: 75.30%, 1: 24.70%
CHEMBL2354292 0: 77.91%, 1: 22.09%
CHEMBL2354303 0: 86.76%, 1: 13.24%
CHEMBL2354305 0: 14.37%, 1: 85.63%
CHEMBL2354307 0: 9.17%, 1: 90.83%
CHEMBL2363140 0: 68.70%, 1: 31.30%
CHEMBL2363141 0: 76.19%, 1: 23.81%
CHEMBL2363142 0: 60.20%, 1: 39.80%
CHEMBL2363146 0: 67.68%, 1: 32.32%
CHEMBL2363148 0: 67.68%, 1: 32.32%
CHEMBL2363152 0: 41.86%, 1: 58.14%
CHEMBL2363153 0: 34.07%, 1: 65.93%
CHEMBL2363154 0: 89.66%, 1: 10.34%
CHEMBL2363160 0: 68.69%, 1: 31.31%
CHEMBL2363165 0: 64.38%, 1: 35.62%
CHEMBL2363166 0: 62.50%, 1: 37.50%
CHEMBL2363167 0: 68.32%, 1: 31.68%
CHEMBL2363168 0: 59.76%, 1: 40.24%
CHEMBL2363169 0: 65.48%, 1: 34.52%
CHEMBL2363171 0: 74.75%, 1: 25.25%
CHEMBL2363174 0: 55.79%, 1: 44.21%
CHEMBL2363176 0: 36.67%, 1: 63.33%
CHEMBL2363178 0: 70.41%, 1: 29.59%
CHEMBL2363180 0: 72.57%, 1: 27.43%
CHEMBL2363184 0: 79.79%, 1: 20.21%
CHEMBL2363185 0: 49.02%, 1: 50.98%
CHEMBL2363187 0: 62.00%, 1: 38.00%
CHEMBL2363189 0: 42.57%, 1: 57.43%
CHEMBL2363197 0: 76.29%, 1: 23.71%
CHEMBL2363207 0: 67.31%, 1: 32.69%
CHEMBL2363208 0: 38.24%, 1: 61.76%
CHEMBL2363210 0: 50.00%, 1: 50.00%
CHEMBL2363211 0: 60.64%, 1: 39.36%
CHEMBL2363212 0: 48.57%, 1: 51.43%
CHEMBL2363213 0: 67.71%, 1: 32.29%
CHEMBL2363214 0: 50.52%, 1: 49.48%
CHEMBL2363215 0: 56.00%, 1: 44.00%
CHEMBL2363216 0: 46.53%, 1: 53.47%
CHEMBL2363218 0: 48.04%, 1: 51.96%
CHEMBL2363220 0: 54.21%, 1: 45.79%
CHEMBL2363221 0: 71.96%, 1: 28.04%
CHEMBL2363223 0: 57.30%, 1: 42.70%
CHEMBL2363224 0: 43.00%, 1: 57.00%
CHEMBL2363225 0: 62.89%, 1: 37.11%
CHEMBL2363227 0: 67.42%, 1: 32.58%
CHEMBL2363228 0: 51.22%, 1: 48.78%
CHEMBL2363230 0: 28.12%, 1: 71.88%
CHEMBL2363236 0: 69.44%, 1: 30.56%
CHEMBL2363238 0: 51.92%, 1: 48.08%
CHEMBL2363239 0: 53.61%, 1: 46.39%
CHEMBL2363242 0: 49.48%, 1: 50.52%
CHEMBL2363243 0: 50.00%, 1: 50.00%
CHEMBL2363245 0: 60.82%, 1: 39.18%
CHEMBL2363247 0: 58.06%, 1: 41.94%
CHEMBL2363248 0: 55.56%, 1: 44.44%
CHEMBL2363252 0: 46.24%, 1: 53.76%
CHEMBL2363253 0: 46.67%, 1: 53.33%
CHEMBL2363255 0: 73.20%, 1: 26.80%
CHEMBL2363263 0: 58.90%, 1: 41.10%
CHEMBL2363264 0: 58.76%, 1: 41.24%
CHEMBL2363265 0: 57.47%, 1: 42.53%
CHEMBL2363268 0: 57.14%, 1: 42.86%
CHEMBL2363269 0: 58.10%, 1: 41.90%
CHEMBL2363272 0: 56.73%, 1: 43.27%
CHEMBL2363273 0: 68.32%, 1: 31.68%
CHEMBL2363275 0: 56.19%, 1: 43.81%
CHEMBL2363277 0: 51.06%, 1: 48.94%
CHEMBL2363278 0: 44.44%, 1: 55.56%
CHEMBL2363283 0: 43.53%, 1: 56.47%
CHEMBL2363290 0: 65.05%, 1: 34.95%
CHEMBL2363294 0: 46.08%, 1: 53.92%
CHEMBL2363299 0: 46.51%, 1: 53.49%
CHEMBL2363307 0: 55.17%, 1: 44.83%
CHEMBL2363313 0: 54.26%, 1: 45.74%
CHEMBL2363314 0: 65.69%, 1: 34.31%
CHEMBL2363315 0: 63.89%, 1: 36.11%
CHEMBL2363317 0: 54.55%, 1: 45.45%
CHEMBL2363319 0: 70.18%, 1: 29.82%
CHEMBL2363321 0: 77.89%, 1: 22.11%
CHEMBL2363322 0: 68.27%, 1: 31.73%
CHEMBL2363324 0: 67.35%, 1: 32.65%
CHEMBL2363326 0: 50.94%, 1: 49.06%
CHEMBL2363327 0: 57.29%, 1: 42.71%
CHEMBL2363328 0: 71.43%, 1: 28.57%
CHEMBL2363330 0: 40.91%, 1: 59.09%
CHEMBL2363332 0: 51.43%, 1: 48.57%
CHEMBL2363333 0: 51.04%, 1: 48.96%
CHEMBL2363334 0: 48.21%, 1: 51.79%
CHEMBL2363335 0: 63.00%, 1: 37.00%
CHEMBL2363336 0: 63.04%, 1: 36.96%
CHEMBL2363337 0: 66.99%, 1: 33.01%
CHEMBL2363338 0: 48.11%, 1: 51.89%
CHEMBL2363339 0: 55.26%, 1: 44.74%
CHEMBL2363341 0: 70.75%, 1: 29.25%
CHEMBL2363343 0: 68.63%, 1: 31.37%
CHEMBL2363348 0: 66.32%, 1: 33.68%
CHEMBL2363349 0: 40.59%, 1: 59.41%
CHEMBL2363351 0: 38.64%, 1: 61.36%
CHEMBL2363352 0: 59.80%, 1: 40.20%
CHEMBL2363353 0: 59.41%, 1: 40.59%
CHEMBL2363363 0: 49.00%, 1: 51.00%
CHEMBL2363364 0: 71.70%, 1: 28.30%
CHEMBL2363366 0: 34.00%, 1: 66.00%
CHEMBL2363367 0: 69.52%, 1: 30.48%
CHEMBL2363368 0: 38.95%, 1: 61.05%
CHEMBL2363369 0: 46.94%, 1: 53.06%
CHEMBL2363370 0: 61.68%, 1: 38.32%
CHEMBL2363371 0: 66.29%, 1: 33.71%
CHEMBL2363373 0: 62.75%, 1: 37.25%
CHEMBL2363374 0: 57.55%, 1: 42.45%
CHEMBL2363375 0: 50.00%, 1: 50.00%
CHEMBL2363377 0: 45.00%, 1: 55.00%
CHEMBL2363383 0: 71.84%, 1: 28.16%
CHEMBL2363385 0: 52.43%, 1: 47.57%
CHEMBL2363387 0: 70.54%, 1: 29.46%
CHEMBL2363388 0: 62.89%, 1: 37.11%
CHEMBL2363389 0: 55.14%, 1: 44.86%
CHEMBL2363390 0: 65.74%, 1: 34.26%
CHEMBL2363391 0: 58.00%, 1: 42.00%
CHEMBL2363393 0: 63.74%, 1: 36.26%
CHEMBL2363395 0: 70.65%, 1: 29.35%
CHEMBL2363397 0: 42.86%, 1: 57.14%
CHEMBL2363403 0: 55.00%, 1: 45.00%
CHEMBL2363414 0: 42.11%, 1: 57.89%
CHEMBL2363420 0: 53.26%, 1: 46.74%
CHEMBL2363421 0: 83.78%, 1: 16.22%
CHEMBL2363425 0: 58.59%, 1: 41.41%
CHEMBL2363426 0: 50.57%, 1: 49.43%
CHEMBL2363432 0: 40.00%, 1: 60.00%
CHEMBL2363433 0: 54.37%, 1: 45.63%
CHEMBL2363434 0: 65.96%, 1: 34.04%
CHEMBL2363435 0: 60.82%, 1: 39.18%
CHEMBL2363437 0: 44.57%, 1: 55.43%
CHEMBL2363438 0: 47.25%, 1: 52.75%
CHEMBL2363440 0: 60.00%, 1: 40.00%
CHEMBL2363442 0: 62.92%, 1: 37.08%
CHEMBL2363443 0: 72.32%, 1: 27.68%
CHEMBL2363444 0: 24.00%, 1: 76.00%
CHEMBL2363445 0: 53.68%, 1: 46.32%
CHEMBL2363446 0: 54.64%, 1: 45.36%
CHEMBL2363447 0: 62.73%, 1: 37.27%
CHEMBL2363449 0: 84.47%, 1: 15.53%
CHEMBL2363452 0: 61.00%, 1: 39.00%
CHEMBL2363453 0: 67.44%, 1: 32.56%
CHEMBL2363454 0: 58.00%, 1: 42.00%
CHEMBL2363457 0: 58.25%, 1: 41.75%
CHEMBL2363458 0: 65.74%, 1: 34.26%
CHEMBL2363459 0: 48.15%, 1: 51.85%
CHEMBL2363464 0: 67.68%, 1: 32.32%
CHEMBL2363465 0: 69.61%, 1: 30.39%
CHEMBL2363467 0: 59.52%, 1: 40.48%
CHEMBL2363468 0: 66.67%, 1: 33.33%
CHEMBL2363469 0: 52.53%, 1: 47.47%
CHEMBL2363470 0: 77.48%, 1: 22.52%
CHEMBL2363477 0: 62.38%, 1: 37.62%
CHEMBL2363480 0: 52.08%, 1: 47.92%
CHEMBL2363481 0: 70.71%, 1: 29.29%
CHEMBL2363489 0: 61.54%, 1: 38.46%
CHEMBL2363492 0: 85.32%, 1: 14.68%
CHEMBL2363504 0: 59.80%, 1: 40.20%
CHEMBL2363507 0: 65.05%, 1: 34.95%
CHEMBL2363514 0: 75.00%, 1: 25.00%
CHEMBL2363516 0: 69.16%, 1: 30.84%
CHEMBL2363529 0: 71.70%, 1: 28.30%
CHEMBL2363531 0: 63.10%, 1: 36.90%
CHEMBL2363535 0: 55.10%, 1: 44.90%
CHEMBL2363541 0: 65.96%, 1: 34.04%
CHEMBL2363544 0: 60.82%, 1: 39.18%
CHEMBL2363546 0: 53.85%, 1: 46.15%
CHEMBL2363549 0: 73.40%, 1: 26.60%
CHEMBL2363552 0: 68.35%, 1: 31.65%
CHEMBL2363553 0: 47.42%, 1: 52.58%
CHEMBL2363555 0: 65.71%, 1: 34.29%
CHEMBL2363556 0: 52.53%, 1: 47.47%
CHEMBL2363557 0: 60.75%, 1: 39.25%
CHEMBL2363558 0: 34.95%, 1: 65.05%
CHEMBL2363559 0: 56.25%, 1: 43.75%
CHEMBL2363560 0: 56.57%, 1: 43.43%
CHEMBL2363561 0: 33.71%, 1: 66.29%
CHEMBL2363562 0: 48.04%, 1: 51.96%
CHEMBL2363568 0: 56.67%, 1: 43.33%
CHEMBL2363569 0: 52.43%, 1: 47.57%
CHEMBL2363572 0: 66.67%, 1: 33.33%
CHEMBL2363573 0: 52.34%, 1: 47.66%
CHEMBL2363575 0: 47.52%, 1: 52.48%
CHEMBL2363577 0: 54.55%, 1: 45.45%
CHEMBL2363581 0: 62.11%, 1: 37.89%
CHEMBL2363592 0: 51.72%, 1: 48.28%
CHEMBL2363593 0: 34.44%, 1: 65.56%
CHEMBL2363594 0: 73.63%, 1: 26.37%
CHEMBL2363599 0: 66.09%, 1: 33.91%
CHEMBL2363601 0: 48.62%, 1: 51.38%
CHEMBL2363609 0: 53.76%, 1: 46.24%
CHEMBL2363611 0: 71.96%, 1: 28.04%
CHEMBL2363612 0: 35.23%, 1: 64.77%
CHEMBL2363616 0: 55.14%, 1: 44.86%
CHEMBL2363618 0: 47.83%, 1: 52.17%
CHEMBL2363621 0: 58.95%, 1: 41.05%
CHEMBL2363623 0: 65.05%, 1: 34.95%
CHEMBL2363628 0: 81.25%, 1: 18.75%
CHEMBL2363630 0: 50.00%, 1: 50.00%
CHEMBL2363631 0: 54.26%, 1: 45.74%
CHEMBL2363633 0: 57.58%, 1: 42.42%
CHEMBL2363634 0: 49.07%, 1: 50.93%
CHEMBL2363635 0: 78.50%, 1: 21.50%
CHEMBL2363639 0: 53.77%, 1: 46.23%
CHEMBL2363642 0: 56.18%, 1: 43.82%
CHEMBL2363644 0: 75.76%, 1: 24.24%
CHEMBL2363645 0: 63.21%, 1: 36.79%
CHEMBL2363655 0: 55.66%, 1: 44.34%
CHEMBL2363656 0: 74.04%, 1: 25.96%
CHEMBL2363657 0: 39.78%, 1: 60.22%
CHEMBL2363659 0: 53.76%, 1: 46.24%
CHEMBL2363660 0: 53.40%, 1: 46.60%
CHEMBL2363664 0: 60.58%, 1: 39.42%
CHEMBL2363671 0: 60.22%, 1: 39.78%
CHEMBL2363688 0: 79.82%, 1: 20.18%
CHEMBL2363692 0: 53.64%, 1: 46.36%
CHEMBL2363695 0: 46.73%, 1: 53.27%
CHEMBL2363696 0: 55.67%, 1: 44.33%
CHEMBL2363697 0: 37.93%, 1: 62.07%
CHEMBL2363707 0: 54.26%, 1: 45.74%
CHEMBL2363713 0: 30.85%, 1: 69.15%
CHEMBL2363716 0: 51.55%, 1: 48.45%
CHEMBL2363719 0: 41.00%, 1: 59.00%
CHEMBL2363723 0: 64.10%, 1: 35.90%
CHEMBL2363725 0: 46.15%, 1: 53.85%
CHEMBL2363727 0: 52.63%, 1: 47.37%
CHEMBL2363728 0: 45.71%, 1: 54.29%
CHEMBL2363731 0: 67.96%, 1: 32.04%
CHEMBL2363734 0: 52.87%, 1: 47.13%
CHEMBL2363737 0: 42.86%, 1: 57.14%
CHEMBL2363739 0: 37.08%, 1: 62.92%
CHEMBL2363740 0: 70.19%, 1: 29.81%
CHEMBL2363743 0: 55.77%, 1: 44.23%
CHEMBL2363747 0: 41.67%, 1: 58.33%
CHEMBL2363748 0: 67.01%, 1: 32.99%
CHEMBL2363749 0: 48.45%, 1: 51.55%
CHEMBL2363753 0: 47.47%, 1: 52.53%
CHEMBL2363764 0: 73.21%, 1: 26.79%
CHEMBL2363766 0: 32.67%, 1: 67.33%
CHEMBL2363767 0: 55.79%, 1: 44.21%
CHEMBL2363771 0: 60.19%, 1: 39.81%
CHEMBL2363774 0: 76.92%, 1: 23.08%
CHEMBL2363788 0: 53.61%, 1: 46.39%
CHEMBL2363789 0: 51.96%, 1: 48.04%
CHEMBL2363790 0: 42.11%, 1: 57.89%
CHEMBL2363793 0: 64.95%, 1: 35.05%
CHEMBL2363794 0: 66.02%, 1: 33.98%
CHEMBL2363795 0: 45.71%, 1: 54.29%
CHEMBL2363796 0: 57.89%, 1: 42.11%
CHEMBL2363798 0: 67.00%, 1: 33.00%
CHEMBL2363799 0: 57.89%, 1: 42.11%
CHEMBL2363800 0: 63.29%, 1: 36.71%
CHEMBL2363803 0: 50.49%, 1: 49.51%
CHEMBL2363809 0: 65.38%, 1: 34.62%
CHEMBL2363811 0: 73.53%, 1: 26.47%
CHEMBL2363814 0: 63.92%, 1: 36.08%
CHEMBL2363820 0: 47.12%, 1: 52.88%
CHEMBL2363830 0: 65.69%, 1: 34.31%
CHEMBL2363831 0: 70.10%, 1: 29.90%
CHEMBL2363834 0: 64.65%, 1: 35.35%
CHEMBL2363836 0: 58.00%, 1: 42.00%
CHEMBL2363839 0: 50.00%, 1: 50.00%
CHEMBL2363846 0: 65.98%, 1: 34.02%
CHEMBL2363847 0: 68.81%, 1: 31.19%
CHEMBL2363851 0: 57.47%, 1: 42.53%
CHEMBL2378059 0: 2.84%, 1: 97.16%
CHEMBL2449559 0: 17.37%, 1: 82.63%
CHEMBL3079731 0: 11.76%, 1: 88.24%
CHEMBL3111191 0: 87.27%, 1: 12.73%
CHEMBL3111192 0: 90.00%, 1: 10.00%
CHEMBL3111194 0: 87.27%, 1: 12.73%
CHEMBL3111195 0: 74.55%, 1: 25.45%
CHEMBL3111197 0: 87.27%, 1: 12.73%
CHEMBL3111198 0: 74.55%, 1: 25.45%
CHEMBL3214782 0: 16.53%, 1: 83.47%
CHEMBL3214794 0: 64.60%, 1: 35.40%
CHEMBL3214801 0: 28.46%, 1: 71.54%
CHEMBL3214806 0: 9.62%, 1: 90.38%
CHEMBL3214812 0: 33.19%, 1: 66.81%
CHEMBL3214816 0: 25.43%, 1: 74.57%
CHEMBL3214828 0: 52.68%, 1: 47.32%
CHEMBL3214851 0: 77.02%, 1: 22.98%
CHEMBL3214907 0: 48.12%, 1: 51.88%
CHEMBL3214930 0: 79.15%, 1: 20.85%
CHEMBL3214958 0: 69.31%, 1: 30.69%
CHEMBL3214959 0: 31.09%, 1: 68.91%
CHEMBL3214965 0: 62.10%, 1: 37.90%
CHEMBL3214981 0: 10.62%, 1: 89.38%
CHEMBL3214985 0: 74.42%, 1: 25.58%
CHEMBL3214997 0: 27.27%, 1: 72.73%
CHEMBL3215006 0: 73.18%, 1: 26.82%
CHEMBL3215034 0: 39.87%, 1: 60.13%
CHEMBL3215078 0: 41.84%, 1: 58.16%
CHEMBL3215092 0: 57.98%, 1: 42.02%
CHEMBL3215112 0: 7.48%, 1: 92.52%
CHEMBL3215116 0: 83.87%, 1: 16.13%
CHEMBL3215128 0: 14.05%, 1: 85.95%
CHEMBL3215132 0: 12.28%, 1: 87.72%
CHEMBL3215144 0: 18.35%, 1: 81.65%
CHEMBL3215154 0: 44.44%, 1: 55.56%
CHEMBL3215158 0: 12.59%, 1: 87.41%
CHEMBL3215171 0: 97.98%, 1: 2.02%
CHEMBL3215176 0: 91.72%, 1: 8.28%
CHEMBL3215216 0: 15.79%, 1: 84.21%
CHEMBL3215228 0: 88.71%, 1: 11.29%
CHEMBL3215266 0: 9.17%, 1: 90.83%
CHEMBL3215276 0: 7.46%, 1: 92.54%
CHEMBL618396 0: 13.51%, 1: 86.49%
CHEMBL641707 0: 64.29%, 1: 35.71%
CHEMBL648337 0: 25.86%, 1: 74.14%
CHEMBL653167 0: 11.76%, 1: 88.24%
CHEMBL663474 0: 14.74%, 1: 85.26%
CHEMBL681296 0: 5.56%, 1: 94.44%
CHEMBL687330 0: 52.70%, 1: 47.30%
CHEMBL698689 0: 6.48%, 1: 93.52%
CHEMBL763093 0: 26.53%, 1: 73.47%
CHEMBL772766 0: 71.25%, 1: 28.75%
CHEMBL806152 0: 48.08%, 1: 51.92%
CHEMBL829401 0: 10.53%, 1: 89.47%
CHEMBL830839 0: 3.07%, 1: 96.93%
CHEMBL830842 0: 10.53%, 1: 89.47%
CHEMBL856174 0: 2.44%, 1: 97.56%
CHEMBL864855 0: 8.99%, 1: 91.01%
CHEMBL872182 0: 63.29%, 1: 36.71%
CHEMBL914418 0: 14.93%, 1: 85.07%
CHEMBL918058 0: 93.33%, 1: 6.67%
CHEMBL938648 0: 14.42%, 1: 85.58%
Total size = 29,384 | train size = 23,507 | val size = 2,938 | test size = 2,939
Building model 0
MoleculeModel(
  (sigmoid): Sigmoid()
  (encoder): MPN(
    (encoder): MPNEncoder()
  )
  (ffn): Sequential(
    (0): Linear(in_features=2048, out_features=300, bias=True)
    (1): ReLU()
    (2): Dropout(p=0.2, inplace=False)
    (3): Linear(in_features=300, out_features=622, bias=True)
  )
)
Number of parameters = 801,922
Moving model to cuda
  0% 0/30 [00:00<?, ?it/s]Epoch 0

  0% 0/471 [00:00<?, ?it/s][A
  0% 1/471 [00:01<09:45,  1.25s/it][A
  0% 2/471 [00:01<07:11,  1.09it/s][A
  1% 3/471 [00:01<05:26,  1.43it/s][A
  1% 5/471 [00:01<03:58,  1.95it/s][A
  1% 7/471 [00:01<02:56,  2.63it/s][A
  2% 9/471 [00:02<02:12,  3.49it/s][ALoss = 1.3922e-02, PNorm = 30.4543, GNorm = 0.1708, lr_0 = 1.1053e-04

  2% 11/471 [00:02<01:45,  4.37it/s][A
  3% 13/471 [00:02<01:22,  5.58it/s][A
  3% 15/471 [00:02<01:06,  6.82it/s][A
  4% 17/471 [00:02<00:59,  7.60it/s][A
  4% 19/471 [00:03<01:43,  4.36it/s][ALoss = 1.3842e-02, PNorm = 30.4557, GNorm = 0.1639, lr_0 = 1.2011e-04

  4% 21/471 [00:03<01:27,  5.14it/s][A
  5% 22/471 [00:03<01:18,  5.71it/s][A
  5% 23/471 [00:04<01:12,  6.20it/s][A
  5% 24/471 [00:04<01:07,  6.64it/s][A
  5% 25/471 [00:04<01:06,  6.68it/s][A
  6% 26/471 [00:04<01:04,  6.89it/s][A
  6% 27/471 [00:04<01:10,  6.28it/s][A
  6% 28/471 [00:04<01:15,  5.90it/s][A
  6% 29/471 [00:05<01:25,  5.19it/s][ALoss = 1.3788e-02, PNorm = 30.4575, GNorm = 0.2845, lr_0 = 1.2968e-04

  6% 30/471 [00:05<01:16,  5.77it/s][A
  7% 31/471 [00:05<01:11,  6.17it/s][A
  7% 32/471 [00:05<01:08,  6.45it/s][A
  7% 33/471 [00:05<01:04,  6.75it/s][A
  7% 34/471 [00:05<01:03,  6.89it/s][A
  7% 35/471 [00:05<00:59,  7.35it/s][A
  8% 37/471 [00:06<01:34,  4.62it/s][A
  8% 38/471 [00:06<01:30,  4.80it/s][A
  8% 39/471 [00:07<01:30,  4.79it/s][ALoss = 1.3708e-02, PNorm = 30.4601, GNorm = 0.2740, lr_0 = 1.3926e-04

  8% 40/471 [00:07<01:28,  4.85it/s][A
  9% 41/471 [00:07<01:19,  5.43it/s][A
  9% 42/471 [00:07<01:21,  5.27it/s][A
  9% 43/471 [00:07<01:16,  5.58it/s][A
  9% 44/471 [00:08<01:19,  5.37it/s][A
 10% 45/471 [00:08<01:20,  5.30it/s][A
 10% 46/471 [00:08<01:23,  5.06it/s][A
 10% 47/471 [00:08<01:15,  5.59it/s][A
 10% 48/471 [00:08<01:10,  6.01it/s][A
 10% 49/471 [00:08<01:07,  6.25it/s][ALoss = 1.3688e-02, PNorm = 30.4636, GNorm = 0.1426, lr_0 = 1.4883e-04

 11% 50/471 [00:08<01:04,  6.52it/s][A
 11% 51/471 [00:09<01:01,  6.80it/s][A
 11% 52/471 [00:09<00:58,  7.13it/s][A
 11% 54/471 [00:09<00:49,  8.37it/s][A
 12% 55/471 [00:09<00:51,  8.10it/s][A
 12% 56/471 [00:10<02:18,  2.99it/s][A
 12% 58/471 [00:10<01:45,  3.90it/s][A
 13% 59/471 [00:10<01:32,  4.46it/s][ALoss = 1.3657e-02, PNorm = 30.4680, GNorm = 0.1517, lr_0 = 1.5840e-04

 13% 60/471 [00:10<01:22,  4.97it/s][A
 13% 61/471 [00:10<01:14,  5.53it/s][A
 13% 62/471 [00:11<01:07,  6.04it/s][A
 13% 63/471 [00:11<01:03,  6.38it/s][A
 14% 64/471 [00:11<01:00,  6.70it/s][A
 14% 65/471 [00:11<00:58,  6.90it/s][A
 14% 66/471 [00:11<00:58,  6.90it/s][A
 14% 67/471 [00:11<00:58,  6.87it/s][A
 14% 68/471 [00:11<00:58,  6.93it/s][A
 15% 69/471 [00:12<00:58,  6.85it/s][ALoss = 1.3473e-02, PNorm = 30.4736, GNorm = 0.2847, lr_0 = 1.6798e-04

 15% 70/471 [00:12<00:57,  7.03it/s][A
 15% 71/471 [00:12<00:55,  7.16it/s][A
 15% 72/471 [00:12<00:54,  7.37it/s][A
 15% 73/471 [00:12<00:54,  7.35it/s][A
 16% 74/471 [00:12<00:53,  7.42it/s][A
 16% 75/471 [00:12<00:54,  7.22it/s][A
 16% 76/471 [00:12<00:52,  7.54it/s][A
 17% 78/471 [00:13<01:22,  4.78it/s][ALoss = 1.3440e-02, PNorm = 30.4807, GNorm = 0.2605, lr_0 = 1.7755e-04

 17% 80/471 [00:13<01:05,  6.00it/s][A
 17% 82/471 [00:14<00:53,  7.25it/s][A
 18% 84/471 [00:14<00:53,  7.17it/s][A
 18% 85/471 [00:14<00:52,  7.42it/s][A
