wandb: Tracking run with wandb version 0.9.3
wandb: Run data is saved locally in wandb/run-20200724_004029-31148kwp
wandb: Syncing run less_256_scaffold_balanced_split
wandb: ⭐️ View project at https://app.wandb.ai/apappu97/molecule-metalearning-chemprop
wandb: 🚀 View run at https://app.wandb.ai/apappu97/molecule-metalearning-chemprop/runs/31148kwp
wandb: Run `wandb off` to turn off syncing.

Fold 0
Command line
python chemprop/train.py --data_path filtered_chembl/chembl_less_256_instances.csv --dataset_type classification --split_type scaffold_balanced --features_only --features_generator morgan --dropout 0.2 --epochs 30 --num_workers 0 --results_save_dir results/motivational/morgan/ --experiment_name less_256_scaffold_balanced_split
Args
{'ANIL': False,
 'FO_MAML': False,
 'activation': 'ReLU',
 'atom_messages': False,
 'batch_size': 50,
 'bias': False,
 'cache_cutoff': 10000,
 'checkpoint_dir': None,
 'checkpoint_path': None,
 'checkpoint_paths': None,
 'chembl_assay_metadata_pickle_path': None,
 'class_balance': False,
 'config_path': None,
 'crossval_index_dir': None,
 'crossval_index_file': None,
 'crossval_index_sets': None,
 'data_path': 'filtered_chembl/chembl_less_256_instances.csv',
 'dataset_type': 'classification',
 'depth': 3,
 'dropout': 0.2,
 'dummy': False,
 'ensemble_size': 1,
 'epochs': 30,
 'experiment_name': 'less_256_scaffold_balanced_split',
 'features_generator': ['morgan'],
 'features_only': True,
 'features_path': None,
 'features_size': None,
 'ffn_hidden_size': 300,
 'ffn_num_layers': 2,
 'final_lr': 0.0001,
 'folds_file': None,
 'gpu': None,
 'hidden_size': 300,
 'init_lr': 0.0001,
 'inner_loop_lr': 0.05,
 'log_frequency': 10,
 'max_data_size': None,
 'max_lr': 0.001,
 'meta_batch_size': 3,
 'meta_learning': False,
 'meta_test_epochs': 30,
 'meta_test_lr': 0.001,
 'meta_test_split_sizes': (0.8, 0.1, 0.1),
 'meta_train_split_sizes': (0.8, 0.2, 0),
 'metric': 'auc',
 'minimize_score': False,
 'multiclass_num_classes': 3,
 'no_cuda': False,
 'no_features_scaling': False,
 'num_folds': 1,
 'num_inner_gradient_steps': 2,
 'num_lrs': 1,
 'num_tasks': None,
 'num_workers': 0,
 'outer_loop_lr': 0.003,
 'pytorch_seed': 0,
 'quiet': False,
 'results_save_dir': 'results/motivational/morgan/',
 'save_dir': '/tmp/2282321.10.gpu.q/tmp2wf3ewvh/fold_0',
 'save_smiles_splits': False,
 'seed': 0,
 'separate_test_features_path': None,
 'separate_test_path': None,
 'separate_val_features_path': None,
 'separate_val_path': None,
 'show_individual_scores': False,
 'smiles_column': None,
 'split_sizes': (0.8, 0.1, 0.1),
 'split_type': 'scaffold_balanced',
 'target_columns': None,
 'task_names': None,
 'test': False,
 'test_fold_index': None,
 'train_data_size': None,
 'undirected': False,
 'use_input_features': True,
 'val_fold_index': None,
 'warmup_epochs': 2.0}
Loading data
0it [00:00, ?it/s]336it [00:00, 3359.69it/s]757it [00:00, 3575.21it/s]1175it [00:00, 3735.07it/s]1597it [00:00, 3867.53it/s]2015it [00:00, 3955.35it/s]2415it [00:00, 3968.19it/s]2830it [00:00, 4020.21it/s]3283it [00:00, 4160.00it/s]3792it [00:00, 3981.94it/s]4316it [00:01, 4290.23it/s]4830it [00:01, 4513.96it/s]5285it [00:01, 2301.47it/s]5814it [00:01, 2770.69it/s]6358it [00:01, 3248.72it/s]6931it [00:01, 3733.60it/s]7472it [00:01, 4115.42it/s]7980it [00:02, 3946.77it/s]8537it [00:02, 4323.59it/s]9072it [00:02, 4586.56it/s]9622it [00:02, 4825.75it/s]10139it [00:02, 4922.97it/s]10702it [00:02, 5115.15it/s]11233it [00:02, 5171.31it/s]11764it [00:02, 5156.27it/s]12289it [00:02, 4403.88it/s]12763it [00:03, 4499.20it/s]13232it [00:03, 4551.34it/s]13732it [00:03, 4675.72it/s]14210it [00:03, 4664.50it/s]14752it [00:03, 4866.69it/s]15295it [00:03, 5022.45it/s]15834it [00:03, 5125.84it/s]16356it [00:03, 4580.81it/s]16829it [00:04, 2687.92it/s]17330it [00:04, 3121.35it/s]17801it [00:04, 3469.94it/s]18302it [00:04, 3820.63it/s]18789it [00:04, 4047.02it/s]19289it [00:04, 4291.66it/s]19801it [00:04, 4510.51it/s]20283it [00:04, 4596.06it/s]20777it [00:04, 4693.77it/s]21263it [00:05, 4079.95it/s]21746it [00:05, 4278.35it/s]22224it [00:05, 4415.81it/s]22707it [00:05, 4531.92it/s]23201it [00:05, 4645.41it/s]23685it [00:05, 4701.77it/s]24216it [00:05, 4866.77it/s]24726it [00:05, 4933.23it/s]25224it [00:05, 4345.38it/s]25742it [00:06, 4564.76it/s]26249it [00:06, 4705.10it/s]26747it [00:06, 4781.47it/s]27241it [00:06, 4826.41it/s]27758it [00:06, 4923.37it/s]28268it [00:06, 4973.04it/s]28798it [00:06, 5066.44it/s]29308it [00:06, 4458.11it/s]29385it [00:06, 4300.92it/s]
  0% 0/29385 [00:00<?, ?it/s]  0% 127/29385 [00:00<00:23, 1260.87it/s]  1% 257/29385 [00:00<00:22, 1272.31it/s]  1% 385/29385 [00:00<00:22, 1272.14it/s]  2% 513/29385 [00:00<00:22, 1274.13it/s]  2% 639/29385 [00:00<00:22, 1267.91it/s]  3% 763/29385 [00:00<00:22, 1256.36it/s]  3% 881/29385 [00:00<00:23, 1231.89it/s]  3% 1016/29385 [00:00<00:22, 1264.95it/s]  4% 1138/29385 [00:00<00:22, 1250.81it/s]  4% 1264/29385 [00:01<00:22, 1250.54it/s]  5% 1393/29385 [00:01<00:22, 1260.59it/s]  5% 1522/29385 [00:01<00:21, 1267.43it/s]  6% 1650/29385 [00:01<00:21, 1269.78it/s]  6% 1776/29385 [00:01<00:22, 1247.13it/s]  6% 1901/29385 [00:01<00:22, 1235.34it/s]  7% 2025/29385 [00:01<00:22, 1212.59it/s]  7% 2155/29385 [00:01<00:22, 1237.07it/s]  8% 2279/29385 [00:01<00:22, 1231.91it/s]  8% 2403/29385 [00:01<00:21, 1227.50it/s]  9% 2534/29385 [00:02<00:21, 1249.67it/s]  9% 2664/29385 [00:02<00:21, 1262.83it/s]  9% 2791/29385 [00:02<00:21, 1261.59it/s] 10% 2919/29385 [00:02<00:20, 1264.79it/s] 10% 3052/29385 [00:02<00:20, 1281.73it/s] 11% 3181/29385 [00:02<00:20, 1273.84it/s] 11% 3309/29385 [00:02<00:20, 1264.68it/s] 12% 3436/29385 [00:02<00:20, 1244.23it/s] 12% 3561/29385 [00:02<00:20, 1230.14it/s] 13% 3685/29385 [00:02<00:21, 1220.64it/s] 13% 3815/29385 [00:03<00:20, 1241.28it/s] 13% 3940/29385 [00:03<00:20, 1239.97it/s] 14% 4065/29385 [00:03<00:20, 1213.63it/s] 14% 4189/29385 [00:03<00:20, 1219.91it/s] 15% 4319/29385 [00:03<00:20, 1239.92it/s] 15% 4444/29385 [00:03<00:20, 1242.32it/s] 16% 4575/29385 [00:03<00:19, 1259.61it/s] 16% 4702/29385 [00:03<00:19, 1251.25it/s] 16% 4828/29385 [00:03<00:20, 1209.44it/s] 17% 4950/29385 [00:03<00:20, 1200.63it/s] 17% 5075/29385 [00:04<00:20, 1214.30it/s] 18% 5200/29385 [00:04<00:19, 1221.81it/s] 18% 5323/29385 [00:04<00:19, 1222.61it/s] 19% 5447/29385 [00:04<00:19, 1226.39it/s] 19% 5570/29385 [00:04<00:19, 1224.80it/s] 19% 5695/29385 [00:04<00:19, 1229.96it/s] 20% 5824/29385 [00:04<00:18, 1247.02it/s] 20% 5949/29385 [00:04<00:18, 1246.74it/s] 21% 6074/29385 [00:04<00:18, 1238.16it/s] 21% 6198/29385 [00:04<00:19, 1202.70it/s] 22% 6319/29385 [00:05<00:19, 1196.65it/s] 22% 6440/29385 [00:05<00:19, 1200.13it/s] 22% 6561/29385 [00:05<00:19, 1191.87it/s] 23% 6683/29385 [00:05<00:18, 1199.39it/s] 23% 6811/29385 [00:05<00:18, 1221.39it/s] 24% 6934/29385 [00:05<00:18, 1211.18it/s] 24% 7057/29385 [00:05<00:18, 1215.08it/s] 24% 7184/29385 [00:05<00:18, 1230.34it/s] 25% 7315/29385 [00:05<00:17, 1250.45it/s] 25% 7447/29385 [00:06<00:17, 1270.43it/s] 26% 7575/29385 [00:06<00:17, 1264.30it/s] 26% 7704/29385 [00:06<00:17, 1271.86it/s] 27% 7835/29385 [00:06<00:16, 1281.34it/s] 27% 7969/29385 [00:06<00:16, 1297.00it/s] 28% 8102/29385 [00:06<00:16, 1304.76it/s] 28% 8233/29385 [00:06<00:16, 1301.28it/s] 28% 8364/29385 [00:06<00:16, 1298.43it/s] 29% 8494/29385 [00:06<00:16, 1286.27it/s] 29% 8623/29385 [00:06<00:16, 1276.31it/s] 30% 8751/29385 [00:07<00:16, 1262.69it/s] 30% 8878/29385 [00:07<00:16, 1254.38it/s] 31% 9004/29385 [00:07<00:16, 1250.67it/s] 31% 9130/29385 [00:07<00:16, 1243.37it/s] 32% 9258/29385 [00:07<00:16, 1254.03it/s] 32% 9387/29385 [00:07<00:15, 1261.26it/s] 32% 9514/29385 [00:07<00:15, 1263.49it/s] 33% 9641/29385 [00:07<00:15, 1264.42it/s] 33% 9770/29385 [00:07<00:15, 1269.74it/s] 34% 9899/29385 [00:07<00:15, 1274.59it/s] 34% 10030/29385 [00:08<00:15, 1283.55it/s] 35% 10159/29385 [00:08<00:14, 1282.87it/s] 35% 10293/29385 [00:08<00:14, 1297.24it/s] 35% 10423/29385 [00:08<00:14, 1273.67it/s] 36% 10551/29385 [00:08<00:14, 1263.42it/s] 36% 10683/29385 [00:08<00:14, 1277.09it/s] 37% 10813/29385 [00:08<00:14, 1282.58it/s] 37% 10944/29385 [00:08<00:14, 1290.10it/s] 38% 11074/29385 [00:08<00:14, 1269.92it/s] 38% 11202/29385 [00:08<00:14, 1268.06it/s] 39% 11330/29385 [00:09<00:14, 1269.61it/s] 39% 11458/29385 [00:09<00:14, 1266.43it/s] 39% 11585/29385 [00:09<00:14, 1251.05it/s] 40% 11711/29385 [00:09<00:14, 1235.53it/s] 40% 11842/29385 [00:09<00:13, 1255.33it/s] 41% 11972/29385 [00:09<00:13, 1267.40it/s] 41% 12099/29385 [00:09<00:13, 1260.98it/s] 42% 12229/29385 [00:09<00:13, 1269.72it/s] 42% 12357/29385 [00:09<00:13, 1270.39it/s] 42% 12485/29385 [00:09<00:13, 1260.72it/s] 43% 12612/29385 [00:10<00:13, 1245.21it/s] 43% 12737/29385 [00:10<00:13, 1246.36it/s] 44% 12862/29385 [00:10<00:13, 1243.17it/s] 44% 12987/29385 [00:10<00:13, 1238.58it/s] 45% 13111/29385 [00:10<00:13, 1220.65it/s] 45% 13234/29385 [00:10<00:13, 1218.35it/s] 45% 13361/29385 [00:10<00:13, 1231.16it/s] 46% 13485/29385 [00:10<00:12, 1231.77it/s] 46% 13609/29385 [00:10<00:12, 1228.71it/s] 47% 13736/29385 [00:10<00:12, 1239.76it/s] 47% 13861/29385 [00:11<00:12, 1231.06it/s] 48% 13985/29385 [00:11<00:12, 1217.97it/s] 48% 14108/29385 [00:11<00:12, 1219.71it/s] 48% 14231/29385 [00:11<00:12, 1217.30it/s] 49% 14353/29385 [00:11<00:12, 1216.67it/s] 49% 14475/29385 [00:11<00:12, 1205.70it/s] 50% 14596/29385 [00:11<00:12, 1206.60it/s] 50% 14720/29385 [00:11<00:12, 1215.41it/s] 51% 14845/29385 [00:11<00:11, 1225.46it/s] 51% 14969/29385 [00:11<00:11, 1228.22it/s] 51% 15094/29385 [00:12<00:11, 1234.31it/s] 52% 15219/29385 [00:12<00:11, 1238.67it/s] 52% 15346/29385 [00:12<00:11, 1246.64it/s] 53% 15478/29385 [00:12<00:10, 1265.51it/s] 53% 15611/29385 [00:12<00:10, 1282.79it/s] 54% 15740/29385 [00:12<00:10, 1279.70it/s] 54% 15869/29385 [00:12<00:10, 1266.55it/s] 54% 15996/29385 [00:12<00:10, 1259.59it/s] 55% 16126/29385 [00:12<00:10, 1269.94it/s] 55% 16254/29385 [00:13<00:10, 1267.80it/s] 56% 16384/29385 [00:13<00:10, 1277.13it/s] 56% 16512/29385 [00:13<00:10, 1252.96it/s] 57% 16638/29385 [00:13<00:10, 1223.90it/s] 57% 16761/29385 [00:13<00:10, 1211.72it/s] 57% 16885/29385 [00:13<00:10, 1218.63it/s] 58% 17009/29385 [00:13<00:10, 1222.93it/s] 58% 17137/29385 [00:13<00:09, 1239.20it/s] 59% 17268/29385 [00:13<00:09, 1259.61it/s] 59% 17399/29385 [00:13<00:09, 1272.08it/s] 60% 17532/29385 [00:14<00:09, 1287.98it/s] 60% 17661/29385 [00:14<00:09, 1288.25it/s] 61% 17793/29385 [00:14<00:08, 1296.14it/s] 61% 17923/29385 [00:14<00:08, 1282.98it/s] 61% 18052/29385 [00:14<00:08, 1269.67it/s] 62% 18180/29385 [00:14<00:08, 1253.88it/s] 62% 18306/29385 [00:14<00:08, 1247.30it/s] 63% 18434/29385 [00:14<00:08, 1255.89it/s] 63% 18560/29385 [00:14<00:08, 1237.13it/s] 64% 18684/29385 [00:14<00:08, 1225.64it/s] 64% 18807/29385 [00:15<00:08, 1215.07it/s] 64% 18930/29385 [00:15<00:08, 1216.85it/s] 65% 19052/29385 [00:15<00:08, 1212.03it/s] 65% 19177/29385 [00:15<00:08, 1222.60it/s] 66% 19300/29385 [00:15<00:08, 1223.74it/s] 66% 19424/29385 [00:15<00:08, 1227.08it/s] 67% 19557/29385 [00:15<00:07, 1255.53it/s] 67% 19683/29385 [00:15<00:07, 1256.86it/s] 67% 19809/29385 [00:15<00:07, 1248.06it/s] 68% 19935/29385 [00:15<00:07, 1249.40it/s] 68% 20061/29385 [00:16<00:07, 1227.52it/s] 69% 20184/29385 [00:16<00:07, 1200.99it/s] 69% 20305/29385 [00:16<00:07, 1177.98it/s] 70% 20424/29385 [00:16<00:07, 1165.58it/s] 70% 20541/29385 [00:16<00:07, 1159.60it/s] 70% 20658/29385 [00:16<00:07, 1161.29it/s] 71% 20775/29385 [00:16<00:07, 1141.72it/s] 71% 20890/29385 [00:16<00:07, 1124.93it/s] 71% 21007/29385 [00:16<00:07, 1135.88it/s] 72% 21127/29385 [00:17<00:07, 1153.41it/s] 72% 21245/29385 [00:17<00:07, 1158.84it/s] 73% 21362/29385 [00:17<00:06, 1153.78it/s] 73% 21478/29385 [00:17<00:06, 1151.81it/s] 73% 21597/29385 [00:17<00:06, 1162.28it/s] 74% 21720/29385 [00:17<00:06, 1180.95it/s] 74% 21839/29385 [00:17<00:06, 1178.55it/s] 75% 21963/29385 [00:17<00:06, 1196.13it/s] 75% 22083/29385 [00:17<00:06, 1193.25it/s] 76% 22203/29385 [00:17<00:06, 1184.17it/s] 76% 22322/29385 [00:18<00:06, 1175.22it/s] 76% 22440/29385 [00:18<00:05, 1171.39it/s] 77% 22558/29385 [00:18<00:05, 1172.31it/s] 77% 22678/29385 [00:18<00:05, 1180.28it/s] 78% 22797/29385 [00:18<00:05, 1181.80it/s] 78% 22916/29385 [00:18<00:05, 1172.67it/s] 78% 23034/29385 [00:18<00:05, 1169.87it/s] 79% 23152/29385 [00:18<00:05, 1164.50it/s] 79% 23269/29385 [00:18<00:05, 1163.19it/s] 80% 23389/29385 [00:18<00:05, 1172.86it/s] 80% 23507/29385 [00:19<00:05, 1171.55it/s] 80% 23625/29385 [00:19<00:04, 1163.93it/s] 81% 23742/29385 [00:19<00:04, 1161.60it/s] 81% 23861/29385 [00:19<00:04, 1169.78it/s] 82% 23979/29385 [00:19<00:04, 1170.12it/s] 82% 24097/29385 [00:19<00:04, 1169.78it/s] 82% 24214/29385 [00:19<00:04, 1161.74it/s] 83% 24331/29385 [00:19<00:04, 1147.65it/s] 83% 24452/29385 [00:19<00:04, 1164.97it/s] 84% 24570/29385 [00:19<00:04, 1168.35it/s] 84% 24690/29385 [00:20<00:03, 1176.43it/s] 84% 24808/29385 [00:20<00:03, 1175.55it/s] 85% 24926/29385 [00:20<00:03, 1149.07it/s] 85% 25042/29385 [00:20<00:03, 1139.82it/s] 86% 25159/29385 [00:20<00:03, 1148.56it/s] 86% 25274/29385 [00:20<00:03, 1141.91it/s] 86% 25389/29385 [00:20<00:03, 1121.84it/s] 87% 25505/29385 [00:20<00:03, 1131.15it/s] 87% 25620/29385 [00:20<00:03, 1134.55it/s] 88% 25734/29385 [00:20<00:03, 1097.99it/s] 88% 25849/29385 [00:21<00:03, 1110.79it/s] 88% 25964/29385 [00:21<00:03, 1120.41it/s] 89% 26080/29385 [00:21<00:02, 1131.44it/s] 89% 26194/29385 [00:21<00:02, 1132.05it/s] 90% 26308/29385 [00:21<00:02, 1126.74it/s] 90% 26421/29385 [00:21<00:02, 1101.57it/s] 90% 26534/29385 [00:21<00:02, 1106.67it/s] 91% 26645/29385 [00:21<00:02, 1106.39it/s] 91% 26766/29385 [00:21<00:02, 1134.56it/s] 92% 26896/29385 [00:21<00:02, 1178.71it/s] 92% 27015/29385 [00:22<00:02, 1181.69it/s] 92% 27134/29385 [00:22<00:01, 1183.36it/s] 93% 27253/29385 [00:22<00:01, 1160.35it/s] 93% 27370/29385 [00:22<00:01, 1150.26it/s] 94% 27486/29385 [00:22<00:01, 1135.35it/s] 94% 27600/29385 [00:22<00:01, 1133.42it/s] 94% 27716/29385 [00:22<00:01, 1138.45it/s] 95% 27854/29385 [00:22<00:01, 1200.79it/s] 95% 27981/29385 [00:22<00:01, 1219.62it/s] 96% 28115/29385 [00:23<00:01, 1252.80it/s] 96% 28252/29385 [00:23<00:00, 1284.79it/s] 97% 28382/29385 [00:23<00:00, 1282.67it/s] 97% 28511/29385 [00:23<00:00, 1265.83it/s] 97% 28642/29385 [00:23<00:00, 1277.31it/s] 98% 28771/29385 [00:23<00:00, 1257.96it/s] 98% 28898/29385 [00:23<00:00, 1258.97it/s] 99% 29034/29385 [00:23<00:00, 1285.37it/s] 99% 29163/29385 [00:23<00:00, 1284.28it/s]100% 29292/29385 [00:23<00:00, 1270.12it/s]100% 29385/29385 [00:24<00:00, 1223.72it/s]
  0% 0/29385 [00:00<?, ?it/s] 62% 18351/29385 [00:00<00:00, 183505.80it/s]100% 29385/29385 [00:00<00:00, 204002.98it/s]
Warning: 1 SMILES are invalid.
Number of tasks = 622
Splitting data with seed 0
  0% 0/29384 [00:00<?, ?it/s]  1% 409/29384 [00:00<00:07, 4079.82it/s]  3% 804/29384 [00:00<00:07, 4038.33it/s]  4% 1217/29384 [00:00<00:06, 4062.41it/s]  5% 1615/29384 [00:00<00:06, 4036.92it/s]  7% 1950/29384 [00:00<00:07, 3800.88it/s]  8% 2348/29384 [00:00<00:07, 3850.75it/s]  9% 2741/29384 [00:00<00:06, 3874.08it/s] 11% 3160/29384 [00:00<00:06, 3960.00it/s] 12% 3535/29384 [00:00<00:06, 3826.43it/s] 13% 3919/29384 [00:01<00:06, 3828.92it/s] 15% 4323/29384 [00:01<00:06, 3887.69it/s] 16% 4717/29384 [00:01<00:06, 3903.23it/s] 17% 5103/29384 [00:01<00:06, 3792.61it/s] 19% 5480/29384 [00:01<00:06, 3760.70it/s] 20% 5870/29384 [00:01<00:06, 3797.80it/s] 21% 6249/29384 [00:01<00:06, 3576.92it/s] 22% 6609/29384 [00:01<00:06, 3318.11it/s] 24% 6946/29384 [00:01<00:06, 3321.05it/s] 25% 7282/29384 [00:01<00:06, 3329.33it/s] 26% 7623/29384 [00:02<00:06, 3348.53it/s] 27% 7965/29384 [00:02<00:06, 3369.38it/s] 28% 8316/29384 [00:02<00:06, 3408.33it/s] 30% 8675/29384 [00:02<00:05, 3459.58it/s] 31% 9042/29384 [00:02<00:05, 3518.56it/s] 32% 9395/29384 [00:02<00:05, 3441.29it/s] 33% 9741/29384 [00:02<00:05, 3436.85it/s] 34% 10096/29384 [00:02<00:05, 3468.85it/s] 36% 10452/29384 [00:02<00:05, 3491.91it/s] 37% 10805/29384 [00:02<00:05, 3500.58it/s] 38% 11156/29384 [00:03<00:05, 3431.22it/s] 39% 11502/29384 [00:03<00:05, 3436.19it/s] 40% 11846/29384 [00:03<00:05, 3383.97it/s] 41% 12187/29384 [00:03<00:05, 3390.29it/s] 43% 12549/29384 [00:03<00:04, 3455.49it/s] 44% 12915/29384 [00:03<00:04, 3511.40it/s] 45% 13270/29384 [00:03<00:04, 3522.16it/s] 46% 13628/29384 [00:03<00:04, 3537.41it/s] 48% 13992/29384 [00:03<00:04, 3567.51it/s] 49% 14350/29384 [00:04<00:04, 3476.18it/s] 50% 14699/29384 [00:04<00:04, 3442.49it/s] 51% 15044/29384 [00:04<00:04, 3388.61it/s] 52% 15384/29384 [00:05<00:12, 1095.51it/s] 54% 15729/29384 [00:05<00:09, 1377.21it/s] 55% 16077/29384 [00:05<00:07, 1681.40it/s] 56% 16430/29384 [00:05<00:06, 1994.05it/s] 57% 16764/29384 [00:05<00:05, 2267.88it/s] 58% 17111/29384 [00:05<00:04, 2530.85it/s] 59% 17474/29384 [00:05<00:04, 2782.31it/s] 61% 17813/29384 [00:05<00:03, 2914.44it/s] 62% 18149/29384 [00:05<00:03, 3008.62it/s] 63% 18499/29384 [00:05<00:03, 3140.51it/s] 64% 18854/29384 [00:06<00:03, 3251.13it/s] 65% 19208/29384 [00:06<00:03, 3331.48it/s] 67% 19554/29384 [00:06<00:02, 3353.37it/s] 68% 19899/29384 [00:06<00:02, 3340.67it/s] 69% 20249/29384 [00:06<00:02, 3386.44it/s] 70% 20607/29384 [00:06<00:02, 3442.16it/s] 71% 20955/29384 [00:06<00:02, 3433.44it/s] 73% 21306/29384 [00:06<00:02, 3452.46it/s] 74% 21653/29384 [00:06<00:02, 3447.25it/s] 75% 21999/29384 [00:06<00:02, 3444.09it/s] 76% 22345/29384 [00:07<00:02, 3387.16it/s] 77% 22696/29384 [00:07<00:01, 3421.38it/s] 79% 23072/29384 [00:07<00:01, 3515.32it/s] 80% 23425/29384 [00:07<00:01, 3493.27it/s] 81% 23776/29384 [00:07<00:01, 3452.81it/s] 82% 24122/29384 [00:07<00:01, 3387.10it/s] 83% 24462/29384 [00:07<00:01, 3366.02it/s] 84% 24800/29384 [00:07<00:01, 3309.31it/s] 86% 25132/29384 [00:07<00:01, 3305.90it/s] 87% 25477/29384 [00:07<00:01, 3345.38it/s] 88% 25812/29384 [00:08<00:01, 3058.14it/s] 89% 26123/29384 [00:08<00:01, 3053.65it/s] 90% 26432/29384 [00:08<00:01, 2923.16it/s] 91% 26728/29384 [00:08<00:00, 2837.71it/s] 92% 27028/29384 [00:08<00:00, 2883.19it/s] 93% 27319/29384 [00:08<00:00, 2800.81it/s] 94% 27602/29384 [00:08<00:00, 2729.15it/s] 95% 27897/29384 [00:08<00:00, 2788.97it/s] 96% 28254/29384 [00:08<00:00, 2984.25it/s] 97% 28620/29384 [00:09<00:00, 3158.17it/s] 99% 28972/29384 [00:09<00:00, 3258.58it/s]100% 29383/29384 [00:09<00:00, 3473.18it/s]100% 29384/29384 [00:09<00:00, 3179.76it/s]
Total scaffolds = 16,152 | train scaffolds = 13,129 | val scaffolds = 1,824 | test scaffolds = 1,199
/home/apappu/thesis/molecule-metalearning/chemprop/chemprop/data/scaffold.py:152: RuntimeWarning: Mean of empty slice
  target_avgs.append(np.nanmean(targets, axis=0))
Label averages per scaffold, in decreasing order of scaffold frequency,capped at 10 scaffolds and 20 labels: [(array([nan, nan, nan, nan, nan, nan, nan, nan, nan, nan, nan, nan, nan,
       nan, nan, nan, nan, nan, nan, nan]), array([0, 0, 0, 0, 0, 0, 0, 0, 0, 0, 0, 0, 0, 0, 0, 0, 0, 0, 0, 0])), (array([nan, nan, nan, nan, nan, nan, nan, nan, nan, nan, nan, nan, nan,
       nan, nan, nan, nan, nan, nan, nan]), array([0, 0, 0, 0, 0, 0, 0, 0, 0, 0, 0, 0, 0, 0, 0, 0, 0, 0, 0, 0])), (array([nan, nan, nan, nan, nan, nan,  0., nan, nan, nan, nan, nan, nan,
       nan, nan, nan, nan, nan, nan, nan]), array([ 0,  0,  0,  0,  0,  0, 12,  0,  0,  0,  0,  0,  0,  0,  0,  0,  0,
        0,  0,  0])), (array([nan, nan, nan, nan, nan, nan, nan, nan, nan, nan, nan, nan, nan,
       nan, nan, nan, nan, nan, nan, nan]), array([0, 0, 0, 0, 0, 0, 0, 0, 0, 0, 0, 0, 0, 0, 0, 0, 0, 0, 0, 0])), (array([nan, nan, nan, nan, nan, nan, nan, nan, nan, nan, nan, nan, nan,
       nan, nan, nan, nan, nan, nan, nan]), array([0, 0, 0, 0, 0, 0, 0, 0, 0, 0, 0, 0, 0, 0, 0, 0, 0, 0, 0, 0])), (array([nan, nan, nan, nan, nan, nan, nan, nan, nan, nan, nan, nan, nan,
       nan, nan, nan, nan, nan, nan, nan]), array([0, 0, 0, 0, 0, 0, 0, 0, 0, 0, 0, 0, 0, 0, 0, 0, 0, 0, 0, 0])), (array([nan, nan, nan, nan, nan, nan, nan, nan, nan, nan, nan, nan, nan,
       nan, nan, nan, nan, nan, nan, nan]), array([0, 0, 0, 0, 0, 0, 0, 0, 0, 0, 0, 0, 0, 0, 0, 0, 0, 0, 0, 0])), (array([nan, nan, nan, nan, nan, nan, nan, nan, nan, nan, nan, nan, nan,
       nan, nan, nan, nan, nan, nan, nan]), array([0, 0, 0, 0, 0, 0, 0, 0, 0, 0, 0, 0, 0, 0, 0, 0, 0, 0, 0, 0])), (array([nan, nan, nan, nan, nan, nan, nan, nan, nan, nan, nan, nan, nan,
       nan, nan, nan, nan, nan, nan, nan]), array([0, 0, 0, 0, 0, 0, 0, 0, 0, 0, 0, 0, 0, 0, 0, 0, 0, 0, 0, 0])), (array([nan, nan, nan, nan, nan, nan, nan, nan, nan, nan, nan, nan, nan,
       nan, nan, nan, nan, nan, nan, nan]), array([0, 0, 0, 0, 0, 0, 0, 0, 0, 0, 0, 0, 0, 0, 0, 0, 0, 0, 0, 0]))]
Class sizes
CHEMBL1002712 0: 27.00%, 1: 73.00%
CHEMBL1022010 0: 6.90%, 1: 93.10%
CHEMBL1024480 0: 89.58%, 1: 10.42%
CHEMBL1026933 0: 40.85%, 1: 59.15%
CHEMBL1026934 0: 5.61%, 1: 94.39%
CHEMBL1031359 0: 4.00%, 1: 96.00%
CHEMBL1033994 0: 41.98%, 1: 58.02%
CHEMBL1034533 0: 17.31%, 1: 82.69%
CHEMBL1034535 0: 46.15%, 1: 53.85%
CHEMBL1167052 0: 17.78%, 1: 82.22%
CHEMBL1169087 0: 77.78%, 1: 22.22%
CHEMBL1243965 0: 17.11%, 1: 82.89%
CHEMBL1243966 0: 41.96%, 1: 58.04%
CHEMBL1243967 0: 10.17%, 1: 89.83%
CHEMBL1243968 0: 15.06%, 1: 84.94%
CHEMBL1243969 0: 20.17%, 1: 79.83%
CHEMBL1243970 0: 6.91%, 1: 93.09%
CHEMBL1243971 0: 48.89%, 1: 51.11%
CHEMBL1243972 0: 9.92%, 1: 90.08%
CHEMBL1243975 0: 51.38%, 1: 48.62%
CHEMBL1243976 0: 28.99%, 1: 71.01%
CHEMBL1243977 0: 31.19%, 1: 68.81%
CHEMBL1243978 0: 27.12%, 1: 72.88%
CHEMBL1246088 0: 48.37%, 1: 51.63%
CHEMBL1613775 0: 40.78%, 1: 59.22%
CHEMBL1613785 0: 43.22%, 1: 56.78%
CHEMBL1613787 0: 69.08%, 1: 30.92%
CHEMBL1613806 0: 49.11%, 1: 50.89%
CHEMBL1613812 0: 7.35%, 1: 92.65%
CHEMBL1613813 0: 44.20%, 1: 55.80%
CHEMBL1613814 0: 53.85%, 1: 46.15%
CHEMBL1613817 0: 84.86%, 1: 15.14%
CHEMBL1613821 0: 13.79%, 1: 86.21%
CHEMBL1613853 0: 41.86%, 1: 58.14%
CHEMBL1613859 0: 72.94%, 1: 27.06%
CHEMBL1613861 0: 14.47%, 1: 85.53%
CHEMBL1613871 0: 6.15%, 1: 93.85%
CHEMBL1613876 0: 54.35%, 1: 45.65%
CHEMBL1613890 0: 34.85%, 1: 65.15%
CHEMBL1613893 0: 74.40%, 1: 25.60%
CHEMBL1613898 0: 75.45%, 1: 24.55%
CHEMBL1613903 0: 56.44%, 1: 43.56%
CHEMBL1613904 0: 50.77%, 1: 49.23%
CHEMBL1613907 0: 5.34%, 1: 94.66%
CHEMBL1613926 0: 30.15%, 1: 69.85%
CHEMBL1613941 0: 32.58%, 1: 67.42%
CHEMBL1613942 0: 41.43%, 1: 58.57%
CHEMBL1613947 0: 46.01%, 1: 53.99%
CHEMBL1613949 0: 60.13%, 1: 39.87%
CHEMBL1613950 0: 43.05%, 1: 56.95%
CHEMBL1613955 0: 54.04%, 1: 45.96%
CHEMBL1613956 0: 37.82%, 1: 62.18%
CHEMBL1613962 0: 24.26%, 1: 75.74%
CHEMBL1613967 0: 44.59%, 1: 55.41%
CHEMBL1613980 0: 84.92%, 1: 15.08%
CHEMBL1613981 0: 58.85%, 1: 41.15%
CHEMBL1613991 0: 14.98%, 1: 85.02%
CHEMBL1613998 0: 15.74%, 1: 84.26%
CHEMBL1614007 0: 13.33%, 1: 86.67%
CHEMBL1614008 0: 38.40%, 1: 61.60%
CHEMBL1614034 0: 2.63%, 1: 97.37%
CHEMBL1614035 0: 77.14%, 1: 22.86%
CHEMBL1614044 0: 23.88%, 1: 76.12%
CHEMBL1614049 0: 39.63%, 1: 60.37%
CHEMBL1614053 0: 42.48%, 1: 57.52%
CHEMBL1614056 0: 81.19%, 1: 18.81%
CHEMBL1614065 0: 9.71%, 1: 90.29%
CHEMBL1614066 0: 94.74%, 1: 5.26%
CHEMBL1614070 0: 18.75%, 1: 81.25%
CHEMBL1614072 0: 50.36%, 1: 49.64%
CHEMBL1614083 0: 94.44%, 1: 5.56%
CHEMBL1614086 0: 5.94%, 1: 94.06%
CHEMBL1614091 0: 4.43%, 1: 95.57%
CHEMBL1614092 0: 47.50%, 1: 52.50%
CHEMBL1614097 0: 46.99%, 1: 53.01%
CHEMBL1614109 0: 59.87%, 1: 40.13%
CHEMBL1614117 0: 16.35%, 1: 83.65%
CHEMBL1614132 0: 42.07%, 1: 57.93%
CHEMBL1614138 0: 67.83%, 1: 32.17%
CHEMBL1614147 0: 7.78%, 1: 92.22%
CHEMBL1614154 0: 9.52%, 1: 90.48%
CHEMBL1614167 0: 16.17%, 1: 83.83%
CHEMBL1614177 0: 94.85%, 1: 5.15%
CHEMBL1614197 0: 5.26%, 1: 94.74%
CHEMBL1614210 0: 60.16%, 1: 39.84%
CHEMBL1614215 0: 52.76%, 1: 47.24%
CHEMBL1614216 0: 48.52%, 1: 51.48%
CHEMBL1614218 0: 22.36%, 1: 77.64%
CHEMBL1614220 0: 32.80%, 1: 67.20%
CHEMBL1614225 0: 62.50%, 1: 37.50%
CHEMBL1614226 0: 81.15%, 1: 18.85%
CHEMBL1614231 0: 46.96%, 1: 53.04%
CHEMBL1614244 0: 38.85%, 1: 61.15%
CHEMBL1614255 0: 61.26%, 1: 38.74%
CHEMBL1614259 0: 32.82%, 1: 67.18%
CHEMBL1614265 0: 26.51%, 1: 73.49%
CHEMBL1614267 0: 29.46%, 1: 70.54%
CHEMBL1614272 0: 67.71%, 1: 32.29%
CHEMBL1614273 0: 51.97%, 1: 48.03%
CHEMBL1614283 0: 52.89%, 1: 47.11%
CHEMBL1614287 0: 85.53%, 1: 14.47%
CHEMBL1614290 0: 4.51%, 1: 95.49%
CHEMBL1614295 0: 2.29%, 1: 97.71%
CHEMBL1614301 0: 19.74%, 1: 80.26%
CHEMBL1614308 0: 50.82%, 1: 49.18%
CHEMBL1614309 0: 27.66%, 1: 72.34%
CHEMBL1614310 0: 51.81%, 1: 48.19%
CHEMBL1614311 0: 53.76%, 1: 46.24%
CHEMBL1614319 0: 72.16%, 1: 27.84%
CHEMBL1614321 0: 60.16%, 1: 39.84%
CHEMBL1614329 0: 40.69%, 1: 59.31%
CHEMBL1614338 0: 15.00%, 1: 85.00%
CHEMBL1614344 0: 67.72%, 1: 32.28%
CHEMBL1614345 0: 39.50%, 1: 60.50%
CHEMBL1614355 0: 4.11%, 1: 95.89%
CHEMBL1614356 0: 43.90%, 1: 56.10%
CHEMBL1614362 0: 19.17%, 1: 80.83%
CHEMBL1614363 0: 53.19%, 1: 46.81%
CHEMBL1614373 0: 30.84%, 1: 69.16%
CHEMBL1614376 0: 4.07%, 1: 95.93%
CHEMBL1614380 0: 78.10%, 1: 21.90%
CHEMBL1614388 0: 56.19%, 1: 43.81%
CHEMBL1614393 0: 45.00%, 1: 55.00%
CHEMBL1614395 0: 11.32%, 1: 88.68%
CHEMBL1614405 0: 50.94%, 1: 49.06%
CHEMBL1614408 0: 33.33%, 1: 66.67%
CHEMBL1614417 0: 27.19%, 1: 72.81%
CHEMBL1614425 0: 38.24%, 1: 61.76%
CHEMBL1614433 0: 60.77%, 1: 39.23%
CHEMBL1614450 0: 10.32%, 1: 89.68%
CHEMBL1614462 0: 65.35%, 1: 34.65%
CHEMBL1614463 0: 49.61%, 1: 50.39%
CHEMBL1614465 0: 20.00%, 1: 80.00%
CHEMBL1614477 0: 43.75%, 1: 56.25%
CHEMBL1614478 0: 12.50%, 1: 87.50%
CHEMBL1614479 0: 8.49%, 1: 91.51%
CHEMBL1614480 0: 85.71%, 1: 14.29%
CHEMBL1614482 0: 59.82%, 1: 40.18%
CHEMBL1614484 0: 9.01%, 1: 90.99%
CHEMBL1614486 0: 40.48%, 1: 59.52%
CHEMBL1614492 0: 40.54%, 1: 59.46%
CHEMBL1614503 0: 40.30%, 1: 59.70%
CHEMBL1614509 0: 79.43%, 1: 20.57%
CHEMBL1614512 0: 62.79%, 1: 37.21%
CHEMBL1614514 0: 83.07%, 1: 16.93%
CHEMBL1614515 0: 19.61%, 1: 80.39%
CHEMBL1614516 0: 96.81%, 1: 3.19%
CHEMBL1614518 0: 45.69%, 1: 54.31%
CHEMBL1614525 0: 52.00%, 1: 48.00%
CHEMBL1614528 0: 40.91%, 1: 59.09%
CHEMBL1614539 0: 14.12%, 1: 85.88%
CHEMBL1614548 0: 17.95%, 1: 82.05%
CHEMBL1614550 0: 9.30%, 1: 90.70%
CHEMBL1670561 0: 15.13%, 1: 84.87%
CHEMBL1676103 0: 39.85%, 1: 60.15%
CHEMBL1737862 0: 25.69%, 1: 74.31%
CHEMBL1737863 0: 36.27%, 1: 63.73%
CHEMBL1737868 0: 79.41%, 1: 20.59%
CHEMBL1737910 0: 45.71%, 1: 54.29%
CHEMBL1737951 0: 51.83%, 1: 48.17%
CHEMBL1737977 0: 13.87%, 1: 86.13%
CHEMBL1737978 0: 18.18%, 1: 81.82%
CHEMBL1737979 0: 8.94%, 1: 91.06%
CHEMBL1738019 0: 24.85%, 1: 75.15%
CHEMBL1738021 0: 10.87%, 1: 89.13%
CHEMBL1738040 0: 73.48%, 1: 26.52%
CHEMBL1738043 0: 46.43%, 1: 53.57%
CHEMBL1738079 0: 3.88%, 1: 96.12%
CHEMBL1738080 0: 76.43%, 1: 23.57%
CHEMBL1738091 0: 89.77%, 1: 10.23%
CHEMBL1738092 0: 13.76%, 1: 86.24%
CHEMBL1738097 0: 72.41%, 1: 27.59%
CHEMBL1738192 0: 83.17%, 1: 16.83%
CHEMBL1738197 0: 36.90%, 1: 63.10%
CHEMBL1738202 0: 3.47%, 1: 96.53%
CHEMBL1738246 0: 14.52%, 1: 85.48%
CHEMBL1738313 0: 57.69%, 1: 42.31%
CHEMBL1738319 0: 59.17%, 1: 40.83%
CHEMBL1738325 0: 96.86%, 1: 3.14%
CHEMBL1738362 0: 21.43%, 1: 78.57%
CHEMBL1738371 0: 81.97%, 1: 18.03%
CHEMBL1738400 0: 77.86%, 1: 22.14%
CHEMBL1738418 0: 68.85%, 1: 31.15%
CHEMBL1738422 0: 4.29%, 1: 95.71%
CHEMBL1738423 0: 76.15%, 1: 23.85%
CHEMBL1738430 0: 25.54%, 1: 74.46%
CHEMBL1738438 0: 2.76%, 1: 97.24%
CHEMBL1738482 0: 7.69%, 1: 92.31%
CHEMBL1738514 0: 26.73%, 1: 73.27%
CHEMBL1738575 0: 65.65%, 1: 34.35%
CHEMBL1738579 0: 22.79%, 1: 77.21%
CHEMBL1738599 0: 16.07%, 1: 83.93%
CHEMBL1738602 0: 42.70%, 1: 57.30%
CHEMBL1738619 0: 83.17%, 1: 16.83%
CHEMBL1738633 0: 4.05%, 1: 95.95%
CHEMBL1738642 0: 34.82%, 1: 65.18%
CHEMBL1738679 0: 63.95%, 1: 36.05%
CHEMBL1738684 0: 13.21%, 1: 86.79%
CHEMBL1794296 0: 44.02%, 1: 55.98%
CHEMBL1794320 0: 96.68%, 1: 3.32%
CHEMBL1794358 0: 94.14%, 1: 5.86%
CHEMBL1794367 0: 42.52%, 1: 57.48%
CHEMBL1794393 0: 67.55%, 1: 32.45%
CHEMBL1794400 0: 35.59%, 1: 64.41%
CHEMBL1794420 0: 54.46%, 1: 45.54%
CHEMBL1794438 0: 40.17%, 1: 59.83%
CHEMBL1794445 0: 87.84%, 1: 12.16%
CHEMBL1794452 0: 94.30%, 1: 5.70%
CHEMBL1794455 0: 52.48%, 1: 47.52%
CHEMBL1794457 0: 92.98%, 1: 7.02%
CHEMBL1794460 0: 28.63%, 1: 71.37%
CHEMBL1794484 0: 44.93%, 1: 55.07%
CHEMBL1794497 0: 8.47%, 1: 91.53%
CHEMBL1794498 0: 53.47%, 1: 46.53%
CHEMBL1794508 0: 94.63%, 1: 5.37%
CHEMBL1794548 0: 88.74%, 1: 11.26%
CHEMBL1794566 0: 6.05%, 1: 93.95%
CHEMBL1794570 0: 92.79%, 1: 7.21%
CHEMBL1794581 0: 19.65%, 1: 80.35%
CHEMBL1804798 0: 71.83%, 1: 28.17%
CHEMBL1820680 0: 46.81%, 1: 53.19%
CHEMBL1827362 0: 25.62%, 1: 74.38%
CHEMBL1963813 0: 79.19%, 1: 20.81%
CHEMBL1963838 0: 75.83%, 1: 24.17%
CHEMBL1963846 0: 85.07%, 1: 14.93%
CHEMBL1963849 0: 21.77%, 1: 78.23%
CHEMBL1963857 0: 39.45%, 1: 60.55%
CHEMBL1963867 0: 73.13%, 1: 26.87%
CHEMBL1963898 0: 75.62%, 1: 24.38%
CHEMBL1963899 0: 24.19%, 1: 75.81%
CHEMBL1963907 0: 64.35%, 1: 35.65%
CHEMBL1963910 0: 10.50%, 1: 89.50%
CHEMBL1963915 0: 15.00%, 1: 85.00%
CHEMBL1963930 0: 3.64%, 1: 96.36%
CHEMBL1963933 0: 93.91%, 1: 6.09%
CHEMBL1963934 0: 3.64%, 1: 96.36%
CHEMBL1963940 0: 33.79%, 1: 66.21%
CHEMBL1963968 0: 51.52%, 1: 48.48%
CHEMBL1963969 0: 25.83%, 1: 74.17%
CHEMBL1963974 0: 88.26%, 1: 11.74%
CHEMBL1963983 0: 76.39%, 1: 23.61%
CHEMBL1964005 0: 6.67%, 1: 93.33%
CHEMBL1964010 0: 76.06%, 1: 23.94%
CHEMBL1964023 0: 73.75%, 1: 26.25%
CHEMBL1964046 0: 36.29%, 1: 63.71%
CHEMBL1964055 0: 10.00%, 1: 90.00%
CHEMBL2028073 0: 76.99%, 1: 23.01%
CHEMBL2028074 0: 74.88%, 1: 25.12%
CHEMBL2028075 0: 56.46%, 1: 43.54%
CHEMBL2028076 0: 85.04%, 1: 14.96%
CHEMBL2045986 0: 7.37%, 1: 92.63%
CHEMBL2091156 0: 19.10%, 1: 80.90%
CHEMBL2098499 0: 74.45%, 1: 25.55%
CHEMBL2114715 0: 60.31%, 1: 39.69%
CHEMBL2114717 0: 69.29%, 1: 30.71%
CHEMBL2114718 0: 16.81%, 1: 83.19%
CHEMBL2114727 0: 16.96%, 1: 83.04%
CHEMBL2114728 0: 9.82%, 1: 90.18%
CHEMBL2114742 0: 33.90%, 1: 66.10%
CHEMBL2114748 0: 59.44%, 1: 40.56%
CHEMBL2114752 0: 15.02%, 1: 84.98%
CHEMBL2114764 0: 42.92%, 1: 57.08%
CHEMBL2114771 0: 64.02%, 1: 35.98%
CHEMBL2114791 0: 1.99%, 1: 98.01%
CHEMBL2114797 0: 42.41%, 1: 57.59%
CHEMBL2114803 0: 22.86%, 1: 77.14%
CHEMBL2114811 0: 10.16%, 1: 89.84%
CHEMBL2114814 0: 44.98%, 1: 55.02%
CHEMBL2114820 0: 16.31%, 1: 83.69%
CHEMBL2114823 0: 20.90%, 1: 79.10%
CHEMBL2114826 0: 50.79%, 1: 49.21%
CHEMBL2114827 0: 93.80%, 1: 6.20%
CHEMBL2114830 0: 20.17%, 1: 79.83%
CHEMBL2114839 0: 28.69%, 1: 71.31%
CHEMBL2114844 0: 32.59%, 1: 67.41%
CHEMBL2114847 0: 13.84%, 1: 86.16%
CHEMBL2114863 0: 33.55%, 1: 66.45%
CHEMBL2114874 0: 28.03%, 1: 71.97%
CHEMBL2114883 0: 44.95%, 1: 55.05%
CHEMBL2114914 0: 20.72%, 1: 79.28%
CHEMBL2114927 0: 84.11%, 1: 15.89%
CHEMBL2114928 0: 86.06%, 1: 13.94%
CHEMBL2114930 0: 4.68%, 1: 95.32%
CHEMBL2155446 0: 5.83%, 1: 94.17%
CHEMBL2303649 0: 68.09%, 1: 31.91%
CHEMBL2354206 0: 93.86%, 1: 6.14%
CHEMBL2354207 0: 15.46%, 1: 84.54%
CHEMBL2354217 0: 20.69%, 1: 79.31%
CHEMBL2354227 0: 21.70%, 1: 78.30%
CHEMBL2354228 0: 59.88%, 1: 40.12%
CHEMBL2354248 0: 96.55%, 1: 3.45%
CHEMBL2354260 0: 54.63%, 1: 45.37%
CHEMBL2354274 0: 5.26%, 1: 94.74%
CHEMBL2354276 0: 75.30%, 1: 24.70%
CHEMBL2354292 0: 77.91%, 1: 22.09%
CHEMBL2354303 0: 86.76%, 1: 13.24%
CHEMBL2354305 0: 14.37%, 1: 85.63%
CHEMBL2354307 0: 9.17%, 1: 90.83%
CHEMBL2363140 0: 68.70%, 1: 31.30%
CHEMBL2363141 0: 76.19%, 1: 23.81%
CHEMBL2363142 0: 60.20%, 1: 39.80%
CHEMBL2363146 0: 67.68%, 1: 32.32%
CHEMBL2363148 0: 67.68%, 1: 32.32%
CHEMBL2363152 0: 41.86%, 1: 58.14%
CHEMBL2363153 0: 34.07%, 1: 65.93%
CHEMBL2363154 0: 89.66%, 1: 10.34%
CHEMBL2363160 0: 68.69%, 1: 31.31%
CHEMBL2363165 0: 64.38%, 1: 35.62%
CHEMBL2363166 0: 62.50%, 1: 37.50%
CHEMBL2363167 0: 68.32%, 1: 31.68%
CHEMBL2363168 0: 59.76%, 1: 40.24%
CHEMBL2363169 0: 65.48%, 1: 34.52%
CHEMBL2363171 0: 74.75%, 1: 25.25%
CHEMBL2363174 0: 55.79%, 1: 44.21%
CHEMBL2363176 0: 36.67%, 1: 63.33%
CHEMBL2363178 0: 70.41%, 1: 29.59%
CHEMBL2363180 0: 72.57%, 1: 27.43%
CHEMBL2363184 0: 79.79%, 1: 20.21%
CHEMBL2363185 0: 49.02%, 1: 50.98%
CHEMBL2363187 0: 62.00%, 1: 38.00%
CHEMBL2363189 0: 42.57%, 1: 57.43%
CHEMBL2363197 0: 76.29%, 1: 23.71%
CHEMBL2363207 0: 67.31%, 1: 32.69%
CHEMBL2363208 0: 38.24%, 1: 61.76%
CHEMBL2363210 0: 50.00%, 1: 50.00%
CHEMBL2363211 0: 60.64%, 1: 39.36%
CHEMBL2363212 0: 48.57%, 1: 51.43%
CHEMBL2363213 0: 67.71%, 1: 32.29%
CHEMBL2363214 0: 50.52%, 1: 49.48%
CHEMBL2363215 0: 56.00%, 1: 44.00%
CHEMBL2363216 0: 46.53%, 1: 53.47%
CHEMBL2363218 0: 48.04%, 1: 51.96%
CHEMBL2363220 0: 54.21%, 1: 45.79%
CHEMBL2363221 0: 71.96%, 1: 28.04%
CHEMBL2363223 0: 57.30%, 1: 42.70%
CHEMBL2363224 0: 43.00%, 1: 57.00%
CHEMBL2363225 0: 62.89%, 1: 37.11%
CHEMBL2363227 0: 67.42%, 1: 32.58%
CHEMBL2363228 0: 51.22%, 1: 48.78%
CHEMBL2363230 0: 28.12%, 1: 71.88%
CHEMBL2363236 0: 69.44%, 1: 30.56%
CHEMBL2363238 0: 51.92%, 1: 48.08%
CHEMBL2363239 0: 53.61%, 1: 46.39%
CHEMBL2363242 0: 49.48%, 1: 50.52%
CHEMBL2363243 0: 50.00%, 1: 50.00%
CHEMBL2363245 0: 60.82%, 1: 39.18%
CHEMBL2363247 0: 58.06%, 1: 41.94%
CHEMBL2363248 0: 55.56%, 1: 44.44%
CHEMBL2363252 0: 46.24%, 1: 53.76%
CHEMBL2363253 0: 46.67%, 1: 53.33%
CHEMBL2363255 0: 73.20%, 1: 26.80%
CHEMBL2363263 0: 58.90%, 1: 41.10%
CHEMBL2363264 0: 58.76%, 1: 41.24%
CHEMBL2363265 0: 57.47%, 1: 42.53%
CHEMBL2363268 0: 57.14%, 1: 42.86%
CHEMBL2363269 0: 58.10%, 1: 41.90%
CHEMBL2363272 0: 56.73%, 1: 43.27%
CHEMBL2363273 0: 68.32%, 1: 31.68%
CHEMBL2363275 0: 56.19%, 1: 43.81%
CHEMBL2363277 0: 51.06%, 1: 48.94%
CHEMBL2363278 0: 44.44%, 1: 55.56%
CHEMBL2363283 0: 43.53%, 1: 56.47%
CHEMBL2363290 0: 65.05%, 1: 34.95%
CHEMBL2363294 0: 46.08%, 1: 53.92%
CHEMBL2363299 0: 46.51%, 1: 53.49%
CHEMBL2363307 0: 55.17%, 1: 44.83%
CHEMBL2363313 0: 54.26%, 1: 45.74%
CHEMBL2363314 0: 65.69%, 1: 34.31%
CHEMBL2363315 0: 63.89%, 1: 36.11%
CHEMBL2363317 0: 54.55%, 1: 45.45%
CHEMBL2363319 0: 70.18%, 1: 29.82%
CHEMBL2363321 0: 77.89%, 1: 22.11%
CHEMBL2363322 0: 68.27%, 1: 31.73%
CHEMBL2363324 0: 67.35%, 1: 32.65%
CHEMBL2363326 0: 50.94%, 1: 49.06%
CHEMBL2363327 0: 57.29%, 1: 42.71%
CHEMBL2363328 0: 71.43%, 1: 28.57%
CHEMBL2363330 0: 40.91%, 1: 59.09%
CHEMBL2363332 0: 51.43%, 1: 48.57%
CHEMBL2363333 0: 51.04%, 1: 48.96%
CHEMBL2363334 0: 48.21%, 1: 51.79%
CHEMBL2363335 0: 63.00%, 1: 37.00%
CHEMBL2363336 0: 63.04%, 1: 36.96%
CHEMBL2363337 0: 66.99%, 1: 33.01%
CHEMBL2363338 0: 48.11%, 1: 51.89%
CHEMBL2363339 0: 55.26%, 1: 44.74%
CHEMBL2363341 0: 70.75%, 1: 29.25%
CHEMBL2363343 0: 68.63%, 1: 31.37%
CHEMBL2363348 0: 66.32%, 1: 33.68%
CHEMBL2363349 0: 40.59%, 1: 59.41%
CHEMBL2363351 0: 38.64%, 1: 61.36%
CHEMBL2363352 0: 59.80%, 1: 40.20%
CHEMBL2363353 0: 59.41%, 1: 40.59%
CHEMBL2363363 0: 49.00%, 1: 51.00%
CHEMBL2363364 0: 71.70%, 1: 28.30%
CHEMBL2363366 0: 34.00%, 1: 66.00%
CHEMBL2363367 0: 69.52%, 1: 30.48%
CHEMBL2363368 0: 38.95%, 1: 61.05%
CHEMBL2363369 0: 46.94%, 1: 53.06%
CHEMBL2363370 0: 61.68%, 1: 38.32%
CHEMBL2363371 0: 66.29%, 1: 33.71%
CHEMBL2363373 0: 62.75%, 1: 37.25%
CHEMBL2363374 0: 57.55%, 1: 42.45%
CHEMBL2363375 0: 50.00%, 1: 50.00%
CHEMBL2363377 0: 45.00%, 1: 55.00%
CHEMBL2363383 0: 71.84%, 1: 28.16%
CHEMBL2363385 0: 52.43%, 1: 47.57%
CHEMBL2363387 0: 70.54%, 1: 29.46%
CHEMBL2363388 0: 62.89%, 1: 37.11%
CHEMBL2363389 0: 55.14%, 1: 44.86%
CHEMBL2363390 0: 65.74%, 1: 34.26%
CHEMBL2363391 0: 58.00%, 1: 42.00%
CHEMBL2363393 0: 63.74%, 1: 36.26%
CHEMBL2363395 0: 70.65%, 1: 29.35%
CHEMBL2363397 0: 42.86%, 1: 57.14%
CHEMBL2363403 0: 55.00%, 1: 45.00%
CHEMBL2363414 0: 42.11%, 1: 57.89%
CHEMBL2363420 0: 53.26%, 1: 46.74%
CHEMBL2363421 0: 83.78%, 1: 16.22%
CHEMBL2363425 0: 58.59%, 1: 41.41%
CHEMBL2363426 0: 50.57%, 1: 49.43%
CHEMBL2363432 0: 40.00%, 1: 60.00%
CHEMBL2363433 0: 54.37%, 1: 45.63%
CHEMBL2363434 0: 65.96%, 1: 34.04%
CHEMBL2363435 0: 60.82%, 1: 39.18%
CHEMBL2363437 0: 44.57%, 1: 55.43%
CHEMBL2363438 0: 47.25%, 1: 52.75%
CHEMBL2363440 0: 60.00%, 1: 40.00%
CHEMBL2363442 0: 62.92%, 1: 37.08%
CHEMBL2363443 0: 72.32%, 1: 27.68%
CHEMBL2363444 0: 24.00%, 1: 76.00%
CHEMBL2363445 0: 53.68%, 1: 46.32%
CHEMBL2363446 0: 54.64%, 1: 45.36%
CHEMBL2363447 0: 62.73%, 1: 37.27%
CHEMBL2363449 0: 84.47%, 1: 15.53%
CHEMBL2363452 0: 61.00%, 1: 39.00%
CHEMBL2363453 0: 67.44%, 1: 32.56%
CHEMBL2363454 0: 58.00%, 1: 42.00%
CHEMBL2363457 0: 58.25%, 1: 41.75%
CHEMBL2363458 0: 65.74%, 1: 34.26%
CHEMBL2363459 0: 48.15%, 1: 51.85%
CHEMBL2363464 0: 67.68%, 1: 32.32%
CHEMBL2363465 0: 69.61%, 1: 30.39%
CHEMBL2363467 0: 59.52%, 1: 40.48%
CHEMBL2363468 0: 66.67%, 1: 33.33%
CHEMBL2363469 0: 52.53%, 1: 47.47%
CHEMBL2363470 0: 77.48%, 1: 22.52%
CHEMBL2363477 0: 62.38%, 1: 37.62%
CHEMBL2363480 0: 52.08%, 1: 47.92%
CHEMBL2363481 0: 70.71%, 1: 29.29%
CHEMBL2363489 0: 61.54%, 1: 38.46%
CHEMBL2363492 0: 85.32%, 1: 14.68%
CHEMBL2363504 0: 59.80%, 1: 40.20%
CHEMBL2363507 0: 65.05%, 1: 34.95%
CHEMBL2363514 0: 75.00%, 1: 25.00%
CHEMBL2363516 0: 69.16%, 1: 30.84%
CHEMBL2363529 0: 71.70%, 1: 28.30%
CHEMBL2363531 0: 63.10%, 1: 36.90%
CHEMBL2363535 0: 55.10%, 1: 44.90%
CHEMBL2363541 0: 65.96%, 1: 34.04%
CHEMBL2363544 0: 60.82%, 1: 39.18%
CHEMBL2363546 0: 53.85%, 1: 46.15%
CHEMBL2363549 0: 73.40%, 1: 26.60%
CHEMBL2363552 0: 68.35%, 1: 31.65%
CHEMBL2363553 0: 47.42%, 1: 52.58%
CHEMBL2363555 0: 65.71%, 1: 34.29%
CHEMBL2363556 0: 52.53%, 1: 47.47%
CHEMBL2363557 0: 60.75%, 1: 39.25%
CHEMBL2363558 0: 34.95%, 1: 65.05%
CHEMBL2363559 0: 56.25%, 1: 43.75%
CHEMBL2363560 0: 56.57%, 1: 43.43%
CHEMBL2363561 0: 33.71%, 1: 66.29%
CHEMBL2363562 0: 48.04%, 1: 51.96%
CHEMBL2363568 0: 56.67%, 1: 43.33%
CHEMBL2363569 0: 52.43%, 1: 47.57%
CHEMBL2363572 0: 66.67%, 1: 33.33%
CHEMBL2363573 0: 52.34%, 1: 47.66%
CHEMBL2363575 0: 47.52%, 1: 52.48%
CHEMBL2363577 0: 54.55%, 1: 45.45%
CHEMBL2363581 0: 62.11%, 1: 37.89%
CHEMBL2363592 0: 51.72%, 1: 48.28%
CHEMBL2363593 0: 34.44%, 1: 65.56%
CHEMBL2363594 0: 73.63%, 1: 26.37%
CHEMBL2363599 0: 66.09%, 1: 33.91%
CHEMBL2363601 0: 48.62%, 1: 51.38%
CHEMBL2363609 0: 53.76%, 1: 46.24%
CHEMBL2363611 0: 71.96%, 1: 28.04%
CHEMBL2363612 0: 35.23%, 1: 64.77%
CHEMBL2363616 0: 55.14%, 1: 44.86%
CHEMBL2363618 0: 47.83%, 1: 52.17%
CHEMBL2363621 0: 58.95%, 1: 41.05%
CHEMBL2363623 0: 65.05%, 1: 34.95%
CHEMBL2363628 0: 81.25%, 1: 18.75%
CHEMBL2363630 0: 50.00%, 1: 50.00%
CHEMBL2363631 0: 54.26%, 1: 45.74%
CHEMBL2363633 0: 57.58%, 1: 42.42%
CHEMBL2363634 0: 49.07%, 1: 50.93%
CHEMBL2363635 0: 78.50%, 1: 21.50%
CHEMBL2363639 0: 53.77%, 1: 46.23%
CHEMBL2363642 0: 56.18%, 1: 43.82%
CHEMBL2363644 0: 75.76%, 1: 24.24%
CHEMBL2363645 0: 63.21%, 1: 36.79%
CHEMBL2363655 0: 55.66%, 1: 44.34%
CHEMBL2363656 0: 74.04%, 1: 25.96%
CHEMBL2363657 0: 39.78%, 1: 60.22%
CHEMBL2363659 0: 53.76%, 1: 46.24%
CHEMBL2363660 0: 53.40%, 1: 46.60%
CHEMBL2363664 0: 60.58%, 1: 39.42%
CHEMBL2363671 0: 60.22%, 1: 39.78%
CHEMBL2363688 0: 79.82%, 1: 20.18%
CHEMBL2363692 0: 53.64%, 1: 46.36%
CHEMBL2363695 0: 46.73%, 1: 53.27%
CHEMBL2363696 0: 55.67%, 1: 44.33%
CHEMBL2363697 0: 37.93%, 1: 62.07%
CHEMBL2363707 0: 54.26%, 1: 45.74%
CHEMBL2363713 0: 30.85%, 1: 69.15%
CHEMBL2363716 0: 51.55%, 1: 48.45%
CHEMBL2363719 0: 41.00%, 1: 59.00%
CHEMBL2363723 0: 64.10%, 1: 35.90%
CHEMBL2363725 0: 46.15%, 1: 53.85%
CHEMBL2363727 0: 52.63%, 1: 47.37%
CHEMBL2363728 0: 45.71%, 1: 54.29%
CHEMBL2363731 0: 67.96%, 1: 32.04%
CHEMBL2363734 0: 52.87%, 1: 47.13%
CHEMBL2363737 0: 42.86%, 1: 57.14%
CHEMBL2363739 0: 37.08%, 1: 62.92%
CHEMBL2363740 0: 70.19%, 1: 29.81%
CHEMBL2363743 0: 55.77%, 1: 44.23%
CHEMBL2363747 0: 41.67%, 1: 58.33%
CHEMBL2363748 0: 67.01%, 1: 32.99%
CHEMBL2363749 0: 48.45%, 1: 51.55%
CHEMBL2363753 0: 47.47%, 1: 52.53%
CHEMBL2363764 0: 73.21%, 1: 26.79%
CHEMBL2363766 0: 32.67%, 1: 67.33%
CHEMBL2363767 0: 55.79%, 1: 44.21%
CHEMBL2363771 0: 60.19%, 1: 39.81%
CHEMBL2363774 0: 76.92%, 1: 23.08%
CHEMBL2363788 0: 53.61%, 1: 46.39%
CHEMBL2363789 0: 51.96%, 1: 48.04%
CHEMBL2363790 0: 42.11%, 1: 57.89%
CHEMBL2363793 0: 64.95%, 1: 35.05%
