wandb: Tracking run with wandb version 0.9.3
wandb: Run data is saved locally in wandb/run-20200721_024621-1z4d0k9q
wandb: Syncing run chemprop_0.4_dropout_3_mp_steps
wandb: ⭐️ View project at https://app.wandb.ai/apappu97/molecule-metalearning-chemprop
wandb: 🚀 View run at https://app.wandb.ai/apappu97/molecule-metalearning-chemprop/runs/1z4d0k9q
wandb: Run `wandb off` to turn off syncing.

Fold 0
Command line
python chemprop/train.py --data_path filtered_chembl/chembl_less_1024_more_128_645_tasks.csv --dataset_type classification --split_type scaffold_balanced --dropout 0.4 --depth 3 --num_folds 2 --epochs 30 --results_save_dir results/initial_hyperparameter_tuning/ --experiment_name chemprop_0.4_dropout_3_mp_steps
Args
{'ANIL': False,
 'FO_MAML': False,
 'activation': 'ReLU',
 'atom_messages': False,
 'batch_size': 50,
 'bias': False,
 'cache_cutoff': 10000,
 'checkpoint_dir': None,
 'checkpoint_path': None,
 'checkpoint_paths': None,
 'chembl_assay_metadata_pickle_path': None,
 'class_balance': False,
 'config_path': None,
 'crossval_index_dir': None,
 'crossval_index_file': None,
 'crossval_index_sets': None,
 'data_path': 'filtered_chembl/chembl_less_1024_more_128_645_tasks.csv',
 'dataset_type': 'classification',
 'depth': 3,
 'dropout': 0.4,
 'dummy': False,
 'ensemble_size': 1,
 'epochs': 30,
 'experiment_name': 'chemprop_0.4_dropout_3_mp_steps',
 'features_generator': None,
 'features_only': False,
 'features_path': None,
 'features_size': None,
 'ffn_hidden_size': 300,
 'ffn_num_layers': 2,
 'final_lr': 0.0001,
 'folds_file': None,
 'gpu': None,
 'hidden_size': 300,
 'init_lr': 0.0001,
 'inner_loop_lr': 0.05,
 'log_frequency': 10,
 'max_data_size': None,
 'max_lr': 0.001,
 'meta_batch_size': 3,
 'meta_learning': False,
 'meta_test_split_sizes': (0.8, 0.1, 0.1),
 'meta_train_split_sizes': (0.8, 0.2, 0),
 'metric': 'auc',
 'minimize_score': False,
 'multiclass_num_classes': 3,
 'no_cuda': False,
 'no_features_scaling': False,
 'num_folds': 2,
 'num_inner_gradient_steps': 2,
 'num_lrs': 1,
 'num_tasks': None,
 'num_workers': 8,
 'outer_loop_lr': 0.003,
 'pytorch_seed': 0,
 'quiet': False,
 'results_save_dir': 'results/initial_hyperparameter_tuning/',
 'save_dir': '/tmp/2273220.30.gpu.q/tmphys49tqp/fold_0',
 'save_smiles_splits': False,
 'seed': 0,
 'separate_test_features_path': None,
 'separate_test_path': None,
 'separate_val_features_path': None,
 'separate_val_path': None,
 'show_individual_scores': False,
 'smiles_column': None,
 'split_sizes': (0.8, 0.1, 0.1),
 'split_type': 'scaffold_balanced',
 'target_columns': None,
 'task_names': None,
 'test': False,
 'test_fold_index': None,
 'train_data_size': None,
 'undirected': False,
 'use_input_features': False,
 'val_fold_index': None,
 'warmup_epochs': 2.0}
Loading data
0it [00:00, ?it/s]219it [00:00, 2187.12it/s]500it [00:00, 2341.87it/s]656it [00:00, 1444.20it/s]1143it [00:00, 1830.20it/s]1621it [00:00, 2245.61it/s]2091it [00:00, 2662.47it/s]2567it [00:00, 3067.10it/s]3045it [00:00, 3435.88it/s]3461it [00:01, 3324.55it/s]3845it [00:01, 3127.20it/s]4315it [00:01, 3475.19it/s]4758it [00:01, 3713.86it/s]5188it [00:01, 3848.35it/s]5597it [00:01, 3893.40it/s]6060it [00:01, 4086.91it/s]6533it [00:01, 4260.11it/s]7001it [00:01, 4376.03it/s]7497it [00:01, 4534.24it/s]7980it [00:02, 3963.71it/s]8431it [00:02, 4111.75it/s]8922it [00:02, 4322.11it/s]9368it [00:02, 4264.90it/s]9838it [00:02, 4385.95it/s]10302it [00:02, 4458.10it/s]10779it [00:02, 4545.09it/s]11275it [00:02, 4661.14it/s]11765it [00:02, 4730.21it/s]12241it [00:03, 4185.71it/s]12674it [00:03, 3041.49it/s]13173it [00:03, 3444.81it/s]13597it [00:03, 3649.15it/s]14027it [00:03, 3762.15it/s]14434it [00:03, 3444.50it/s]14922it [00:03, 3776.78it/s]15392it [00:03, 4011.72it/s]15817it [00:04, 3765.67it/s]16307it [00:04, 4045.04it/s]16732it [00:04, 1759.68it/s]17080it [00:04, 2065.59it/s]17495it [00:04, 2431.47it/s]17933it [00:05, 2805.14it/s]18312it [00:05, 2901.49it/s]18672it [00:05, 2269.57it/s]18970it [00:05, 1993.79it/s]19402it [00:05, 2330.29it/s]19696it [00:05, 1868.04it/s]20180it [00:06, 2282.86it/s]20493it [00:06, 2045.32it/s]20762it [00:06, 1974.35it/s]21005it [00:06, 1453.39it/s]21247it [00:06, 1550.74it/s]21477it [00:06, 1683.20it/s]21744it [00:07, 1892.37it/s]22006it [00:07, 2061.00it/s]22387it [00:07, 2389.56it/s]22663it [00:07, 2318.06it/s]22922it [00:07, 2114.82it/s]23156it [00:07, 2061.68it/s]23452it [00:07, 2268.00it/s]23742it [00:07, 2409.27it/s]24038it [00:07, 2532.02it/s]24366it [00:08, 2717.96it/s]24712it [00:08, 2904.68it/s]25049it [00:08, 2472.45it/s]25316it [00:08, 2295.95it/s]25562it [00:08, 2148.02it/s]25791it [00:08, 2181.12it/s]26019it [00:08, 1942.69it/s]26225it [00:08, 1907.31it/s]26424it [00:09, 1776.66it/s]26610it [00:09, 1706.57it/s]27101it [00:09, 2121.73it/s]27538it [00:09, 2508.73it/s]28037it [00:09, 2948.38it/s]28412it [00:09, 2942.11it/s]28762it [00:09, 2875.06it/s]29089it [00:09, 2982.39it/s]29416it [00:10, 2016.14it/s]29680it [00:10, 2135.21it/s]29939it [00:10, 2051.54it/s]30177it [00:10, 1988.89it/s]30399it [00:10, 1782.51it/s]30616it [00:10, 1820.81it/s]30854it [00:10, 1958.45it/s]31321it [00:10, 2371.53it/s]31826it [00:11, 2820.12it/s]32328it [00:11, 3246.33it/s]32800it [00:11, 3581.10it/s]33298it [00:11, 3909.64it/s]33741it [00:11, 3614.27it/s]34221it [00:11, 3901.92it/s]34647it [00:11, 3042.40it/s]35005it [00:12, 2222.43it/s]35297it [00:12, 1938.28it/s]35546it [00:12, 1918.97it/s]35964it [00:12, 2290.26it/s]36468it [00:12, 2738.18it/s]36942it [00:12, 3134.30it/s]37448it [00:12, 3537.55it/s]37872it [00:12, 3355.14it/s]38354it [00:13, 3690.43it/s]38861it [00:13, 4018.31it/s]39341it [00:13, 4210.52it/s]39848it [00:13, 4436.01it/s]40345it [00:13, 4583.48it/s]40826it [00:13, 4645.23it/s]41322it [00:13, 4735.38it/s]41806it [00:13, 4126.88it/s]42255it [00:13, 4229.42it/s]42694it [00:14, 4233.17it/s]43128it [00:14, 3915.96it/s]43532it [00:14, 3114.70it/s]43878it [00:14, 2957.22it/s]44224it [00:14, 3090.72it/s]44607it [00:14, 3279.52it/s]45104it [00:14, 3650.85it/s]45604it [00:14, 3971.73it/s]46028it [00:15, 3546.10it/s]46521it [00:15, 3871.98it/s]47019it [00:15, 4100.46it/s]47520it [00:15, 4335.82it/s]48019it [00:15, 4512.84it/s]48493it [00:15, 4577.20it/s]48990it [00:15, 4686.67it/s]49468it [00:15, 4696.74it/s]49964it [00:15, 4771.29it/s]50446it [00:15, 4179.92it/s]50916it [00:16, 4321.32it/s]51361it [00:16, 3786.23it/s]51776it [00:16, 3887.03it/s]52180it [00:16, 3577.00it/s]52661it [00:16, 3874.95it/s]53153it [00:16, 4137.69it/s]53585it [00:16, 3563.27it/s]53968it [00:16, 3459.17it/s]54334it [00:17, 3061.33it/s]54662it [00:17, 2770.00it/s]55129it [00:17, 3154.78it/s]55617it [00:17, 3527.83it/s]56093it [00:17, 3808.87it/s]56593it [00:17, 4101.23it/s]57102it [00:17, 4354.69it/s]57584it [00:17, 4484.54it/s]58073it [00:17, 4598.73it/s]58547it [00:18, 4063.81it/s]59058it [00:18, 4328.35it/s]59568it [00:18, 4533.68it/s]60050it [00:18, 4614.94it/s]60556it [00:18, 4739.35it/s]61039it [00:18, 4763.29it/s]61544it [00:18, 4845.64it/s]61865it [00:18, 3301.47it/s]
  0% 0/61865 [00:00<?, ?it/s]  2% 1231/61865 [00:03<02:34, 392.02it/s] 64% 39331/61865 [00:03<00:40, 559.79it/s] 82% 50770/61865 [00:04<00:14, 777.89it/s]100% 61865/61865 [00:04<00:00, 13459.44it/s]
  0% 0/61865 [00:00<?, ?it/s]  0% 195/61865 [00:00<00:31, 1945.31it/s]  1% 350/61865 [00:00<00:34, 1778.77it/s]  1% 668/61865 [00:00<00:29, 2049.69it/s]  2% 1077/61865 [00:00<00:25, 2362.68it/s]  2% 1384/61865 [00:00<00:23, 2528.30it/s]  3% 1628/61865 [00:00<00:28, 2102.59it/s]  3% 1844/61865 [00:00<00:29, 2018.64it/s]  3% 2051/61865 [00:00<00:35, 1702.85it/s]  4% 2336/61865 [00:01<00:30, 1936.18it/s]  4% 2606/61865 [00:01<00:28, 2078.78it/s]  5% 3053/61865 [00:01<00:23, 2476.16it/s]  6% 3418/61865 [00:01<00:21, 2712.29it/s]  6% 3727/61865 [00:01<00:23, 2519.09it/s]  6% 4008/61865 [00:01<00:25, 2289.78it/s]  7% 4305/61865 [00:01<00:23, 2458.23it/s]  8% 4732/61865 [00:01<00:20, 2815.88it/s]  8% 5128/61865 [00:01<00:18, 3082.32it/s]  9% 5493/61865 [00:02<00:17, 3233.09it/s]  9% 5863/61865 [00:02<00:16, 3359.72it/s] 10% 6243/61865 [00:02<00:15, 3477.86it/s] 11% 6605/61865 [00:02<00:18, 3008.88it/s] 11% 6927/61865 [00:02<00:19, 2840.84it/s] 12% 7278/61865 [00:02<00:18, 3012.18it/s] 12% 7618/61865 [00:02<00:17, 3118.15it/s] 13% 8028/61865 [00:02<00:16, 3359.08it/s] 14% 8377/61865 [00:02<00:15, 3375.28it/s] 14% 8783/61865 [00:03<00:14, 3553.59it/s] 15% 9168/61865 [00:03<00:14, 3636.35it/s] 15% 9548/61865 [00:03<00:14, 3683.36it/s] 16% 9926/61865 [00:03<00:13, 3711.44it/s] 17% 10301/61865 [00:03<00:13, 3722.83it/s] 17% 10676/61865 [00:03<00:13, 3681.65it/s] 18% 11050/61865 [00:03<00:13, 3696.69it/s] 18% 11443/61865 [00:03<00:13, 3763.45it/s] 19% 11821/61865 [00:03<00:13, 3768.03it/s] 20% 12213/61865 [00:03<00:13, 3810.91it/s] 20% 12596/61865 [00:04<00:12, 3816.36it/s] 21% 12980/61865 [00:04<00:12, 3821.24it/s] 22% 13378/61865 [00:04<00:12, 3867.00it/s] 22% 13766/61865 [00:04<00:14, 3272.79it/s] 23% 14142/61865 [00:04<00:14, 3403.90it/s] 23% 14516/61865 [00:04<00:13, 3496.64it/s] 24% 14886/61865 [00:04<00:13, 3553.96it/s] 25% 15274/61865 [00:04<00:12, 3643.33it/s] 25% 15651/61865 [00:04<00:12, 3679.87it/s] 26% 16041/61865 [00:05<00:12, 3742.32it/s] 27% 16422/61865 [00:05<00:12, 3760.80it/s] 27% 16805/61865 [00:05<00:11, 3778.22it/s] 28% 17213/61865 [00:05<00:11, 3863.82it/s] 28% 17601/61865 [00:05<00:11, 3866.64it/s] 29% 17997/61865 [00:05<00:11, 3892.28it/s] 30% 18392/61865 [00:05<00:11, 3909.21it/s] 30% 18784/61865 [00:05<00:11, 3701.59it/s] 31% 19164/61865 [00:05<00:11, 3727.22it/s] 32% 19559/61865 [00:05<00:11, 3790.34it/s] 32% 19951/61865 [00:06<00:10, 3826.42it/s] 33% 20335/61865 [00:06<00:10, 3778.50it/s] 33% 20722/61865 [00:06<00:10, 3803.99it/s] 34% 21104/61865 [00:06<00:10, 3790.28it/s] 35% 21484/61865 [00:06<00:10, 3780.26it/s] 35% 21863/61865 [00:06<00:12, 3323.62it/s] 36% 22263/61865 [00:06<00:11, 3499.16it/s] 37% 22648/61865 [00:06<00:10, 3596.68it/s] 37% 23040/61865 [00:06<00:10, 3687.23it/s] 38% 23444/61865 [00:06<00:10, 3785.31it/s] 39% 23836/61865 [00:07<00:09, 3824.00it/s] 39% 24239/61865 [00:07<00:09, 3882.46it/s] 40% 24632/61865 [00:07<00:09, 3896.04it/s] 40% 25024/61865 [00:07<00:09, 3888.23it/s] 41% 25415/61865 [00:07<00:09, 3892.11it/s] 42% 25806/61865 [00:07<00:09, 3881.13it/s] 42% 26195/61865 [00:07<00:10, 3429.65it/s] 43% 26565/61865 [00:07<00:10, 3505.46it/s] 44% 26961/61865 [00:07<00:09, 3628.47it/s] 44% 27356/61865 [00:08<00:09, 3718.19it/s] 45% 27754/61865 [00:08<00:08, 3792.92it/s] 45% 28139/61865 [00:08<00:08, 3807.56it/s] 46% 28523/61865 [00:08<00:08, 3802.69it/s] 47% 28906/61865 [00:08<00:08, 3792.82it/s] 47% 29291/61865 [00:08<00:08, 3806.93it/s] 48% 29692/61865 [00:08<00:08, 3862.38it/s] 49% 30084/61865 [00:08<00:08, 3877.61it/s] 49% 30474/61865 [00:08<00:08, 3883.31it/s] 50% 30870/61865 [00:08<00:07, 3904.24it/s] 51% 31261/61865 [00:09<00:07, 3875.22it/s] 51% 31660/61865 [00:09<00:07, 3908.28it/s] 52% 32054/61865 [00:09<00:07, 3915.31it/s] 52% 32446/61865 [00:09<00:07, 3869.52it/s] 53% 32834/61865 [00:09<00:07, 3865.65it/s] 54% 33221/61865 [00:09<00:07, 3835.49it/s] 54% 33612/61865 [00:09<00:07, 3856.71it/s] 55% 33998/61865 [00:09<00:09, 2993.02it/s] 55% 34328/61865 [00:10<00:10, 2668.47it/s] 56% 34623/61865 [00:10<00:11, 2441.73it/s] 56% 34891/61865 [00:10<00:15, 1763.78it/s] 57% 35111/61865 [00:10<00:19, 1353.36it/s] 57% 35291/61865 [00:10<00:20, 1320.37it/s] 57% 35455/61865 [00:10<00:20, 1268.86it/s] 58% 35605/61865 [00:11<00:25, 1019.20it/s] 58% 35731/61865 [00:11<00:29, 888.60it/s]  58% 35840/61865 [00:11<00:27, 938.83it/s] 58% 36082/61865 [00:11<00:23, 1115.07it/s] 59% 36237/61865 [00:11<00:21, 1167.90it/s] 59% 36372/61865 [00:11<00:21, 1207.13it/s] 59% 36595/61865 [00:11<00:18, 1399.70it/s] 60% 36811/61865 [00:11<00:16, 1564.86it/s] 60% 37203/61865 [00:12<00:12, 1908.54it/s] 61% 37605/61865 [00:12<00:10, 2264.94it/s] 61% 37998/61865 [00:12<00:09, 2594.66it/s] 62% 38357/61865 [00:12<00:08, 2829.95it/s] 63% 38689/61865 [00:12<00:09, 2402.75it/s] 63% 38975/61865 [00:12<00:09, 2303.32it/s] 63% 39238/61865 [00:12<00:09, 2359.01it/s] 64% 39498/61865 [00:12<00:09, 2399.44it/s] 64% 39891/61865 [00:13<00:08, 2715.14it/s] 65% 40270/61865 [00:13<00:07, 2967.11it/s] 66% 40646/61865 [00:13<00:06, 3166.16it/s] 66% 41000/61865 [00:13<00:06, 3269.43it/s] 67% 41395/61865 [00:13<00:05, 3447.38it/s] 67% 41754/61865 [00:13<00:07, 2521.01it/s] 68% 42052/61865 [00:13<00:10, 1918.92it/s] 68% 42298/61865 [00:14<00:10, 1942.54it/s] 69% 42668/61865 [00:14<00:08, 2265.14it/s] 70% 43067/61865 [00:14<00:07, 2602.67it/s] 70% 43378/61865 [00:14<00:07, 2567.99it/s] 71% 43671/61865 [00:14<00:07, 2586.20it/s] 71% 43992/61865 [00:14<00:06, 2746.16it/s] 72% 44299/61865 [00:14<00:06, 2805.98it/s] 72% 44594/61865 [00:14<00:06, 2520.94it/s] 73% 44862/61865 [00:14<00:07, 2290.47it/s] 73% 45106/61865 [00:15<00:07, 2155.69it/s] 73% 45334/61865 [00:15<00:08, 1883.46it/s] 74% 45537/61865 [00:15<00:09, 1722.43it/s] 74% 45723/61865 [00:15<00:10, 1528.62it/s] 74% 45889/61865 [00:15<00:10, 1500.23it/s] 75% 46092/61865 [00:15<00:09, 1627.50it/s] 75% 46315/61865 [00:15<00:08, 1752.90it/s] 75% 46500/61865 [00:15<00:09, 1660.84it/s] 75% 46674/61865 [00:16<00:10, 1493.07it/s] 76% 46832/61865 [00:16<00:10, 1372.51it/s] 76% 47039/61865 [00:16<00:09, 1524.85it/s] 76% 47292/61865 [00:16<00:08, 1731.15it/s] 77% 47555/61865 [00:16<00:07, 1928.45it/s] 77% 47930/61865 [00:16<00:06, 2256.93it/s] 78% 48312/61865 [00:16<00:05, 2571.43it/s] 79% 48672/61865 [00:16<00:04, 2811.08it/s] 79% 49046/61865 [00:16<00:04, 3035.34it/s] 80% 49379/61865 [00:17<00:04, 2936.38it/s] 80% 49694/61865 [00:17<00:04, 2755.16it/s] 81% 49987/61865 [00:17<00:04, 2520.69it/s] 81% 50255/61865 [00:17<00:04, 2519.87it/s] 82% 50519/61865 [00:17<00:04, 2421.64it/s] 82% 50770/61865 [00:17<00:04, 2326.92it/s] 82% 51010/61865 [00:17<00:05, 2118.40it/s] 83% 51250/61865 [00:17<00:04, 2194.83it/s] 83% 51492/61865 [00:18<00:04, 2256.81it/s] 84% 51723/61865 [00:18<00:04, 2182.19it/s] 84% 51946/61865 [00:18<00:04, 2009.72it/s] 84% 52153/61865 [00:18<00:05, 1670.68it/s] 85% 52334/61865 [00:18<00:06, 1493.78it/s] 85% 52497/61865 [00:18<00:06, 1408.49it/s] 85% 52756/61865 [00:18<00:05, 1620.71it/s] 86% 52984/61865 [00:18<00:05, 1754.58it/s] 86% 53176/61865 [00:19<00:05, 1632.36it/s] 86% 53385/61865 [00:19<00:04, 1710.84it/s] 87% 53612/61865 [00:19<00:04, 1843.00it/s] 87% 53866/61865 [00:19<00:03, 2008.11it/s] 87% 54110/61865 [00:19<00:03, 2120.57it/s] 88% 54355/61865 [00:19<00:03, 2208.48it/s] 88% 54738/61865 [00:19<00:02, 2529.44it/s] 89% 55100/61865 [00:19<00:02, 2780.67it/s] 90% 55401/61865 [00:19<00:02, 2777.85it/s] 90% 55695/61865 [00:19<00:02, 2765.84it/s] 90% 55983/61865 [00:20<00:02, 2442.67it/s] 91% 56243/61865 [00:20<00:02, 2371.30it/s] 92% 56609/61865 [00:20<00:01, 2651.32it/s] 92% 56929/61865 [00:20<00:01, 2792.45it/s] 93% 57229/61865 [00:20<00:01, 2849.78it/s] 93% 57525/61865 [00:20<00:01, 2755.65it/s] 93% 57809/61865 [00:20<00:01, 2691.23it/s] 94% 58085/61865 [00:20<00:01, 2195.30it/s] 94% 58324/61865 [00:21<00:01, 1907.31it/s] 95% 58535/61865 [00:21<00:01, 1920.27it/s] 95% 58764/61865 [00:21<00:01, 1997.07it/s] 95% 58993/61865 [00:21<00:01, 2075.78it/s] 96% 59223/61865 [00:21<00:01, 2124.23it/s] 96% 59497/61865 [00:21<00:01, 2277.29it/s] 97% 59755/61865 [00:21<00:00, 2306.54it/s] 97% 59991/61865 [00:21<00:00, 2115.62it/s] 97% 60210/61865 [00:22<00:00, 2059.03it/s] 98% 60421/61865 [00:22<00:00, 1694.22it/s] 98% 60713/61865 [00:22<00:00, 1938.20it/s] 98% 60930/61865 [00:22<00:00, 1990.05it/s] 99% 61145/61865 [00:22<00:00, 1838.62it/s] 99% 61343/61865 [00:22<00:00, 1741.03it/s] 99% 61528/61865 [00:22<00:00, 1551.63it/s]100% 61695/61865 [00:22<00:00, 1554.13it/s]100% 61865/61865 [00:22<00:00, 2691.97it/s]
Number of tasks = 645
Splitting data with seed 0
  0% 0/61865 [00:00<?, ?it/s]  0% 299/61865 [00:00<00:20, 2980.97it/s]  1% 581/61865 [00:00<00:20, 2928.43it/s]  1% 859/61865 [00:00<00:21, 2881.63it/s]  2% 1152/61865 [00:00<00:21, 2814.14it/s]  2% 1386/61865 [00:00<00:23, 2612.72it/s]  3% 1662/61865 [00:00<00:22, 2655.10it/s]  3% 1939/61865 [00:00<00:22, 2687.66it/s]  4% 2301/61865 [00:00<00:20, 2911.64it/s]  4% 2692/61865 [00:00<00:18, 3131.61it/s]  5% 3128/61865 [00:01<00:17, 3418.37it/s]  6% 3558/61865 [00:01<00:16, 3642.16it/s]  6% 3931/61865 [00:01<00:15, 3641.87it/s]  7% 4301/61865 [00:01<00:19, 2982.39it/s]  7% 4623/61865 [00:01<00:20, 2764.40it/s]  8% 4920/61865 [00:01<00:24, 2280.79it/s]  8% 5176/61865 [00:01<00:29, 1921.17it/s]  9% 5398/61865 [00:02<00:30, 1842.10it/s]  9% 5604/61865 [00:02<00:34, 1608.59it/s]  9% 5813/61865 [00:02<00:32, 1727.70it/s] 10% 6145/61865 [00:02<00:27, 2017.69it/s] 10% 6384/61865 [00:02<00:26, 2116.23it/s] 11% 6738/61865 [00:02<00:22, 2405.82it/s] 12% 7118/61865 [00:02<00:20, 2701.36it/s] 12% 7455/61865 [00:02<00:18, 2872.05it/s] 13% 7789/61865 [00:02<00:18, 2996.30it/s] 13% 8139/61865 [00:02<00:17, 3124.19it/s] 14% 8467/61865 [00:03<00:17, 3066.72it/s] 14% 8807/61865 [00:03<00:16, 3159.56it/s] 15% 9166/61865 [00:03<00:16, 3275.05it/s] 15% 9501/61865 [00:03<00:17, 3036.03it/s] 16% 9813/61865 [00:03<00:20, 2512.79it/s] 16% 10086/61865 [00:03<00:21, 2457.53it/s] 17% 10347/61865 [00:03<00:26, 1941.87it/s] 17% 10569/61865 [00:04<00:31, 1603.66it/s] 17% 10759/61865 [00:04<00:33, 1539.49it/s] 18% 10937/61865 [00:04<00:32, 1589.59it/s] 18% 11111/61865 [00:04<00:32, 1553.03it/s] 18% 11277/61865 [00:04<00:34, 1471.30it/s] 18% 11433/61865 [00:04<00:34, 1450.36it/s] 19% 11610/61865 [00:04<00:32, 1532.53it/s] 19% 11955/61865 [00:04<00:27, 1838.77it/s] 20% 12334/61865 [00:05<00:22, 2174.30it/s] 20% 12598/61865 [00:05<00:22, 2156.22it/s] 21% 12847/61865 [00:05<00:27, 1794.49it/s] 21% 13137/61865 [00:05<00:24, 2025.55it/s] 22% 13512/61865 [00:05<00:20, 2349.17it/s] 22% 13790/61865 [00:05<00:20, 2396.32it/s] 23% 14060/61865 [00:05<00:21, 2251.34it/s] 23% 14308/61865 [00:05<00:22, 2105.97it/s] 23% 14537/61865 [00:06<00:24, 1919.68it/s] 24% 14745/61865 [00:06<00:24, 1918.40it/s] 24% 14980/61865 [00:06<00:23, 2023.08it/s] 25% 15192/61865 [00:06<00:27, 1715.13it/s] 25% 15379/61865 [00:06<00:30, 1535.29it/s] 25% 15547/61865 [00:06<00:31, 1465.06it/s] 25% 15704/61865 [00:06<00:33, 1367.05it/s] 26% 15850/61865 [00:06<00:34, 1336.64it/s] 26% 15990/61865 [00:07<00:36, 1256.95it/s] 26% 16161/61865 [00:07<00:33, 1346.48it/s] 26% 16352/61865 [00:07<00:31, 1456.23it/s] 27% 16533/61865 [00:07<00:29, 1545.82it/s] 27% 16723/61865 [00:07<00:27, 1636.55it/s] 27% 16893/61865 [00:07<00:28, 1602.41it/s] 28% 17075/61865 [00:07<00:27, 1658.88it/s] 28% 17245/61865 [00:07<00:31, 1403.13it/s] 28% 17395/61865 [00:08<00:32, 1367.07it/s] 28% 17539/61865 [00:08<00:34, 1274.14it/s] 29% 17673/61865 [00:08<00:36, 1201.30it/s] 29% 17804/61865 [00:08<00:36, 1205.64it/s] 29% 17943/61865 [00:08<00:35, 1245.78it/s] 29% 18132/61865 [00:08<00:31, 1384.63it/s] 30% 18495/61865 [00:08<00:25, 1699.74it/s] 30% 18859/61865 [00:08<00:21, 2022.75it/s] 31% 19180/61865 [00:08<00:18, 2274.61it/s] 32% 19559/61865 [00:08<00:16, 2584.01it/s] 32% 19866/61865 [00:09<00:16, 2572.84it/s] 33% 20230/61865 [00:09<00:14, 2819.72it/s] 33% 20543/61865 [00:09<00:14, 2793.58it/s] 34% 20914/61865 [00:09<00:13, 3015.33it/s] 34% 21273/61865 [00:09<00:12, 3166.64it/s] 35% 21606/61865 [00:09<00:17, 2260.06it/s] 35% 21932/61865 [00:09<00:16, 2487.89it/s] 36% 22312/61865 [00:09<00:14, 2774.27it/s] 37% 22694/61865 [00:10<00:12, 3020.81it/s] 37% 23074/61865 [00:10<00:12, 3218.20it/s] 38% 23462/61865 [00:10<00:11, 3391.13it/s] 39% 23837/61865 [00:10<00:10, 3490.15it/s] 39% 24225/61865 [00:10<00:10, 3597.47it/s] 40% 24601/61865 [00:10<00:10, 3642.83it/s] 40% 24981/61865 [00:10<00:10, 3685.01it/s] 41% 25356/61865 [00:10<00:11, 3194.72it/s] 42% 25702/61865 [00:10<00:11, 3268.82it/s] 42% 26076/61865 [00:11<00:10, 3393.65it/s] 43% 26447/61865 [00:11<00:10, 3480.91it/s] 43% 26803/61865 [00:11<00:11, 3095.63it/s] 44% 27182/61865 [00:11<00:10, 3273.95it/s] 45% 27557/61865 [00:11<00:10, 3401.04it/s] 45% 27938/61865 [00:11<00:09, 3512.38it/s] 46% 28297/61865 [00:11<00:09, 3526.85it/s] 46% 28659/61865 [00:11<00:09, 3554.25it/s] 47% 29019/61865 [00:11<00:09, 3549.25it/s] 48% 29397/61865 [00:11<00:08, 3608.95it/s] 48% 29776/61865 [00:12<00:08, 3660.64it/s] 49% 30152/61865 [00:12<00:08, 3688.50it/s] 49% 30523/61865 [00:12<00:10, 3091.35it/s] 50% 30883/61865 [00:12<00:09, 3226.56it/s] 51% 31247/61865 [00:12<00:09, 3339.11it/s] 51% 31592/61865 [00:12<00:09, 3211.81it/s] 52% 31922/61865 [00:12<00:10, 2802.84it/s] 52% 32218/61865 [00:12<00:10, 2777.43it/s] 53% 32577/61865 [00:13<00:09, 2977.42it/s] 53% 32902/61865 [00:13<00:09, 3052.88it/s] 54% 33216/61865 [00:13<00:11, 2502.95it/s] 54% 33489/61865 [00:13<00:14, 1941.75it/s] 55% 33719/61865 [00:13<00:15, 1858.74it/s] 55% 34084/61865 [00:13<00:12, 2179.23it/s] 56% 34457/61865 [00:13<00:11, 2489.16it/s] 56% 34828/61865 [00:13<00:09, 2761.80it/s] 57% 35176/61865 [00:14<00:09, 2941.68it/s] 57% 35523/61865 [00:14<00:08, 3080.77it/s] 58% 35886/61865 [00:14<00:08, 3226.51it/s] 59% 36252/61865 [00:14<00:07, 3343.47it/s] 59% 36621/61865 [00:14<00:07, 3437.60it/s] 60% 37005/61865 [00:14<00:07, 3547.43it/s] 60% 37369/61865 [00:14<00:06, 3571.49it/s] 61% 37732/61865 [00:14<00:07, 3361.91it/s] 62% 38075/61865 [00:14<00:09, 2475.27it/s] 62% 38361/61865 [00:15<00:10, 2179.39it/s] 62% 38613/61865 [00:15<00:10, 2129.62it/s] 63% 38973/61865 [00:15<00:09, 2426.50it/s] 64% 39355/61865 [00:15<00:08, 2723.78it/s] 64% 39661/61865 [00:15<00:08, 2696.98it/s] 65% 39955/61865 [00:15<00:08, 2453.74it/s] 65% 40323/61865 [00:15<00:07, 2725.41it/s] 66% 40662/61865 [00:15<00:07, 2696.19it/s] 66% 40949/61865 [00:16<00:08, 2449.32it/s] 67% 41211/61865 [00:16<00:08, 2368.84it/s] 67% 41461/61865 [00:16<00:08, 2404.50it/s] 67% 41710/61865 [00:16<00:08, 2334.33it/s] 68% 41950/61865 [00:16<00:08, 2308.61it/s] 68% 42191/61865 [00:16<00:08, 2336.50it/s] 69% 42428/61865 [00:16<00:09, 2156.91it/s] 69% 42676/61865 [00:16<00:08, 2243.68it/s] 69% 42907/61865 [00:16<00:08, 2262.87it/s] 70% 43137/61865 [00:17<00:09, 2054.06it/s] 70% 43349/61865 [00:17<00:09, 1982.41it/s] 70% 43552/61865 [00:17<00:09, 1938.24it/s] 71% 43750/61865 [00:17<00:09, 1915.41it/s] 71% 43985/61865 [00:17<00:08, 2026.94it/s] 71% 44204/61865 [00:17<00:08, 2073.08it/s] 72% 44415/61865 [00:17<00:08, 2015.54it/s] 72% 44619/61865 [00:17<00:08, 1965.30it/s] 72% 44818/61865 [00:17<00:08, 1940.85it/s] 73% 45014/61865 [00:18<00:10, 1575.44it/s] 73% 45184/61865 [00:18<00:11, 1398.44it/s] 73% 45336/61865 [00:18<00:12, 1369.43it/s] 74% 45492/61865 [00:18<00:11, 1411.67it/s] 74% 45642/61865 [00:18<00:11, 1436.01it/s] 74% 45817/61865 [00:18<00:10, 1517.07it/s] 74% 45974/61865 [00:18<00:10, 1516.15it/s] 75% 46129/61865 [00:18<00:10, 1520.50it/s] 75% 46284/61865 [00:19<00:10, 1508.09it/s] 75% 46473/61865 [00:19<00:09, 1590.69it/s] 75% 46670/61865 [00:19<00:09, 1687.40it/s] 76% 47050/61865 [00:19<00:07, 2024.90it/s] 77% 47422/61865 [00:19<00:06, 2344.86it/s] 77% 47745/61865 [00:19<00:05, 2554.56it/s] 78% 48035/61865 [00:19<00:05, 2434.92it/s] 78% 48304/61865 [00:19<00:05, 2439.17it/s] 79% 48566/61865 [00:19<00:05, 2331.30it/s] 79% 48813/61865 [00:20<00:05, 2231.17it/s] 79% 49047/61865 [00:20<00:05, 2198.55it/s] 80% 49275/61865 [00:20<00:05, 2155.16it/s] 80% 49496/61865 [00:20<00:05, 2137.07it/s] 80% 49714/61865 [00:20<00:05, 2046.21it/s] 81% 50006/61865 [00:20<00:05, 2247.45it/s] 81% 50343/61865 [00:20<00:04, 2496.30it/s] 82% 50628/61865 [00:20<00:04, 2522.21it/s] 82% 50891/61865 [00:20<00:04, 2455.44it/s] 83% 51211/61865 [00:20<00:04, 2639.47it/s] 83% 51530/61865 [00:21<00:03, 2783.45it/s] 84% 51842/61865 [00:21<00:03, 2875.58it/s] 84% 52137/61865 [00:21<00:03, 2703.71it/s] 85% 52415/61865 [00:21<00:03, 2619.03it/s] 85% 52683/61865 [00:21<00:03, 2580.95it/s] 86% 52945/61865 [00:21<00:03, 2530.67it/s] 86% 53201/61865 [00:21<00:03, 2300.32it/s] 86% 53438/61865 [00:21<00:03, 2238.25it/s] 87% 53795/61865 [00:21<00:03, 2518.96it/s] 87% 54088/61865 [00:22<00:02, 2611.31it/s] 88% 54361/61865 [00:22<00:03, 2486.44it/s] 88% 54718/61865 [00:22<00:02, 2734.85it/s] 89% 55006/61865 [00:22<00:02, 2403.69it/s] 89% 55264/61865 [00:22<00:03, 2138.26it/s] 90% 55496/61865 [00:22<00:03, 1910.45it/s] 90% 55704/61865 [00:22<00:03, 1933.00it/s] 91% 56038/61865 [00:22<00:02, 2211.19it/s] 91% 56282/61865 [00:23<00:02, 2180.76it/s] 92% 56614/61865 [00:23<00:02, 2430.06it/s] 92% 56878/61865 [00:23<00:02, 1902.74it/s] 92% 57101/61865 [00:23<00:02, 1770.06it/s] 93% 57303/61865 [00:23<00:03, 1502.49it/s] 93% 57478/61865 [00:23<00:03, 1286.46it/s] 93% 57629/61865 [00:24<00:03, 1203.65it/s] 93% 57766/61865 [00:24<00:03, 1126.21it/s] 94% 57892/61865 [00:24<00:03, 1097.41it/s] 94% 58011/61865 [00:24<00:03, 1053.36it/s] 94% 58124/61865 [00:24<00:03, 1049.95it/s] 94% 58234/61865 [00:24<00:03, 1033.68it/s] 94% 58344/61865 [00:24<00:03, 1036.17it/s] 94% 58452/61865 [00:24<00:03, 1040.00it/s] 95% 58578/61865 [00:24<00:03, 1083.05it/s] 95% 58887/61865 [00:25<00:02, 1345.09it/s] 96% 59284/61865 [00:25<00:01, 1677.23it/s] 96% 59621/61865 [00:25<00:01, 1974.35it/s] 97% 59889/61865 [00:25<00:01, 1956.17it/s] 97% 60134/61865 [00:25<00:01, 1196.51it/s] 98% 60324/61865 [00:26<00:01, 1039.49it/s] 98% 60481/61865 [00:26<00:01, 1021.96it/s] 98% 60621/61865 [00:26<00:01, 953.48it/s]  99% 61015/61865 [00:26<00:00, 1233.92it/s] 99% 61401/61865 [00:26<00:00, 1550.05it/s]100% 61786/61865 [00:26<00:00, 1888.42it/s]100% 61865/61865 [00:26<00:00, 2317.33it/s]
Total scaffolds = 30,615 | train scaffolds = 24,639 | val scaffolds = 3,133 | test scaffolds = 2,843
/home/apappu/thesis/molecule-metalearning/chemprop/chemprop/data/scaffold.py:152: RuntimeWarning: Mean of empty slice
  target_avgs.append(np.nanmean(targets, axis=0))
Label averages per scaffold, in decreasing order of scaffold frequency,capped at 10 scaffolds and 20 labels: [(array([nan, nan, nan, nan, nan, nan, nan, nan, nan, nan, nan, nan, nan,
       nan, nan, nan, nan, nan, nan, nan]), array([0, 0, 0, 0, 0, 0, 0, 0, 0, 0, 0, 0, 0, 0, 0, 0, 0, 0, 0, 0])), (array([nan, nan, nan, nan, nan, nan, nan, nan, nan, nan, nan, nan, nan,
       nan, nan, 0.5, nan, nan, nan, nan]), array([0, 0, 0, 0, 0, 0, 0, 0, 0, 0, 0, 0, 0, 0, 0, 2, 0, 0, 0, 0])), (array([nan, nan, nan, nan, nan, nan, nan, nan, nan, nan, nan, nan, nan,
       nan, nan, nan, nan, nan, nan, nan]), array([0, 0, 0, 0, 0, 0, 0, 0, 0, 0, 0, 0, 0, 0, 0, 0, 0, 0, 0, 0])), (array([nan, nan, nan, nan, nan, nan, nan, nan, nan, nan, nan, nan, nan,
       nan, nan, nan, nan, nan, nan, nan]), array([0, 0, 0, 0, 0, 0, 0, 0, 0, 0, 0, 0, 0, 0, 0, 0, 0, 0, 0, 0])), (array([nan, nan, nan, nan, nan, nan, nan, nan, nan, nan, nan, nan, nan,
       nan, nan, nan, nan, nan, nan, nan]), array([0, 0, 0, 0, 0, 0, 0, 0, 0, 0, 0, 0, 0, 0, 0, 0, 0, 0, 0, 0])), (array([nan, nan, nan, nan, nan, nan, nan, nan, nan, nan, nan, nan, nan,
       nan, nan, nan, nan, nan, nan, nan]), array([0, 0, 0, 0, 0, 0, 0, 0, 0, 0, 0, 0, 0, 0, 0, 0, 0, 0, 0, 0])), (array([nan, nan, nan, nan, nan, nan, nan, nan, nan, nan, nan, nan, nan,
       nan, nan, nan, nan, nan, nan, nan]), array([0, 0, 0, 0, 0, 0, 0, 0, 0, 0, 0, 0, 0, 0, 0, 0, 0, 0, 0, 0])), (array([nan, nan, nan, nan, nan, nan, nan, nan, nan, nan, nan, nan, nan,
       nan, nan, nan, nan, nan, nan, nan]), array([0, 0, 0, 0, 0, 0, 0, 0, 0, 0, 0, 0, 0, 0, 0, 0, 0, 0, 0, 0])), (array([nan, nan, nan, nan, nan, nan, nan, nan, nan, nan, nan, nan, nan,
       nan, nan, nan, nan, nan, nan, nan]), array([0, 0, 0, 0, 0, 0, 0, 0, 0, 0, 0, 0, 0, 0, 0, 0, 0, 0, 0, 0])), (array([nan, nan, nan, nan, nan, nan, nan, nan, nan, nan, nan, nan, nan,
       nan, nan, nan, nan, nan, nan, nan]), array([0, 0, 0, 0, 0, 0, 0, 0, 0, 0, 0, 0, 0, 0, 0, 0, 0, 0, 0, 0]))]
Class sizes
CHEMBL1033994 0: 41.98%, 1: 58.02%
CHEMBL1119333 0: 9.59%, 1: 90.41%
CHEMBL1217000 0: 52.41%, 1: 47.59%
CHEMBL1243965 0: 17.11%, 1: 82.89%
CHEMBL1243966 0: 41.96%, 1: 58.04%
CHEMBL1243967 0: 10.17%, 1: 89.83%
CHEMBL1243968 0: 15.06%, 1: 84.94%
CHEMBL1243970 0: 6.91%, 1: 93.09%
CHEMBL1243972 0: 9.92%, 1: 90.08%
CHEMBL1243976 0: 28.99%, 1: 71.01%
CHEMBL1246087 0: 33.88%, 1: 66.12%
CHEMBL1246088 0: 48.37%, 1: 51.63%
CHEMBL1613762 0: 2.45%, 1: 97.55%
CHEMBL1613779 0: 58.47%, 1: 41.53%
CHEMBL1613785 0: 43.22%, 1: 56.78%
CHEMBL1613787 0: 69.08%, 1: 30.92%
CHEMBL1613807 0: 95.99%, 1: 4.01%
CHEMBL1613813 0: 44.20%, 1: 55.80%
CHEMBL1613814 0: 53.85%, 1: 46.15%
CHEMBL1613817 0: 84.86%, 1: 15.14%
CHEMBL1613853 0: 41.86%, 1: 58.14%
CHEMBL1613861 0: 14.47%, 1: 85.53%
CHEMBL1613864 0: 5.19%, 1: 94.81%
CHEMBL1613867 0: 97.13%, 1: 2.87%
CHEMBL1613870 0: 15.80%, 1: 84.20%
CHEMBL1613871 0: 6.15%, 1: 93.85%
CHEMBL1613874 0: 65.78%, 1: 34.22%
CHEMBL1613876 0: 54.35%, 1: 45.65%
CHEMBL1613884 0: 21.51%, 1: 78.49%
CHEMBL1613890 0: 34.85%, 1: 65.15%
CHEMBL1613897 0: 46.64%, 1: 53.36%
CHEMBL1613898 0: 75.45%, 1: 24.55%
CHEMBL1613904 0: 50.77%, 1: 49.23%
CHEMBL1613907 0: 5.34%, 1: 94.66%
CHEMBL1613926 0: 30.15%, 1: 69.85%
CHEMBL1613928 0: 45.90%, 1: 54.10%
CHEMBL1613929 0: 81.25%, 1: 18.75%
CHEMBL1613941 0: 32.58%, 1: 67.42%
CHEMBL1613942 0: 41.43%, 1: 58.57%
CHEMBL1613947 0: 46.01%, 1: 53.99%
CHEMBL1613949 0: 60.13%, 1: 39.87%
CHEMBL1613950 0: 43.05%, 1: 56.95%
CHEMBL1613955 0: 54.04%, 1: 45.96%
CHEMBL1613962 0: 24.26%, 1: 75.74%
CHEMBL1613967 0: 44.59%, 1: 55.41%
CHEMBL1613981 0: 58.85%, 1: 41.15%
CHEMBL1613991 0: 14.98%, 1: 85.02%
CHEMBL1613997 0: 7.73%, 1: 92.27%
CHEMBL1614001 0: 98.28%, 1: 1.72%
CHEMBL1614004 0: 14.66%, 1: 85.34%
CHEMBL1614016 0: 12.22%, 1: 87.78%
CHEMBL1614030 0: 19.96%, 1: 80.04%
CHEMBL1614034 0: 2.63%, 1: 97.37%
CHEMBL1614035 0: 77.14%, 1: 22.86%
CHEMBL1614049 0: 39.63%, 1: 60.37%
CHEMBL1614053 0: 42.48%, 1: 57.52%
CHEMBL1614063 0: 95.18%, 1: 4.82%
CHEMBL1614065 0: 9.71%, 1: 90.29%
CHEMBL1614066 0: 94.74%, 1: 5.26%
CHEMBL1614069 0: 56.82%, 1: 43.18%
CHEMBL1614072 0: 50.36%, 1: 49.64%
CHEMBL1614084 0: 13.26%, 1: 86.74%
CHEMBL1614091 0: 4.43%, 1: 95.57%
CHEMBL1614092 0: 47.50%, 1: 52.50%
CHEMBL1614097 0: 46.99%, 1: 53.01%
CHEMBL1614098 0: 97.25%, 1: 2.75%
CHEMBL1614104 0: 7.74%, 1: 92.26%
CHEMBL1614105 0: 6.12%, 1: 93.88%
CHEMBL1614109 0: 59.87%, 1: 40.13%
CHEMBL1614128 0: 10.35%, 1: 89.65%
CHEMBL1614131 0: 97.14%, 1: 2.86%
CHEMBL1614132 0: 42.07%, 1: 57.93%
CHEMBL1614138 0: 67.83%, 1: 32.17%
CHEMBL1614155 0: 25.40%, 1: 74.60%
CHEMBL1614158 0: 74.52%, 1: 25.48%
CHEMBL1614167 0: 16.17%, 1: 83.83%
CHEMBL1614170 0: 68.86%, 1: 31.14%
CHEMBL1614171 0: 93.77%, 1: 6.23%
CHEMBL1614175 0: 80.66%, 1: 19.34%
CHEMBL1614185 0: 26.17%, 1: 73.83%
CHEMBL1614197 0: 5.26%, 1: 94.74%
CHEMBL1614199 0: 49.66%, 1: 50.34%
CHEMBL1614202 0: 7.32%, 1: 92.68%
CHEMBL1614215 0: 52.76%, 1: 47.24%
CHEMBL1614216 0: 48.52%, 1: 51.48%
CHEMBL1614218 0: 22.36%, 1: 77.64%
CHEMBL1614225 0: 62.50%, 1: 37.50%
CHEMBL1614244 0: 38.85%, 1: 61.15%
CHEMBL1614247 0: 44.34%, 1: 55.66%
CHEMBL1614252 0: 60.11%, 1: 39.89%
CHEMBL1614255 0: 61.26%, 1: 38.74%
CHEMBL1614259 0: 32.82%, 1: 67.18%
CHEMBL1614272 0: 67.71%, 1: 32.29%
CHEMBL1614276 0: 51.74%, 1: 48.26%
CHEMBL1614287 0: 85.53%, 1: 14.47%
CHEMBL1614288 0: 72.51%, 1: 27.49%
CHEMBL1614290 0: 4.51%, 1: 95.49%
CHEMBL1614295 0: 2.29%, 1: 97.71%
CHEMBL1614301 0: 19.74%, 1: 80.26%
CHEMBL1614304 0: 63.76%, 1: 36.24%
CHEMBL1614309 0: 27.66%, 1: 72.34%
CHEMBL1614311 0: 53.76%, 1: 46.24%
CHEMBL1614314 0: 94.70%, 1: 5.30%
CHEMBL1614319 0: 72.16%, 1: 27.84%
CHEMBL1614320 0: 29.79%, 1: 70.21%
CHEMBL1614321 0: 60.16%, 1: 39.84%
CHEMBL1614328 0: 46.64%, 1: 53.36%
CHEMBL1614329 0: 40.69%, 1: 59.31%
CHEMBL1614336 0: 47.01%, 1: 52.99%
CHEMBL1614344 0: 67.72%, 1: 32.28%
CHEMBL1614356 0: 43.90%, 1: 56.10%
CHEMBL1614359 0: 50.26%, 1: 49.74%
CHEMBL1614363 0: 53.19%, 1: 46.81%
CHEMBL1614385 0: 93.27%, 1: 6.73%
CHEMBL1614388 0: 56.19%, 1: 43.81%
CHEMBL1614393 0: 45.00%, 1: 55.00%
CHEMBL1614395 0: 11.32%, 1: 88.68%
CHEMBL1614403 0: 88.15%, 1: 11.85%
CHEMBL1614423 0: 57.84%, 1: 42.16%
CHEMBL1614425 0: 38.24%, 1: 61.76%
CHEMBL1614433 0: 60.77%, 1: 39.23%
CHEMBL1614434 0: 80.25%, 1: 19.75%
CHEMBL1614456 0: 3.36%, 1: 96.64%
CHEMBL1614466 0: 10.32%, 1: 89.68%
CHEMBL1614469 0: 24.90%, 1: 75.10%
CHEMBL1614477 0: 43.75%, 1: 56.25%
CHEMBL1614478 0: 12.50%, 1: 87.50%
CHEMBL1614480 0: 85.71%, 1: 14.29%
CHEMBL1614484 0: 9.01%, 1: 90.99%
CHEMBL1614492 0: 40.54%, 1: 59.46%
CHEMBL1614499 0: 44.47%, 1: 55.53%
CHEMBL1614503 0: 40.30%, 1: 59.70%
CHEMBL1614504 0: 17.80%, 1: 82.20%
CHEMBL1614509 0: 79.43%, 1: 20.57%
CHEMBL1614512 0: 62.79%, 1: 37.21%
CHEMBL1614514 0: 83.07%, 1: 16.93%
CHEMBL1614515 0: 19.61%, 1: 80.39%
CHEMBL1614516 0: 96.81%, 1: 3.19%
CHEMBL1614522 0: 28.55%, 1: 71.45%
CHEMBL1614524 0: 12.98%, 1: 87.02%
CHEMBL1614528 0: 40.91%, 1: 59.09%
CHEMBL1614547 0: 72.51%, 1: 27.49%
CHEMBL1614548 0: 17.95%, 1: 82.05%
CHEMBL1614549 0: 84.25%, 1: 15.75%
CHEMBL1614550 0: 9.30%, 1: 90.70%
CHEMBL1614554 0: 71.64%, 1: 28.36%
CHEMBL1676103 0: 39.85%, 1: 60.15%
CHEMBL1737860 0: 3.60%, 1: 96.40%
CHEMBL1737863 0: 36.27%, 1: 63.73%
CHEMBL1737865 0: 61.01%, 1: 38.99%
CHEMBL1737868 0: 79.41%, 1: 20.59%
CHEMBL1737910 0: 45.71%, 1: 54.29%
CHEMBL1737912 0: 26.51%, 1: 73.49%
CHEMBL1737942 0: 44.52%, 1: 55.48%
CHEMBL1737951 0: 51.83%, 1: 48.17%
CHEMBL1737961 0: 93.34%, 1: 6.66%
CHEMBL1737966 0: 21.36%, 1: 78.64%
CHEMBL1737967 0: 89.17%, 1: 10.83%
CHEMBL1737977 0: 13.87%, 1: 86.13%
CHEMBL1737978 0: 18.18%, 1: 81.82%
CHEMBL1737979 0: 8.94%, 1: 91.06%
CHEMBL1738019 0: 24.85%, 1: 75.15%
CHEMBL1738021 0: 10.87%, 1: 89.13%
CHEMBL1738025 0: 33.80%, 1: 66.20%
CHEMBL1738040 0: 73.48%, 1: 26.52%
CHEMBL1738043 0: 46.43%, 1: 53.57%
CHEMBL1738079 0: 3.88%, 1: 96.12%
CHEMBL1738080 0: 76.43%, 1: 23.57%
CHEMBL1738091 0: 89.77%, 1: 10.23%
CHEMBL1738097 0: 72.41%, 1: 27.59%
CHEMBL1738131 0: 68.59%, 1: 31.41%
CHEMBL1738164 0: 79.79%, 1: 20.21%
CHEMBL1738171 0: 85.45%, 1: 14.55%
CHEMBL1738183 0: 59.62%, 1: 40.38%
CHEMBL1738197 0: 36.90%, 1: 63.10%
CHEMBL1738202 0: 3.47%, 1: 96.53%
CHEMBL1738242 0: 16.55%, 1: 83.45%
CHEMBL1738249 0: 86.53%, 1: 13.47%
CHEMBL1738253 0: 7.33%, 1: 92.67%
CHEMBL1738319 0: 59.17%, 1: 40.83%
CHEMBL1738325 0: 96.86%, 1: 3.14%
CHEMBL1738362 0: 21.43%, 1: 78.57%
CHEMBL1738369 0: 56.34%, 1: 43.66%
CHEMBL1738371 0: 81.97%, 1: 18.03%
CHEMBL1738391 0: 68.38%, 1: 31.62%
CHEMBL1738400 0: 77.86%, 1: 22.14%
CHEMBL1738402 0: 54.19%, 1: 45.81%
CHEMBL1738407 0: 85.58%, 1: 14.42%
CHEMBL1738408 0: 2.18%, 1: 97.82%
CHEMBL1738414 0: 5.11%, 1: 94.89%
CHEMBL1738418 0: 68.85%, 1: 31.15%
CHEMBL1738422 0: 4.29%, 1: 95.71%
CHEMBL1738424 0: 77.50%, 1: 22.50%
CHEMBL1738430 0: 25.54%, 1: 74.46%
CHEMBL1738438 0: 2.76%, 1: 97.24%
CHEMBL1738482 0: 7.69%, 1: 92.31%
CHEMBL1738485 0: 17.65%, 1: 82.35%
CHEMBL1738494 0: 97.26%, 1: 2.74%
CHEMBL1738495 0: 1.70%, 1: 98.30%
CHEMBL1738497 0: 64.50%, 1: 35.50%
CHEMBL1738502 0: 15.20%, 1: 84.80%
CHEMBL1738510 0: 54.41%, 1: 45.59%
CHEMBL1738512 0: 3.05%, 1: 96.95%
CHEMBL1738513 0: 28.64%, 1: 71.36%
CHEMBL1738552 0: 64.70%, 1: 35.30%
CHEMBL1738575 0: 65.65%, 1: 34.35%
CHEMBL1738578 0: 23.30%, 1: 76.70%
CHEMBL1738579 0: 22.79%, 1: 77.21%
CHEMBL1738593 0: 17.65%, 1: 82.35%
CHEMBL1738599 0: 16.07%, 1: 83.93%
CHEMBL1738602 0: 42.70%, 1: 57.30%
CHEMBL1738610 0: 42.07%, 1: 57.93%
CHEMBL1738611 0: 2.23%, 1: 97.77%
CHEMBL1738632 0: 86.32%, 1: 13.68%
CHEMBL1738633 0: 4.05%, 1: 95.95%
CHEMBL1738639 0: 64.47%, 1: 35.53%
CHEMBL1738642 0: 34.82%, 1: 65.18%
CHEMBL1738670 0: 9.18%, 1: 90.82%
CHEMBL1738673 0: 12.98%, 1: 87.02%
CHEMBL1738679 0: 63.95%, 1: 36.05%
CHEMBL1738682 0: 62.45%, 1: 37.55%
CHEMBL1794296 0: 44.02%, 1: 55.98%
CHEMBL1794303 0: 2.71%, 1: 97.29%
CHEMBL1794320 0: 96.68%, 1: 3.32%
CHEMBL1794327 0: 91.59%, 1: 8.41%
CHEMBL1794336 0: 53.07%, 1: 46.93%
CHEMBL1794350 0: 3.44%, 1: 96.56%
CHEMBL1794355 0: 5.26%, 1: 94.74%
CHEMBL1794356 0: 13.92%, 1: 86.08%
CHEMBL1794358 0: 94.14%, 1: 5.86%
CHEMBL1794365 0: 7.12%, 1: 92.88%
CHEMBL1794383 0: 6.90%, 1: 93.10%
CHEMBL1794387 0: 65.04%, 1: 34.96%
CHEMBL1794393 0: 67.55%, 1: 32.45%
CHEMBL1794396 0: 3.96%, 1: 96.04%
CHEMBL1794410 0: 23.98%, 1: 76.02%
CHEMBL1794413 0: 6.02%, 1: 93.98%
CHEMBL1794438 0: 40.17%, 1: 59.83%
CHEMBL1794445 0: 87.84%, 1: 12.16%
CHEMBL1794452 0: 94.30%, 1: 5.70%
CHEMBL1794457 0: 92.98%, 1: 7.02%
CHEMBL1794460 0: 28.63%, 1: 71.37%
CHEMBL1794467 0: 18.39%, 1: 81.61%
CHEMBL1794475 0: 56.02%, 1: 43.98%
CHEMBL1794484 0: 44.93%, 1: 55.07%
CHEMBL1794494 0: 5.33%, 1: 94.67%
CHEMBL1794497 0: 8.47%, 1: 91.53%
CHEMBL1794499 0: 73.90%, 1: 26.10%
CHEMBL1794508 0: 94.63%, 1: 5.37%
CHEMBL1794516 0: 3.21%, 1: 96.79%
CHEMBL1794522 0: 58.65%, 1: 41.35%
CHEMBL1794528 0: 79.86%, 1: 20.14%
CHEMBL1794531 0: 92.03%, 1: 7.97%
CHEMBL1794548 0: 88.74%, 1: 11.26%
CHEMBL1794566 0: 6.05%, 1: 93.95%
CHEMBL1794567 0: 9.61%, 1: 90.39%
CHEMBL1794570 0: 92.79%, 1: 7.21%
CHEMBL1794571 0: 53.55%, 1: 46.45%
CHEMBL1794573 0: 10.54%, 1: 89.46%
CHEMBL1794574 0: 1.09%, 1: 98.91%
CHEMBL1794578 0: 46.99%, 1: 53.01%
CHEMBL1794581 0: 19.65%, 1: 80.35%
CHEMBL1863510 0: 2.14%, 1: 97.86%
CHEMBL1863512 0: 2.79%, 1: 97.21%
CHEMBL1909084 0: 99.28%, 1: 0.72%
CHEMBL1909085 0: 92.10%, 1: 7.90%
CHEMBL1909086 0: 91.52%, 1: 8.48%
CHEMBL1909087 0: 91.86%, 1: 8.14%
CHEMBL1909088 0: 87.97%, 1: 12.03%
CHEMBL1909089 0: 88.69%, 1: 11.31%
CHEMBL1909090 0: 90.81%, 1: 9.19%
CHEMBL1909091 0: 97.24%, 1: 2.76%
CHEMBL1909092 0: 97.14%, 1: 2.86%
CHEMBL1909093 0: 98.42%, 1: 1.58%
CHEMBL1909094 0: 90.85%, 1: 9.15%
CHEMBL1909095 0: 98.56%, 1: 1.44%
CHEMBL1909097 0: 99.28%, 1: 0.72%
CHEMBL1909102 0: 92.94%, 1: 7.06%
CHEMBL1909103 0: 97.23%, 1: 2.77%
CHEMBL1909104 0: 87.06%, 1: 12.94%
CHEMBL1909105 0: 88.70%, 1: 11.30%
CHEMBL1909106 0: 98.57%, 1: 1.43%
CHEMBL1909107 0: 97.86%, 1: 2.14%
CHEMBL1909108 0: 93.04%, 1: 6.96%
CHEMBL1909109 0: 90.35%, 1: 9.65%
CHEMBL1909110 0: 92.47%, 1: 7.53%
CHEMBL1909111 0: 94.03%, 1: 5.97%
CHEMBL1909112 0: 90.91%, 1: 9.09%
CHEMBL1909114 0: 96.50%, 1: 3.50%
CHEMBL1909115 0: 96.00%, 1: 4.00%
CHEMBL1909116 0: 96.98%, 1: 3.02%
CHEMBL1909121 0: 92.80%, 1: 7.20%
CHEMBL1909123 0: 99.16%, 1: 0.84%
CHEMBL1909124 0: 99.40%, 1: 0.60%
CHEMBL1909130 0: 95.56%, 1: 4.44%
CHEMBL1909131 0: 97.01%, 1: 2.99%
CHEMBL1909132 0: 96.15%, 1: 3.85%
CHEMBL1909134 0: 95.19%, 1: 4.81%
CHEMBL1909135 0: 95.76%, 1: 4.24%
CHEMBL1909136 0: 93.20%, 1: 6.80%
CHEMBL1909138 0: 96.16%, 1: 3.84%
CHEMBL1909139 0: 93.84%, 1: 6.16%
CHEMBL1909140 0: 93.87%, 1: 6.13%
CHEMBL1909141 0: 89.73%, 1: 10.27%
CHEMBL1909142 0: 99.04%, 1: 0.96%
CHEMBL1909143 0: 93.01%, 1: 6.99%
CHEMBL1909145 0: 97.97%, 1: 2.03%
CHEMBL1909148 0: 98.57%, 1: 1.43%
CHEMBL1909150 0: 95.10%, 1: 4.90%
CHEMBL1909156 0: 94.28%, 1: 5.72%
CHEMBL1909157 0: 96.38%, 1: 3.62%
CHEMBL1909158 0: 99.05%, 1: 0.95%
CHEMBL1909159 0: 93.18%, 1: 6.82%
CHEMBL1909165 0: 97.79%, 1: 2.21%
CHEMBL1909169 0: 98.32%, 1: 1.68%
CHEMBL1909170 0: 92.35%, 1: 7.65%
CHEMBL1909171 0: 93.29%, 1: 6.71%
CHEMBL1909172 0: 92.82%, 1: 7.18%
CHEMBL1909173 0: 92.38%, 1: 7.62%
CHEMBL1909174 0: 92.71%, 1: 7.29%
CHEMBL1909180 0: 98.20%, 1: 1.80%
CHEMBL1909181 0: 97.71%, 1: 2.29%
CHEMBL1909182 0: 96.99%, 1: 3.01%
CHEMBL1909184 0: 98.93%, 1: 1.07%
CHEMBL1909186 0: 99.52%, 1: 0.48%
CHEMBL1909190 0: 98.66%, 1: 1.34%
CHEMBL1909191 0: 94.99%, 1: 5.01%
CHEMBL1909192 0: 99.52%, 1: 0.48%
CHEMBL1909200 0: 97.97%, 1: 2.03%
CHEMBL1909201 0: 97.72%, 1: 2.28%
CHEMBL1909203 0: 98.05%, 1: 1.95%
CHEMBL1909204 0: 97.17%, 1: 2.83%
CHEMBL1909205 0: 98.67%, 1: 1.33%
CHEMBL1909206 0: 99.16%, 1: 0.84%
CHEMBL1909209 0: 92.34%, 1: 7.66%
CHEMBL1909210 0: 96.05%, 1: 3.95%
CHEMBL1909211 0: 88.80%, 1: 11.20%
CHEMBL1909212 0: 98.30%, 1: 1.70%
CHEMBL1909213 0: 99.28%, 1: 0.72%
