wandb: Tracking run with wandb version 0.9.3
wandb: Run data is saved locally in wandb/run-20200720_174118-39l7a6dh
wandb: Syncing run chemprop_0_dropout_3_mp_steps
wandb: ⭐️ View project at https://app.wandb.ai/apappu97/molecule-metalearning-chemprop
wandb: 🚀 View run at https://app.wandb.ai/apappu97/molecule-metalearning-chemprop/runs/39l7a6dh
wandb: Run `wandb off` to turn off syncing.

Fold 0
Command line
python chemprop/train.py --data_path filtered_chembl/chembl_less_1024_more_128_645_tasks.csv --dataset_type classification --split_type scaffold_balanced --dropout 0 --depth 3 --num_folds 2 --epochs 30 --results_save_dir results/initial_hyperparameter_tuning/ --experiment_name chemprop_0_dropout_3_mp_steps
Args
{'ANIL': False,
 'FO_MAML': False,
 'activation': 'ReLU',
 'atom_messages': False,
 'batch_size': 50,
 'bias': False,
 'cache_cutoff': 10000,
 'checkpoint_dir': None,
 'checkpoint_path': None,
 'checkpoint_paths': None,
 'chembl_assay_metadata_pickle_path': None,
 'class_balance': False,
 'config_path': None,
 'crossval_index_dir': None,
 'crossval_index_file': None,
 'crossval_index_sets': None,
 'data_path': 'filtered_chembl/chembl_less_1024_more_128_645_tasks.csv',
 'dataset_type': 'classification',
 'depth': 3,
 'dropout': 0.0,
 'dummy': False,
 'ensemble_size': 1,
 'epochs': 30,
 'experiment_name': 'chemprop_0_dropout_3_mp_steps',
 'features_generator': None,
 'features_only': False,
 'features_path': None,
 'features_size': None,
 'ffn_hidden_size': 300,
 'ffn_num_layers': 2,
 'final_lr': 0.0001,
 'folds_file': None,
 'gpu': None,
 'hidden_size': 300,
 'init_lr': 0.0001,
 'inner_loop_lr': 0.05,
 'log_frequency': 10,
 'max_data_size': None,
 'max_lr': 0.001,
 'meta_batch_size': 3,
 'meta_learning': False,
 'meta_test_split_sizes': (0.8, 0.1, 0.1),
 'meta_train_split_sizes': (0.8, 0.2, 0),
 'metric': 'auc',
 'minimize_score': False,
 'multiclass_num_classes': 3,
 'no_cuda': False,
 'no_features_scaling': False,
 'num_folds': 2,
 'num_inner_gradient_steps': 2,
 'num_lrs': 1,
 'num_tasks': None,
 'num_workers': 8,
 'outer_loop_lr': 0.003,
 'pytorch_seed': 0,
 'quiet': False,
 'results_save_dir': 'results/initial_hyperparameter_tuning/',
 'save_dir': '/tmp/2273220.22.gpu.q/tmpa9zzjk8w/fold_0',
 'save_smiles_splits': False,
 'seed': 0,
 'separate_test_features_path': None,
 'separate_test_path': None,
 'separate_val_features_path': None,
 'separate_val_path': None,
 'show_individual_scores': False,
 'smiles_column': None,
 'split_sizes': (0.8, 0.1, 0.1),
 'split_type': 'scaffold_balanced',
 'target_columns': None,
 'task_names': None,
 'test': False,
 'test_fold_index': None,
 'train_data_size': None,
 'undirected': False,
 'use_input_features': False,
 'val_fold_index': None,
 'warmup_epochs': 2.0}
Loading data
0it [00:00, ?it/s]439it [00:00, 4385.89it/s]948it [00:00, 4574.10it/s]1467it [00:00, 4742.38it/s]1985it [00:00, 4864.21it/s]2475it [00:00, 4874.89it/s]2980it [00:00, 4925.75it/s]3468it [00:00, 4911.02it/s]3949it [00:00, 4879.80it/s]4413it [00:00, 4024.62it/s]4913it [00:01, 4273.37it/s]5419it [00:01, 4482.03it/s]5907it [00:01, 4594.28it/s]6414it [00:01, 4725.39it/s]6932it [00:01, 4851.76it/s]7423it [00:01, 4847.59it/s]7927it [00:01, 4902.02it/s]8420it [00:01, 4199.49it/s]8894it [00:01, 4347.97it/s]9377it [00:02, 4459.72it/s]9885it [00:02, 4627.35it/s]10375it [00:02, 4704.47it/s]10854it [00:02, 4727.59it/s]11381it [00:02, 4876.27it/s]11896it [00:02, 4953.21it/s]12431it [00:02, 5065.33it/s]12941it [00:02, 4439.46it/s]13486it [00:02, 4699.55it/s]13986it [00:02, 4785.05it/s]14515it [00:03, 4925.20it/s]15019it [00:03, 4958.58it/s]15545it [00:03, 5043.53it/s]16062it [00:03, 5078.63it/s]16592it [00:03, 5141.71it/s]17109it [00:04, 2186.22it/s]17639it [00:04, 2653.87it/s]18138it [00:04, 3087.32it/s]18660it [00:04, 3517.76it/s]19171it [00:04, 3879.20it/s]19695it [00:04, 4205.90it/s]20212it [00:04, 4453.62it/s]20739it [00:04, 4668.61it/s]21249it [00:04, 4274.28it/s]21775it [00:04, 4528.67it/s]22274it [00:05, 4657.31it/s]22799it [00:05, 4818.85it/s]23308it [00:05, 4896.04it/s]23816it [00:05, 4948.71it/s]24341it [00:05, 5035.17it/s]24851it [00:05, 5036.00it/s]25384it [00:05, 5120.61it/s]25900it [00:05, 4408.32it/s]26432it [00:05, 4645.72it/s]26946it [00:06, 4783.30it/s]27499it [00:06, 4936.70it/s]28025it [00:06, 5028.36it/s]28544it [00:06, 5029.11it/s]29070it [00:06, 5095.21it/s]29589it [00:06, 4459.20it/s]30099it [00:06, 4632.66it/s]30607it [00:06, 4758.01it/s]31094it [00:06, 4724.10it/s]31598it [00:06, 4813.86it/s]32085it [00:07, 4824.11it/s]32601it [00:07, 4918.23it/s]33097it [00:07, 4894.98it/s]33617it [00:07, 4981.62it/s]34118it [00:07, 4283.35it/s]34613it [00:07, 4462.26it/s]35104it [00:07, 4585.22it/s]35582it [00:07, 4641.02it/s]36070it [00:07, 4707.95it/s]36566it [00:08, 4780.38it/s]37103it [00:08, 4943.05it/s]37617it [00:08, 4999.90it/s]38121it [00:08, 4450.95it/s]38648it [00:08, 4642.44it/s]39161it [00:08, 4777.08it/s]39693it [00:08, 4927.78it/s]40206it [00:08, 4986.42it/s]40742it [00:08, 5042.01it/s]41278it [00:08, 5132.51it/s]41795it [00:09, 5094.32it/s]42307it [00:09, 4519.13it/s]42829it [00:09, 4706.49it/s]43339it [00:09, 4816.91it/s]43867it [00:09, 4944.95it/s]44370it [00:09, 4968.83it/s]44902it [00:09, 5067.14it/s]45413it [00:09, 5045.50it/s]45947it [00:09, 5128.77it/s]46463it [00:10, 4473.08it/s]46985it [00:10, 4673.26it/s]47489it [00:10, 4777.40it/s]48014it [00:10, 4907.85it/s]48522it [00:10, 4957.68it/s]49047it [00:10, 5039.39it/s]49556it [00:10, 5040.85it/s]50081it [00:10, 5101.10it/s]50594it [00:10, 4470.92it/s]51128it [00:11, 4699.97it/s]51633it [00:11, 4799.60it/s]52174it [00:11, 4966.53it/s]52680it [00:11, 4992.93it/s]53203it [00:11, 5059.00it/s]53714it [00:11, 5068.40it/s]54225it [00:11, 5062.96it/s]54734it [00:11, 4388.84it/s]55243it [00:11, 4576.31it/s]55753it [00:11, 4721.52it/s]56275it [00:12, 4858.48it/s]56777it [00:12, 4904.69it/s]57274it [00:12, 4892.58it/s]57782it [00:12, 4945.16it/s]58293it [00:12, 4992.28it/s]58813it [00:12, 5051.70it/s]59320it [00:12, 4394.68it/s]59852it [00:12, 4634.72it/s]60332it [00:12, 4682.19it/s]60850it [00:13, 4818.55it/s]61341it [00:13, 4833.01it/s]61837it [00:13, 4869.39it/s]61865it [00:13, 4665.87it/s]
  0% 0/61865 [00:00<?, ?it/s]  3% 1582/61865 [00:01<00:40, 1493.98it/s] 78% 48195/61865 [00:01<00:06, 2108.55it/s]100% 61865/61865 [00:01<00:00, 31452.82it/s]
  0% 0/61865 [00:00<?, ?it/s]  1% 486/61865 [00:00<00:12, 4850.52it/s]  2% 973/61865 [00:00<00:12, 4853.80it/s]  2% 1366/61865 [00:00<00:13, 4531.93it/s]  3% 1796/61865 [00:00<00:13, 4458.54it/s]  4% 2197/61865 [00:00<00:14, 4217.62it/s]  4% 2636/61865 [00:00<00:13, 4266.66it/s]  5% 3107/61865 [00:00<00:13, 4390.62it/s]  6% 3585/61865 [00:00<00:12, 4496.46it/s]  6% 4010/61865 [00:00<00:13, 4203.26it/s]  7% 4431/61865 [00:01<00:13, 4203.56it/s]  8% 4850/61865 [00:01<00:13, 4198.32it/s]  9% 5264/61865 [00:01<00:16, 3417.20it/s]  9% 5632/61865 [00:01<00:16, 3490.22it/s] 10% 6013/61865 [00:01<00:15, 3577.64it/s] 10% 6381/61865 [00:01<00:15, 3587.95it/s] 11% 6756/61865 [00:01<00:15, 3634.19it/s] 12% 7147/61865 [00:01<00:14, 3711.63it/s] 12% 7523/61865 [00:01<00:14, 3678.91it/s] 13% 7912/61865 [00:02<00:14, 3737.82it/s] 13% 8289/61865 [00:02<00:14, 3715.06it/s] 14% 8681/61865 [00:02<00:14, 3771.08it/s] 15% 9071/61865 [00:02<00:13, 3806.90it/s] 15% 9457/61865 [00:02<00:13, 3821.56it/s] 16% 9840/61865 [00:02<00:13, 3823.75it/s] 17% 10224/61865 [00:02<00:13, 3827.70it/s] 17% 10608/61865 [00:02<00:13, 3794.04it/s] 18% 10988/61865 [00:02<00:13, 3738.38it/s] 18% 11383/61865 [00:02<00:13, 3799.08it/s] 19% 11765/61865 [00:03<00:13, 3803.05it/s] 20% 12160/61865 [00:03<00:12, 3843.21it/s] 20% 12548/61865 [00:03<00:12, 3849.34it/s] 21% 12934/61865 [00:03<00:12, 3819.05it/s] 22% 13330/61865 [00:03<00:12, 3859.98it/s] 22% 13717/61865 [00:03<00:12, 3836.12it/s] 23% 14101/61865 [00:03<00:12, 3772.42it/s] 23% 14479/61865 [00:03<00:12, 3752.06it/s] 24% 14855/61865 [00:03<00:12, 3738.20it/s] 25% 15230/61865 [00:03<00:14, 3223.07it/s] 25% 15565/61865 [00:04<00:14, 3102.58it/s] 26% 15955/61865 [00:04<00:13, 3304.34it/s] 26% 16296/61865 [00:04<00:14, 3143.36it/s] 27% 16620/61865 [00:04<00:15, 2878.41it/s] 28% 17035/61865 [00:04<00:14, 3167.83it/s] 28% 17369/61865 [00:04<00:15, 2900.43it/s] 29% 17675/61865 [00:04<00:16, 2659.83it/s] 29% 18081/61865 [00:04<00:14, 2965.89it/s] 30% 18448/61865 [00:05<00:13, 3105.37it/s] 30% 18776/61865 [00:05<00:16, 2683.74it/s] 31% 19140/61865 [00:05<00:14, 2912.98it/s] 32% 19497/61865 [00:05<00:13, 3082.81it/s] 32% 19877/61865 [00:05<00:12, 3266.37it/s] 33% 20219/61865 [00:05<00:12, 3278.05it/s] 33% 20595/61865 [00:05<00:12, 3408.68it/s] 34% 20982/61865 [00:05<00:11, 3532.76it/s] 35% 21364/61865 [00:05<00:11, 3612.66it/s] 35% 21745/61865 [00:06<00:10, 3669.43it/s] 36% 22143/61865 [00:06<00:10, 3756.58it/s] 36% 22532/61865 [00:06<00:10, 3794.63it/s] 37% 22930/61865 [00:06<00:10, 3847.03it/s] 38% 23317/61865 [00:06<00:10, 3831.45it/s] 38% 23702/61865 [00:06<00:09, 3835.29it/s] 39% 24087/61865 [00:06<00:09, 3797.35it/s] 40% 24507/61865 [00:06<00:09, 3908.50it/s] 40% 24929/61865 [00:06<00:09, 3995.69it/s] 41% 25330/61865 [00:06<00:09, 3878.46it/s] 42% 25747/61865 [00:07<00:09, 3959.58it/s] 42% 26166/61865 [00:07<00:08, 3998.45it/s] 43% 26607/61865 [00:07<00:08, 4111.06it/s] 44% 27036/61865 [00:07<00:08, 4159.10it/s] 44% 27469/61865 [00:07<00:08, 4207.01it/s] 45% 27904/61865 [00:07<00:07, 4246.80it/s] 46% 28330/61865 [00:07<00:08, 4181.80it/s] 46% 28749/61865 [00:07<00:07, 4163.74it/s] 47% 29166/61865 [00:07<00:07, 4135.61it/s] 48% 29590/61865 [00:07<00:07, 4165.41it/s] 49% 30030/61865 [00:08<00:07, 4232.05it/s] 49% 30454/61865 [00:08<00:07, 4216.38it/s] 50% 30889/61865 [00:08<00:07, 4254.85it/s] 51% 31315/61865 [00:08<00:07, 4218.10it/s] 51% 31753/61865 [00:08<00:07, 4264.97it/s] 52% 32181/61865 [00:08<00:06, 4265.33it/s] 53% 32608/61865 [00:08<00:06, 4187.86it/s] 53% 33028/61865 [00:08<00:06, 4133.73it/s] 54% 33442/61865 [00:08<00:07, 3976.98it/s] 55% 33848/61865 [00:08<00:07, 3999.70it/s] 55% 34273/61865 [00:09<00:06, 4069.46it/s] 56% 34698/61865 [00:09<00:06, 4120.05it/s] 57% 35111/61865 [00:09<00:06, 4092.87it/s] 57% 35521/61865 [00:09<00:06, 4069.77it/s] 58% 35940/61865 [00:09<00:06, 4104.09it/s] 59% 36358/61865 [00:09<00:06, 4125.41it/s] 59% 36782/61865 [00:09<00:06, 4156.77it/s] 60% 37228/61865 [00:09<00:05, 4241.87it/s] 61% 37666/61865 [00:09<00:05, 4280.86it/s] 62% 38095/61865 [00:09<00:05, 4183.55it/s] 62% 38515/61865 [00:10<00:05, 4114.02it/s] 63% 38931/61865 [00:10<00:05, 4124.92it/s] 64% 39378/61865 [00:10<00:05, 4222.20it/s] 64% 39840/61865 [00:10<00:05, 4331.94it/s] 65% 40275/61865 [00:10<00:05, 4227.77it/s] 66% 40700/61865 [00:10<00:05, 4214.48it/s] 66% 41123/61865 [00:10<00:04, 4209.19it/s] 67% 41546/61865 [00:10<00:04, 4212.46it/s] 68% 41976/61865 [00:10<00:04, 4235.52it/s] 69% 42400/61865 [00:10<00:04, 4196.58it/s] 69% 42821/61865 [00:11<00:04, 4142.00it/s] 70% 43251/61865 [00:11<00:04, 4185.05it/s] 71% 43670/61865 [00:11<00:04, 4186.04it/s] 71% 44098/61865 [00:11<00:04, 4212.76it/s] 72% 44520/61865 [00:11<00:04, 4198.43it/s] 73% 44961/61865 [00:11<00:03, 4257.57it/s] 73% 45396/61865 [00:11<00:03, 4283.36it/s] 74% 45825/61865 [00:11<00:03, 4207.16it/s] 75% 46247/61865 [00:11<00:03, 4164.74it/s] 75% 46664/61865 [00:12<00:03, 4149.69it/s] 76% 47080/61865 [00:12<00:03, 4147.91it/s] 77% 47496/61865 [00:12<00:03, 4125.47it/s] 77% 47909/61865 [00:12<00:03, 4126.55it/s] 78% 48322/61865 [00:12<00:03, 4097.64it/s] 79% 48732/61865 [00:12<00:03, 4065.72it/s] 79% 49142/61865 [00:12<00:03, 4073.64it/s] 80% 49550/61865 [00:12<00:03, 4033.09it/s] 81% 49954/61865 [00:12<00:02, 4014.12it/s] 81% 50356/61865 [00:12<00:02, 3903.19it/s] 82% 50753/61865 [00:13<00:02, 3917.11it/s] 83% 51146/61865 [00:13<00:02, 3784.27it/s] 83% 51542/61865 [00:13<00:02, 3833.76it/s] 84% 51935/61865 [00:13<00:02, 3860.22it/s] 85% 52351/61865 [00:13<00:02, 3944.10it/s] 85% 52747/61865 [00:13<00:02, 3885.96it/s] 86% 53140/61865 [00:13<00:02, 3879.72it/s] 87% 53546/61865 [00:13<00:02, 3930.26it/s] 87% 53940/61865 [00:13<00:02, 3860.10it/s] 88% 54333/61865 [00:13<00:01, 3879.92it/s] 88% 54736/61865 [00:14<00:01, 3923.09it/s] 89% 55129/61865 [00:14<00:01, 3827.37it/s] 90% 55513/61865 [00:14<00:01, 3707.27it/s] 90% 55891/61865 [00:14<00:01, 3726.20it/s] 91% 56274/61865 [00:14<00:01, 3756.28it/s] 92% 56661/61865 [00:14<00:01, 3789.31it/s] 92% 57041/61865 [00:14<00:01, 3606.35it/s] 93% 57404/61865 [00:14<00:01, 3400.80it/s] 93% 57749/61865 [00:14<00:01, 3149.55it/s] 94% 58071/61865 [00:15<00:01, 2938.10it/s] 94% 58373/61865 [00:15<00:01, 2807.26it/s] 95% 58705/61865 [00:15<00:01, 2942.45it/s] 96% 59150/61865 [00:15<00:00, 3274.43it/s] 96% 59601/61865 [00:15<00:00, 3567.36it/s] 97% 59984/61865 [00:15<00:00, 3640.48it/s] 98% 60387/61865 [00:15<00:00, 3746.52it/s] 98% 60845/61865 [00:15<00:00, 3961.96it/s] 99% 61312/61865 [00:15<00:00, 4150.11it/s]100% 61787/61865 [00:16<00:00, 4313.02it/s]100% 61865/61865 [00:16<00:00, 3862.09it/s]
Number of tasks = 645
Splitting data with seed 0
  0% 0/61865 [00:00<?, ?it/s]  1% 466/61865 [00:00<00:13, 4658.01it/s]  1% 925/61865 [00:00<00:13, 4635.11it/s]  2% 1344/61865 [00:00<00:13, 4490.69it/s]  3% 1747/61865 [00:00<00:13, 4335.20it/s]  3% 2156/61865 [00:00<00:14, 4253.74it/s]  4% 2569/61865 [00:00<00:14, 4214.62it/s]  5% 2975/61865 [00:00<00:14, 4164.00it/s]  6% 3446/61865 [00:00<00:13, 4312.53it/s]  6% 3853/61865 [00:00<00:13, 4234.37it/s]  7% 4260/61865 [00:01<00:14, 3975.98it/s]  8% 4684/61865 [00:01<00:14, 4051.57it/s]  8% 5084/61865 [00:01<00:14, 3967.12it/s]  9% 5478/61865 [00:01<00:14, 3822.16it/s]  9% 5859/61865 [00:01<00:15, 3728.40it/s] 10% 6232/61865 [00:01<00:15, 3679.60it/s] 11% 6600/61865 [00:01<00:15, 3672.74it/s] 11% 6990/61865 [00:01<00:14, 3737.41it/s] 12% 7380/61865 [00:01<00:14, 3777.04it/s] 13% 7758/61865 [00:01<00:14, 3615.75it/s] 13% 8131/61865 [00:02<00:14, 3645.24it/s] 14% 8497/61865 [00:02<00:15, 3493.68it/s] 14% 8849/61865 [00:02<00:15, 3463.56it/s] 15% 9223/61865 [00:02<00:14, 3540.92it/s] 16% 9597/61865 [00:02<00:14, 3595.61it/s] 16% 9958/61865 [00:02<00:14, 3597.18it/s] 17% 10319/61865 [00:02<00:14, 3571.10it/s] 17% 10677/61865 [00:02<00:14, 3510.43it/s] 18% 11029/61865 [00:02<00:14, 3429.03it/s] 18% 11398/61865 [00:03<00:14, 3405.94it/s] 19% 11740/61865 [00:03<00:19, 2576.06it/s] 19% 12029/61865 [00:03<00:22, 2212.55it/s] 20% 12380/61865 [00:03<00:19, 2487.55it/s] 21% 12723/61865 [00:03<00:18, 2710.70it/s] 21% 13065/61865 [00:03<00:16, 2890.02it/s] 22% 13431/61865 [00:03<00:15, 3084.19it/s] 22% 13787/61865 [00:03<00:14, 3212.38it/s] 23% 14124/61865 [00:03<00:14, 3236.22it/s] 23% 14459/61865 [00:04<00:14, 3267.68it/s] 24% 14794/61865 [00:04<00:14, 3252.92it/s] 24% 15137/61865 [00:04<00:14, 3302.84it/s] 25% 15479/61865 [00:04<00:13, 3336.70it/s] 26% 15821/61865 [00:04<00:14, 3139.10it/s] 26% 16140/61865 [00:04<00:18, 2479.82it/s] 27% 16413/61865 [00:04<00:20, 2199.53it/s] 27% 16657/61865 [00:04<00:20, 2236.94it/s] 28% 17022/61865 [00:05<00:17, 2530.03it/s] 28% 17377/61865 [00:05<00:16, 2766.11it/s] 29% 17732/61865 [00:05<00:14, 2962.14it/s] 29% 18049/61865 [00:05<00:15, 2867.86it/s] 30% 18351/61865 [00:05<00:18, 2323.70it/s] 30% 18705/61865 [00:05<00:16, 2589.84it/s] 31% 19048/61865 [00:05<00:15, 2794.92it/s] 31% 19395/61865 [00:05<00:14, 2967.09it/s] 32% 19753/61865 [00:05<00:13, 3127.45it/s] 32% 20085/61865 [00:06<00:13, 3182.49it/s] 33% 20419/61865 [00:06<00:12, 3226.34it/s] 34% 20774/61865 [00:06<00:12, 3316.51it/s] 34% 21115/61865 [00:06<00:12, 3342.39it/s] 35% 21454/61865 [00:06<00:12, 3309.37it/s] 35% 21799/61865 [00:06<00:11, 3348.98it/s] 36% 22151/61865 [00:06<00:11, 3397.20it/s] 36% 22507/61865 [00:06<00:11, 3442.89it/s] 37% 22856/61865 [00:06<00:11, 3453.05it/s] 38% 23210/61865 [00:06<00:11, 3478.10it/s] 38% 23566/61865 [00:07<00:10, 3499.88it/s] 39% 23929/61865 [00:07<00:10, 3535.97it/s] 39% 24284/61865 [00:07<00:10, 3467.41it/s] 40% 24637/61865 [00:07<00:10, 3485.35it/s] 40% 24988/61865 [00:07<00:10, 3490.42it/s] 41% 25344/61865 [00:07<00:10, 3510.72it/s] 42% 25702/61865 [00:07<00:10, 3528.99it/s] 42% 26067/61865 [00:07<00:10, 3564.10it/s] 43% 26431/61865 [00:07<00:09, 3586.49it/s] 43% 26805/61865 [00:07<00:09, 3629.59it/s] 44% 27181/61865 [00:08<00:09, 3665.64it/s] 45% 27548/61865 [00:08<00:09, 3666.09it/s] 45% 27922/61865 [00:08<00:09, 3687.24it/s] 46% 28291/61865 [00:08<00:09, 3593.57it/s] 46% 28651/61865 [00:08<00:09, 3583.36it/s] 47% 29010/61865 [00:08<00:09, 3559.90it/s] 47% 29367/61865 [00:08<00:09, 3371.64it/s] 48% 29726/61865 [00:08<00:09, 3433.63it/s] 49% 30091/61865 [00:08<00:09, 3495.75it/s] 49% 30462/61865 [00:09<00:08, 3555.64it/s] 50% 30819/61865 [00:09<00:09, 3235.26it/s] 50% 31188/61865 [00:09<00:09, 3356.06it/s] 51% 31551/61865 [00:09<00:08, 3432.46it/s] 52% 31904/61865 [00:09<00:08, 3458.51it/s] 52% 32265/61865 [00:09<00:08, 3502.03it/s] 53% 32629/61865 [00:09<00:08, 3541.22it/s] 53% 32985/61865 [00:09<00:08, 3539.32it/s] 54% 33358/61865 [00:09<00:07, 3593.21it/s] 55% 33751/61865 [00:09<00:07, 3686.37it/s] 55% 34152/61865 [00:10<00:07, 3775.69it/s] 56% 34549/61865 [00:10<00:07, 3829.69it/s] 56% 34934/61865 [00:10<00:07, 3814.60it/s] 57% 35317/61865 [00:10<00:07, 3765.80it/s] 58% 35706/61865 [00:10<00:07, 3713.40it/s] 58% 36079/61865 [00:10<00:08, 3007.19it/s] 59% 36475/61865 [00:10<00:07, 3240.83it/s] 60% 36914/61865 [00:10<00:07, 3516.74it/s] 60% 37327/61865 [00:10<00:06, 3680.45it/s] 61% 37760/61865 [00:11<00:06, 3853.46it/s] 62% 38195/61865 [00:11<00:05, 3989.05it/s] 62% 38632/61865 [00:11<00:05, 4094.72it/s] 63% 39050/61865 [00:11<00:05, 4057.40it/s] 64% 39465/61865 [00:11<00:05, 4083.01it/s] 64% 39878/61865 [00:11<00:05, 4079.00it/s] 65% 40289/61865 [00:11<00:05, 4058.38it/s] 66% 40697/61865 [00:11<00:05, 4060.68it/s] 66% 41105/61865 [00:11<00:05, 4065.63it/s] 67% 41513/61865 [00:11<00:05, 4041.35it/s] 68% 41918/61865 [00:12<00:04, 4031.10it/s] 68% 42338/61865 [00:12<00:04, 4077.67it/s] 69% 42747/61865 [00:12<00:04, 4055.06it/s] 70% 43163/61865 [00:12<00:04, 4085.40it/s] 70% 43572/61865 [00:12<00:04, 4078.11it/s] 71% 43981/61865 [00:12<00:04, 4073.17it/s] 72% 44393/61865 [00:12<00:04, 4086.15it/s] 72% 44818/61865 [00:12<00:04, 4133.55it/s] 73% 45232/61865 [00:12<00:04, 4119.30it/s] 74% 45645/61865 [00:12<00:04, 4037.02it/s] 74% 46050/61865 [00:13<00:03, 3995.71it/s] 75% 46463/61865 [00:13<00:03, 4035.05it/s] 76% 46896/61865 [00:13<00:03, 4118.76it/s] 76% 47309/61865 [00:13<00:03, 4088.75it/s] 77% 47719/61865 [00:13<00:03, 4019.29it/s] 78% 48122/61865 [00:13<00:03, 4015.88it/s] 78% 48525/61865 [00:13<00:03, 3917.41it/s] 79% 48918/61865 [00:13<00:03, 3865.74it/s] 80% 49306/61865 [00:13<00:03, 3797.10it/s] 80% 49687/61865 [00:14<00:03, 3742.70it/s] 81% 50063/61865 [00:14<00:03, 3723.13it/s] 82% 50436/61865 [00:14<00:03, 3668.07it/s] 82% 50804/61865 [00:14<00:03, 3615.83it/s] 83% 51167/61865 [00:14<00:02, 3576.04it/s] 83% 51526/61865 [00:14<00:03, 3435.35it/s] 84% 51872/61865 [00:14<00:02, 3397.03it/s] 84% 52219/61865 [00:14<00:02, 3418.58it/s] 85% 52562/61865 [00:14<00:02, 3356.53it/s] 86% 52923/61865 [00:14<00:02, 3418.66it/s] 86% 53266/61865 [00:15<00:02, 3219.45it/s] 87% 53645/61865 [00:15<00:02, 3368.72it/s] 87% 53986/61865 [00:15<00:02, 3368.16it/s] 88% 54326/61865 [00:15<00:02, 3221.80it/s] 88% 54684/61865 [00:15<00:02, 3319.53it/s] 89% 55044/61865 [00:15<00:02, 3397.98it/s] 90% 55387/61865 [00:15<00:01, 3346.76it/s] 90% 55729/61865 [00:15<00:01, 3367.64it/s] 91% 56113/61865 [00:15<00:01, 3494.83it/s] 91% 56513/61865 [00:16<00:01, 3630.04it/s] 92% 56879/61865 [00:16<00:01, 3449.77it/s] 93% 57228/61865 [00:16<00:01, 3318.30it/s] 93% 57564/61865 [00:16<00:01, 2933.71it/s] 94% 57869/61865 [00:16<00:01, 2672.55it/s] 94% 58149/61865 [00:16<00:01, 2528.92it/s] 94% 58412/61865 [00:16<00:01, 2463.79it/s] 95% 58723/61865 [00:16<00:01, 2625.55it/s] 96% 59130/61865 [00:16<00:00, 2937.75it/s] 96% 59571/61865 [00:17<00:00, 3264.32it/s] 97% 59922/61865 [00:17<00:00, 3293.97it/s] 97% 60269/61865 [00:17<00:00, 3285.80it/s] 98% 60705/61865 [00:17<00:00, 3546.02it/s] 99% 61163/61865 [00:17<00:00, 3803.25it/s]100% 61627/61865 [00:17<00:00, 4019.48it/s]100% 61865/61865 [00:17<00:00, 3508.13it/s]
Total scaffolds = 30,615 | train scaffolds = 24,639 | val scaffolds = 3,133 | test scaffolds = 2,843
/home/apappu/thesis/molecule-metalearning/chemprop/chemprop/data/scaffold.py:152: RuntimeWarning: Mean of empty slice
  target_avgs.append(np.nanmean(targets, axis=0))
Label averages per scaffold, in decreasing order of scaffold frequency,capped at 10 scaffolds and 20 labels: [(array([nan, nan, nan, nan, nan, nan, nan, nan, nan, nan, nan, nan, nan,
       nan, nan, nan, nan, nan, nan, nan]), array([0, 0, 0, 0, 0, 0, 0, 0, 0, 0, 0, 0, 0, 0, 0, 0, 0, 0, 0, 0])), (array([nan, nan, nan, nan, nan, nan, nan, nan, nan, nan, nan, nan, nan,
       nan, nan, 0.5, nan, nan, nan, nan]), array([0, 0, 0, 0, 0, 0, 0, 0, 0, 0, 0, 0, 0, 0, 0, 2, 0, 0, 0, 0])), (array([nan, nan, nan, nan, nan, nan, nan, nan, nan, nan, nan, nan, nan,
       nan, nan, nan, nan, nan, nan, nan]), array([0, 0, 0, 0, 0, 0, 0, 0, 0, 0, 0, 0, 0, 0, 0, 0, 0, 0, 0, 0])), (array([nan, nan, nan, nan, nan, nan, nan, nan, nan, nan, nan, nan, nan,
       nan, nan, nan, nan, nan, nan, nan]), array([0, 0, 0, 0, 0, 0, 0, 0, 0, 0, 0, 0, 0, 0, 0, 0, 0, 0, 0, 0])), (array([nan, nan, nan, nan, nan, nan, nan, nan, nan, nan, nan, nan, nan,
       nan, nan, nan, nan, nan, nan, nan]), array([0, 0, 0, 0, 0, 0, 0, 0, 0, 0, 0, 0, 0, 0, 0, 0, 0, 0, 0, 0])), (array([nan, nan, nan, nan, nan, nan, nan, nan, nan, nan, nan, nan, nan,
       nan, nan, nan, nan, nan, nan, nan]), array([0, 0, 0, 0, 0, 0, 0, 0, 0, 0, 0, 0, 0, 0, 0, 0, 0, 0, 0, 0])), (array([nan, nan, nan, nan, nan, nan, nan, nan, nan, nan, nan, nan, nan,
       nan, nan, nan, nan, nan, nan, nan]), array([0, 0, 0, 0, 0, 0, 0, 0, 0, 0, 0, 0, 0, 0, 0, 0, 0, 0, 0, 0])), (array([nan, nan, nan, nan, nan, nan, nan, nan, nan, nan, nan, nan, nan,
       nan, nan, nan, nan, nan, nan, nan]), array([0, 0, 0, 0, 0, 0, 0, 0, 0, 0, 0, 0, 0, 0, 0, 0, 0, 0, 0, 0])), (array([nan, nan, nan, nan, nan, nan, nan, nan, nan, nan, nan, nan, nan,
       nan, nan, nan, nan, nan, nan, nan]), array([0, 0, 0, 0, 0, 0, 0, 0, 0, 0, 0, 0, 0, 0, 0, 0, 0, 0, 0, 0])), (array([nan, nan, nan, nan, nan, nan, nan, nan, nan, nan, nan, nan, nan,
       nan, nan, nan, nan, nan, nan, nan]), array([0, 0, 0, 0, 0, 0, 0, 0, 0, 0, 0, 0, 0, 0, 0, 0, 0, 0, 0, 0]))]
Class sizes
CHEMBL1033994 0: 41.98%, 1: 58.02%
CHEMBL1119333 0: 9.59%, 1: 90.41%
CHEMBL1217000 0: 52.41%, 1: 47.59%
CHEMBL1243965 0: 17.11%, 1: 82.89%
CHEMBL1243966 0: 41.96%, 1: 58.04%
CHEMBL1243967 0: 10.17%, 1: 89.83%
CHEMBL1243968 0: 15.06%, 1: 84.94%
CHEMBL1243970 0: 6.91%, 1: 93.09%
CHEMBL1243972 0: 9.92%, 1: 90.08%
CHEMBL1243976 0: 28.99%, 1: 71.01%
CHEMBL1246087 0: 33.88%, 1: 66.12%
CHEMBL1246088 0: 48.37%, 1: 51.63%
CHEMBL1613762 0: 2.45%, 1: 97.55%
CHEMBL1613779 0: 58.47%, 1: 41.53%
CHEMBL1613785 0: 43.22%, 1: 56.78%
CHEMBL1613787 0: 69.08%, 1: 30.92%
CHEMBL1613807 0: 95.99%, 1: 4.01%
CHEMBL1613813 0: 44.20%, 1: 55.80%
CHEMBL1613814 0: 53.85%, 1: 46.15%
CHEMBL1613817 0: 84.86%, 1: 15.14%
CHEMBL1613853 0: 41.86%, 1: 58.14%
CHEMBL1613861 0: 14.47%, 1: 85.53%
CHEMBL1613864 0: 5.19%, 1: 94.81%
CHEMBL1613867 0: 97.13%, 1: 2.87%
CHEMBL1613870 0: 15.80%, 1: 84.20%
CHEMBL1613871 0: 6.15%, 1: 93.85%
CHEMBL1613874 0: 65.78%, 1: 34.22%
CHEMBL1613876 0: 54.35%, 1: 45.65%
CHEMBL1613884 0: 21.51%, 1: 78.49%
CHEMBL1613890 0: 34.85%, 1: 65.15%
CHEMBL1613897 0: 46.64%, 1: 53.36%
CHEMBL1613898 0: 75.45%, 1: 24.55%
CHEMBL1613904 0: 50.77%, 1: 49.23%
CHEMBL1613907 0: 5.34%, 1: 94.66%
CHEMBL1613926 0: 30.15%, 1: 69.85%
CHEMBL1613928 0: 45.90%, 1: 54.10%
CHEMBL1613929 0: 81.25%, 1: 18.75%
CHEMBL1613941 0: 32.58%, 1: 67.42%
CHEMBL1613942 0: 41.43%, 1: 58.57%
CHEMBL1613947 0: 46.01%, 1: 53.99%
CHEMBL1613949 0: 60.13%, 1: 39.87%
CHEMBL1613950 0: 43.05%, 1: 56.95%
CHEMBL1613955 0: 54.04%, 1: 45.96%
CHEMBL1613962 0: 24.26%, 1: 75.74%
CHEMBL1613967 0: 44.59%, 1: 55.41%
CHEMBL1613981 0: 58.85%, 1: 41.15%
CHEMBL1613991 0: 14.98%, 1: 85.02%
CHEMBL1613997 0: 7.73%, 1: 92.27%
CHEMBL1614001 0: 98.28%, 1: 1.72%
CHEMBL1614004 0: 14.66%, 1: 85.34%
CHEMBL1614016 0: 12.22%, 1: 87.78%
CHEMBL1614030 0: 19.96%, 1: 80.04%
CHEMBL1614034 0: 2.63%, 1: 97.37%
CHEMBL1614035 0: 77.14%, 1: 22.86%
CHEMBL1614049 0: 39.63%, 1: 60.37%
CHEMBL1614053 0: 42.48%, 1: 57.52%
CHEMBL1614063 0: 95.18%, 1: 4.82%
CHEMBL1614065 0: 9.71%, 1: 90.29%
CHEMBL1614066 0: 94.74%, 1: 5.26%
CHEMBL1614069 0: 56.82%, 1: 43.18%
CHEMBL1614072 0: 50.36%, 1: 49.64%
CHEMBL1614084 0: 13.26%, 1: 86.74%
CHEMBL1614091 0: 4.43%, 1: 95.57%
CHEMBL1614092 0: 47.50%, 1: 52.50%
CHEMBL1614097 0: 46.99%, 1: 53.01%
CHEMBL1614098 0: 97.25%, 1: 2.75%
CHEMBL1614104 0: 7.74%, 1: 92.26%
CHEMBL1614105 0: 6.12%, 1: 93.88%
CHEMBL1614109 0: 59.87%, 1: 40.13%
CHEMBL1614128 0: 10.35%, 1: 89.65%
CHEMBL1614131 0: 97.14%, 1: 2.86%
CHEMBL1614132 0: 42.07%, 1: 57.93%
CHEMBL1614138 0: 67.83%, 1: 32.17%
CHEMBL1614155 0: 25.40%, 1: 74.60%
CHEMBL1614158 0: 74.52%, 1: 25.48%
CHEMBL1614167 0: 16.17%, 1: 83.83%
CHEMBL1614170 0: 68.86%, 1: 31.14%
CHEMBL1614171 0: 93.77%, 1: 6.23%
CHEMBL1614175 0: 80.66%, 1: 19.34%
CHEMBL1614185 0: 26.17%, 1: 73.83%
CHEMBL1614197 0: 5.26%, 1: 94.74%
CHEMBL1614199 0: 49.66%, 1: 50.34%
CHEMBL1614202 0: 7.32%, 1: 92.68%
CHEMBL1614215 0: 52.76%, 1: 47.24%
CHEMBL1614216 0: 48.52%, 1: 51.48%
CHEMBL1614218 0: 22.36%, 1: 77.64%
CHEMBL1614225 0: 62.50%, 1: 37.50%
CHEMBL1614244 0: 38.85%, 1: 61.15%
CHEMBL1614247 0: 44.34%, 1: 55.66%
CHEMBL1614252 0: 60.11%, 1: 39.89%
CHEMBL1614255 0: 61.26%, 1: 38.74%
CHEMBL1614259 0: 32.82%, 1: 67.18%
CHEMBL1614272 0: 67.71%, 1: 32.29%
CHEMBL1614276 0: 51.74%, 1: 48.26%
CHEMBL1614287 0: 85.53%, 1: 14.47%
CHEMBL1614288 0: 72.51%, 1: 27.49%
CHEMBL1614290 0: 4.51%, 1: 95.49%
CHEMBL1614295 0: 2.29%, 1: 97.71%
CHEMBL1614301 0: 19.74%, 1: 80.26%
CHEMBL1614304 0: 63.76%, 1: 36.24%
CHEMBL1614309 0: 27.66%, 1: 72.34%
CHEMBL1614311 0: 53.76%, 1: 46.24%
CHEMBL1614314 0: 94.70%, 1: 5.30%
CHEMBL1614319 0: 72.16%, 1: 27.84%
CHEMBL1614320 0: 29.79%, 1: 70.21%
CHEMBL1614321 0: 60.16%, 1: 39.84%
CHEMBL1614328 0: 46.64%, 1: 53.36%
CHEMBL1614329 0: 40.69%, 1: 59.31%
CHEMBL1614336 0: 47.01%, 1: 52.99%
CHEMBL1614344 0: 67.72%, 1: 32.28%
CHEMBL1614356 0: 43.90%, 1: 56.10%
CHEMBL1614359 0: 50.26%, 1: 49.74%
CHEMBL1614363 0: 53.19%, 1: 46.81%
CHEMBL1614385 0: 93.27%, 1: 6.73%
CHEMBL1614388 0: 56.19%, 1: 43.81%
CHEMBL1614393 0: 45.00%, 1: 55.00%
CHEMBL1614395 0: 11.32%, 1: 88.68%
CHEMBL1614403 0: 88.15%, 1: 11.85%
CHEMBL1614423 0: 57.84%, 1: 42.16%
CHEMBL1614425 0: 38.24%, 1: 61.76%
CHEMBL1614433 0: 60.77%, 1: 39.23%
CHEMBL1614434 0: 80.25%, 1: 19.75%
CHEMBL1614456 0: 3.36%, 1: 96.64%
CHEMBL1614466 0: 10.32%, 1: 89.68%
CHEMBL1614469 0: 24.90%, 1: 75.10%
CHEMBL1614477 0: 43.75%, 1: 56.25%
CHEMBL1614478 0: 12.50%, 1: 87.50%
CHEMBL1614480 0: 85.71%, 1: 14.29%
CHEMBL1614484 0: 9.01%, 1: 90.99%
CHEMBL1614492 0: 40.54%, 1: 59.46%
CHEMBL1614499 0: 44.47%, 1: 55.53%
CHEMBL1614503 0: 40.30%, 1: 59.70%
CHEMBL1614504 0: 17.80%, 1: 82.20%
CHEMBL1614509 0: 79.43%, 1: 20.57%
CHEMBL1614512 0: 62.79%, 1: 37.21%
CHEMBL1614514 0: 83.07%, 1: 16.93%
CHEMBL1614515 0: 19.61%, 1: 80.39%
CHEMBL1614516 0: 96.81%, 1: 3.19%
CHEMBL1614522 0: 28.55%, 1: 71.45%
CHEMBL1614524 0: 12.98%, 1: 87.02%
CHEMBL1614528 0: 40.91%, 1: 59.09%
CHEMBL1614547 0: 72.51%, 1: 27.49%
CHEMBL1614548 0: 17.95%, 1: 82.05%
CHEMBL1614549 0: 84.25%, 1: 15.75%
CHEMBL1614550 0: 9.30%, 1: 90.70%
CHEMBL1614554 0: 71.64%, 1: 28.36%
CHEMBL1676103 0: 39.85%, 1: 60.15%
CHEMBL1737860 0: 3.60%, 1: 96.40%
CHEMBL1737863 0: 36.27%, 1: 63.73%
CHEMBL1737865 0: 61.01%, 1: 38.99%
CHEMBL1737868 0: 79.41%, 1: 20.59%
CHEMBL1737910 0: 45.71%, 1: 54.29%
CHEMBL1737912 0: 26.51%, 1: 73.49%
CHEMBL1737942 0: 44.52%, 1: 55.48%
CHEMBL1737951 0: 51.83%, 1: 48.17%
CHEMBL1737961 0: 93.34%, 1: 6.66%
CHEMBL1737966 0: 21.36%, 1: 78.64%
CHEMBL1737967 0: 89.17%, 1: 10.83%
CHEMBL1737977 0: 13.87%, 1: 86.13%
CHEMBL1737978 0: 18.18%, 1: 81.82%
CHEMBL1737979 0: 8.94%, 1: 91.06%
CHEMBL1738019 0: 24.85%, 1: 75.15%
CHEMBL1738021 0: 10.87%, 1: 89.13%
CHEMBL1738025 0: 33.80%, 1: 66.20%
CHEMBL1738040 0: 73.48%, 1: 26.52%
CHEMBL1738043 0: 46.43%, 1: 53.57%
CHEMBL1738079 0: 3.88%, 1: 96.12%
CHEMBL1738080 0: 76.43%, 1: 23.57%
CHEMBL1738091 0: 89.77%, 1: 10.23%
CHEMBL1738097 0: 72.41%, 1: 27.59%
CHEMBL1738131 0: 68.59%, 1: 31.41%
CHEMBL1738164 0: 79.79%, 1: 20.21%
CHEMBL1738171 0: 85.45%, 1: 14.55%
CHEMBL1738183 0: 59.62%, 1: 40.38%
CHEMBL1738197 0: 36.90%, 1: 63.10%
CHEMBL1738202 0: 3.47%, 1: 96.53%
CHEMBL1738242 0: 16.55%, 1: 83.45%
CHEMBL1738249 0: 86.53%, 1: 13.47%
CHEMBL1738253 0: 7.33%, 1: 92.67%
CHEMBL1738319 0: 59.17%, 1: 40.83%
CHEMBL1738325 0: 96.86%, 1: 3.14%
CHEMBL1738362 0: 21.43%, 1: 78.57%
CHEMBL1738369 0: 56.34%, 1: 43.66%
CHEMBL1738371 0: 81.97%, 1: 18.03%
CHEMBL1738391 0: 68.38%, 1: 31.62%
CHEMBL1738400 0: 77.86%, 1: 22.14%
CHEMBL1738402 0: 54.19%, 1: 45.81%
CHEMBL1738407 0: 85.58%, 1: 14.42%
CHEMBL1738408 0: 2.18%, 1: 97.82%
CHEMBL1738414 0: 5.11%, 1: 94.89%
CHEMBL1738418 0: 68.85%, 1: 31.15%
CHEMBL1738422 0: 4.29%, 1: 95.71%
CHEMBL1738424 0: 77.50%, 1: 22.50%
CHEMBL1738430 0: 25.54%, 1: 74.46%
CHEMBL1738438 0: 2.76%, 1: 97.24%
CHEMBL1738482 0: 7.69%, 1: 92.31%
CHEMBL1738485 0: 17.65%, 1: 82.35%
CHEMBL1738494 0: 97.26%, 1: 2.74%
CHEMBL1738495 0: 1.70%, 1: 98.30%
CHEMBL1738497 0: 64.50%, 1: 35.50%
CHEMBL1738502 0: 15.20%, 1: 84.80%
CHEMBL1738510 0: 54.41%, 1: 45.59%
CHEMBL1738512 0: 3.05%, 1: 96.95%
CHEMBL1738513 0: 28.64%, 1: 71.36%
CHEMBL1738552 0: 64.70%, 1: 35.30%
CHEMBL1738575 0: 65.65%, 1: 34.35%
CHEMBL1738578 0: 23.30%, 1: 76.70%
CHEMBL1738579 0: 22.79%, 1: 77.21%
CHEMBL1738593 0: 17.65%, 1: 82.35%
CHEMBL1738599 0: 16.07%, 1: 83.93%
CHEMBL1738602 0: 42.70%, 1: 57.30%
CHEMBL1738610 0: 42.07%, 1: 57.93%
CHEMBL1738611 0: 2.23%, 1: 97.77%
CHEMBL1738632 0: 86.32%, 1: 13.68%
CHEMBL1738633 0: 4.05%, 1: 95.95%
CHEMBL1738639 0: 64.47%, 1: 35.53%
CHEMBL1738642 0: 34.82%, 1: 65.18%
CHEMBL1738670 0: 9.18%, 1: 90.82%
CHEMBL1738673 0: 12.98%, 1: 87.02%
CHEMBL1738679 0: 63.95%, 1: 36.05%
CHEMBL1738682 0: 62.45%, 1: 37.55%
CHEMBL1794296 0: 44.02%, 1: 55.98%
CHEMBL1794303 0: 2.71%, 1: 97.29%
CHEMBL1794320 0: 96.68%, 1: 3.32%
CHEMBL1794327 0: 91.59%, 1: 8.41%
CHEMBL1794336 0: 53.07%, 1: 46.93%
CHEMBL1794350 0: 3.44%, 1: 96.56%
CHEMBL1794355 0: 5.26%, 1: 94.74%
CHEMBL1794356 0: 13.92%, 1: 86.08%
CHEMBL1794358 0: 94.14%, 1: 5.86%
CHEMBL1794365 0: 7.12%, 1: 92.88%
CHEMBL1794383 0: 6.90%, 1: 93.10%
CHEMBL1794387 0: 65.04%, 1: 34.96%
CHEMBL1794393 0: 67.55%, 1: 32.45%
CHEMBL1794396 0: 3.96%, 1: 96.04%
CHEMBL1794410 0: 23.98%, 1: 76.02%
CHEMBL1794413 0: 6.02%, 1: 93.98%
CHEMBL1794438 0: 40.17%, 1: 59.83%
CHEMBL1794445 0: 87.84%, 1: 12.16%
CHEMBL1794452 0: 94.30%, 1: 5.70%
CHEMBL1794457 0: 92.98%, 1: 7.02%
CHEMBL1794460 0: 28.63%, 1: 71.37%
CHEMBL1794467 0: 18.39%, 1: 81.61%
CHEMBL1794475 0: 56.02%, 1: 43.98%
CHEMBL1794484 0: 44.93%, 1: 55.07%
CHEMBL1794494 0: 5.33%, 1: 94.67%
CHEMBL1794497 0: 8.47%, 1: 91.53%
CHEMBL1794499 0: 73.90%, 1: 26.10%
CHEMBL1794508 0: 94.63%, 1: 5.37%
CHEMBL1794516 0: 3.21%, 1: 96.79%
CHEMBL1794522 0: 58.65%, 1: 41.35%
CHEMBL1794528 0: 79.86%, 1: 20.14%
CHEMBL1794531 0: 92.03%, 1: 7.97%
CHEMBL1794548 0: 88.74%, 1: 11.26%
CHEMBL1794566 0: 6.05%, 1: 93.95%
CHEMBL1794567 0: 9.61%, 1: 90.39%
CHEMBL1794570 0: 92.79%, 1: 7.21%
CHEMBL1794571 0: 53.55%, 1: 46.45%
CHEMBL1794573 0: 10.54%, 1: 89.46%
CHEMBL1794574 0: 1.09%, 1: 98.91%
CHEMBL1794578 0: 46.99%, 1: 53.01%
CHEMBL1794581 0: 19.65%, 1: 80.35%
CHEMBL1863510 0: 2.14%, 1: 97.86%
CHEMBL1863512 0: 2.79%, 1: 97.21%
CHEMBL1909084 0: 99.28%, 1: 0.72%
CHEMBL1909085 0: 92.10%, 1: 7.90%
CHEMBL1909086 0: 91.52%, 1: 8.48%
CHEMBL1909087 0: 91.86%, 1: 8.14%
CHEMBL1909088 0: 87.97%, 1: 12.03%
CHEMBL1909089 0: 88.69%, 1: 11.31%
CHEMBL1909090 0: 90.81%, 1: 9.19%
CHEMBL1909091 0: 97.24%, 1: 2.76%
CHEMBL1909092 0: 97.14%, 1: 2.86%
CHEMBL1909093 0: 98.42%, 1: 1.58%
CHEMBL1909094 0: 90.85%, 1: 9.15%
CHEMBL1909095 0: 98.56%, 1: 1.44%
CHEMBL1909097 0: 99.28%, 1: 0.72%
CHEMBL1909102 0: 92.94%, 1: 7.06%
CHEMBL1909103 0: 97.23%, 1: 2.77%
CHEMBL1909104 0: 87.06%, 1: 12.94%
CHEMBL1909105 0: 88.70%, 1: 11.30%
CHEMBL1909106 0: 98.57%, 1: 1.43%
CHEMBL1909107 0: 97.86%, 1: 2.14%
CHEMBL1909108 0: 93.04%, 1: 6.96%
CHEMBL1909109 0: 90.35%, 1: 9.65%
CHEMBL1909110 0: 92.47%, 1: 7.53%
CHEMBL1909111 0: 94.03%, 1: 5.97%
CHEMBL1909112 0: 90.91%, 1: 9.09%
CHEMBL1909114 0: 96.50%, 1: 3.50%
CHEMBL1909115 0: 96.00%, 1: 4.00%
CHEMBL1909116 0: 96.98%, 1: 3.02%
CHEMBL1909121 0: 92.80%, 1: 7.20%
CHEMBL1909123 0: 99.16%, 1: 0.84%
CHEMBL1909124 0: 99.40%, 1: 0.60%
CHEMBL1909130 0: 95.56%, 1: 4.44%
CHEMBL1909131 0: 97.01%, 1: 2.99%
CHEMBL1909132 0: 96.15%, 1: 3.85%
CHEMBL1909134 0: 95.19%, 1: 4.81%
CHEMBL1909135 0: 95.76%, 1: 4.24%
CHEMBL1909136 0: 93.20%, 1: 6.80%
CHEMBL1909138 0: 96.16%, 1: 3.84%
CHEMBL1909139 0: 93.84%, 1: 6.16%
CHEMBL1909140 0: 93.87%, 1: 6.13%
CHEMBL1909141 0: 89.73%, 1: 10.27%
CHEMBL1909142 0: 99.04%, 1: 0.96%
CHEMBL1909143 0: 93.01%, 1: 6.99%
CHEMBL1909145 0: 97.97%, 1: 2.03%
CHEMBL1909148 0: 98.57%, 1: 1.43%
CHEMBL1909150 0: 95.10%, 1: 4.90%
CHEMBL1909156 0: 94.28%, 1: 5.72%
CHEMBL1909157 0: 96.38%, 1: 3.62%
CHEMBL1909158 0: 99.05%, 1: 0.95%
CHEMBL1909159 0: 93.18%, 1: 6.82%
CHEMBL1909165 0: 97.79%, 1: 2.21%
CHEMBL1909169 0: 98.32%, 1: 1.68%
CHEMBL1909170 0: 92.35%, 1: 7.65%
CHEMBL1909171 0: 93.29%, 1: 6.71%
CHEMBL1909172 0: 92.82%, 1: 7.18%
CHEMBL1909173 0: 92.38%, 1: 7.62%
CHEMBL1909174 0: 92.71%, 1: 7.29%
CHEMBL1909180 0: 98.20%, 1: 1.80%
CHEMBL1909181 0: 97.71%, 1: 2.29%
CHEMBL1909182 0: 96.99%, 1: 3.01%
CHEMBL1909184 0: 98.93%, 1: 1.07%
CHEMBL1909186 0: 99.52%, 1: 0.48%
CHEMBL1909190 0: 98.66%, 1: 1.34%
CHEMBL1909191 0: 94.99%, 1: 5.01%
CHEMBL1909192 0: 99.52%, 1: 0.48%
CHEMBL1909200 0: 97.97%, 1: 2.03%
CHEMBL1909201 0: 97.72%, 1: 2.28%
CHEMBL1909203 0: 98.05%, 1: 1.95%
CHEMBL1909204 0: 97.17%, 1: 2.83%
CHEMBL1909205 0: 98.67%, 1: 1.33%
CHEMBL1909206 0: 99.16%, 1: 0.84%
CHEMBL1909209 0: 92.34%, 1: 7.66%
CHEMBL1909210 0: 96.05%, 1: 3.95%
CHEMBL1909211 0: 88.80%, 1: 11.20%
CHEMBL1909212 0: 98.30%, 1: 1.70%
CHEMBL1909213 0: 99.28%, 1: 0.72%
CHEMBL1909214 0: 98.79%, 1: 1.21%
CHEMBL1909215 0: 95.61%, 1: 4.39%
CHEMBL1963686 0: 61.95%, 1: 38.05%
CHEMBL1963687 0: 64.42%, 1: 35.58%
CHEMBL1963688 0: 62.52%, 1: 37.48%
CHEMBL1963689 0: 89.69%, 1: 10.31%
CHEMBL1963690 0: 57.36%, 1: 42.64%
CHEMBL1963691 0: 49.33%, 1: 50.67%
CHEMBL1963692 0: 53.73%, 1: 46.27%
CHEMBL1963693 0: 71.00%, 1: 29.00%
CHEMBL1963694 0: 91.05%, 1: 8.95%
CHEMBL1963695 0: 74.90%, 1: 25.10%
CHEMBL1963696 0: 77.85%, 1: 22.15%
CHEMBL1963697 0: 74.06%, 1: 25.94%
CHEMBL1963698 0: 74.60%, 1: 25.40%
CHEMBL1963699 0: 83.18%, 1: 16.82%
CHEMBL1963701 0: 67.32%, 1: 32.68%
CHEMBL1963702 0: 83.82%, 1: 16.18%
CHEMBL1963703 0: 68.65%, 1: 31.35%
CHEMBL1963704 0: 65.28%, 1: 34.72%
CHEMBL1963705 0: 55.92%, 1: 44.08%
CHEMBL1963706 0: 53.38%, 1: 46.62%
CHEMBL1963707 0: 53.25%, 1: 46.75%
CHEMBL1963708 0: 48.77%, 1: 51.23%
CHEMBL1963710 0: 63.21%, 1: 36.79%
CHEMBL1963711 0: 94.72%, 1: 5.28%
CHEMBL1963712 0: 75.76%, 1: 24.24%
CHEMBL1963714 0: 74.21%, 1: 25.79%
CHEMBL1963715 0: 50.28%, 1: 49.72%
CHEMBL1963716 0: 91.91%, 1: 8.09%
CHEMBL1963717 0: 55.50%, 1: 44.50%
CHEMBL1963718 0: 65.45%, 1: 34.55%
CHEMBL1963719 0: 63.39%, 1: 36.61%
CHEMBL1963720 0: 69.73%, 1: 30.27%
CHEMBL1963721 0: 56.94%, 1: 43.06%
CHEMBL1963722 0: 49.40%, 1: 50.60%
CHEMBL1963723 0: 53.82%, 1: 46.18%
CHEMBL1963724 0: 67.32%, 1: 32.68%
CHEMBL1963725 0: 69.97%, 1: 30.03%
CHEMBL1963727 0: 56.59%, 1: 43.41%
CHEMBL1963728 0: 92.02%, 1: 7.98%
CHEMBL1963729 0: 84.64%, 1: 15.36%
CHEMBL1963731 0: 61.35%, 1: 38.65%
CHEMBL1963733 0: 79.77%, 1: 20.23%
CHEMBL1963734 0: 79.51%, 1: 20.49%
CHEMBL1963735 0: 71.66%, 1: 28.34%
CHEMBL1963736 0: 78.32%, 1: 21.68%
CHEMBL1963737 0: 86.79%, 1: 13.21%
CHEMBL1963738 0: 61.18%, 1: 38.82%
CHEMBL1963739 0: 84.32%, 1: 15.68%
CHEMBL1963740 0: 64.30%, 1: 35.70%
CHEMBL1963741 0: 67.03%, 1: 32.97%
CHEMBL1963742 0: 73.47%, 1: 26.53%
CHEMBL1963743 0: 66.24%, 1: 33.76%
CHEMBL1963744 0: 71.97%, 1: 28.03%
CHEMBL1963745 0: 67.16%, 1: 32.84%
CHEMBL1963746 0: 66.34%, 1: 33.66%
CHEMBL1963747 0: 81.33%, 1: 18.67%
CHEMBL1963748 0: 58.75%, 1: 41.25%
CHEMBL1963749 0: 55.02%, 1: 44.98%
CHEMBL1963750 0: 58.61%, 1: 41.39%
CHEMBL1963751 0: 70.90%, 1: 29.10%
CHEMBL1963752 0: 64.78%, 1: 35.22%
CHEMBL1963753 0: 88.02%, 1: 11.98%
CHEMBL1963754 0: 59.12%, 1: 40.88%
CHEMBL1963756 0: 61.66%, 1: 38.34%
CHEMBL1963757 0: 73.28%, 1: 26.72%
CHEMBL1963758 0: 82.56%, 1: 17.44%
CHEMBL1963759 0: 81.38%, 1: 18.62%
CHEMBL1963760 0: 86.36%, 1: 13.64%
CHEMBL1963761 0: 83.63%, 1: 16.37%
CHEMBL1963763 0: 72.14%, 1: 27.86%
CHEMBL1963764 0: 62.50%, 1: 37.50%
CHEMBL1963765 0: 86.41%, 1: 13.59%
CHEMBL1963766 0: 81.38%, 1: 18.62%
CHEMBL1963767 0: 77.76%, 1: 22.24%
CHEMBL1963768 0: 77.63%, 1: 22.37%
CHEMBL1963770 0: 89.44%, 1: 10.56%
CHEMBL1963771 0: 53.53%, 1: 46.47%
CHEMBL1963772 0: 48.99%, 1: 51.01%
CHEMBL1963773 0: 59.00%, 1: 41.00%
CHEMBL1963775 0: 76.92%, 1: 23.08%
CHEMBL1963776 0: 87.71%, 1: 12.29%
CHEMBL1963777 0: 63.92%, 1: 36.08%
CHEMBL1963778 0: 51.70%, 1: 48.30%
CHEMBL1963779 0: 54.69%, 1: 45.31%
CHEMBL1963780 0: 89.06%, 1: 10.94%
CHEMBL1963781 0: 94.31%, 1: 5.69%
CHEMBL1963782 0: 75.86%, 1: 24.14%
CHEMBL1963783 0: 57.36%, 1: 42.64%
CHEMBL1963785 0: 70.10%, 1: 29.90%
CHEMBL1963786 0: 50.08%, 1: 49.92%
CHEMBL1963787 0: 66.39%, 1: 33.61%
CHEMBL1963789 0: 67.34%, 1: 32.66%
CHEMBL1963790 0: 57.93%, 1: 42.07%
CHEMBL1963791 0: 82.08%, 1: 17.92%
CHEMBL1963792 0: 85.73%, 1: 14.27%
CHEMBL1963793 0: 65.48%, 1: 34.52%
CHEMBL1963794 0: 77.53%, 1: 22.47%
CHEMBL1963795 0: 46.98%, 1: 53.02%
CHEMBL1963796 0: 69.76%, 1: 30.24%
CHEMBL1963797 0: 83.64%, 1: 16.36%
CHEMBL1963798 0: 89.45%, 1: 10.55%
CHEMBL1963799 0: 43.54%, 1: 56.46%
CHEMBL1963800 0: 64.88%, 1: 35.12%
CHEMBL1963801 0: 75.90%, 1: 24.10%
CHEMBL1963802 0: 61.41%, 1: 38.59%
CHEMBL1963803 0: 87.44%, 1: 12.56%
CHEMBL1963804 0: 65.90%, 1: 34.10%
CHEMBL1963805 0: 53.77%, 1: 46.23%
CHEMBL1963806 0: 41.19%, 1: 58.81%
CHEMBL1963807 0: 36.83%, 1: 63.17%
CHEMBL1963808 0: 68.82%, 1: 31.18%
CHEMBL1963809 0: 79.97%, 1: 20.03%
CHEMBL1963810 0: 43.69%, 1: 56.31%
CHEMBL1963811 0: 73.98%, 1: 26.02%
CHEMBL1963812 0: 53.08%, 1: 46.92%
CHEMBL1963813 0: 79.19%, 1: 20.81%
CHEMBL1963814 0: 51.10%, 1: 48.90%
CHEMBL1963815 0: 71.80%, 1: 28.20%
CHEMBL1963816 0: 89.64%, 1: 10.36%
CHEMBL1963817 0: 71.90%, 1: 28.10%
CHEMBL1963818 0: 55.13%, 1: 44.87%
CHEMBL1963819 0: 62.64%, 1: 37.36%
CHEMBL1963820 0: 84.46%, 1: 15.54%
CHEMBL1963821 0: 79.31%, 1: 20.69%
CHEMBL1963822 0: 90.91%, 1: 9.09%
CHEMBL1963823 0: 76.61%, 1: 23.39%
CHEMBL1963824 0: 39.57%, 1: 60.43%
CHEMBL1963825 0: 51.12%, 1: 48.88%
CHEMBL1963826 0: 59.25%, 1: 40.75%
CHEMBL1963827 0: 50.74%, 1: 49.26%
CHEMBL1963828 0: 80.86%, 1: 19.14%
CHEMBL1963829 0: 86.41%, 1: 13.59%
CHEMBL1963831 0: 52.56%, 1: 47.44%
CHEMBL1963832 0: 72.98%, 1: 27.02%
CHEMBL1963833 0: 87.13%, 1: 12.87%
CHEMBL1963834 0: 59.69%, 1: 40.31%
CHEMBL1963836 0: 85.18%, 1: 14.82%
CHEMBL1963837 0: 26.01%, 1: 73.99%
CHEMBL1963838 0: 75.83%, 1: 24.17%
CHEMBL1963846 0: 85.07%, 1: 14.93%
CHEMBL1963867 0: 73.13%, 1: 26.87%
CHEMBL1963893 0: 85.61%, 1: 14.39%
CHEMBL1963898 0: 75.62%, 1: 24.38%
CHEMBL1963907 0: 64.35%, 1: 35.65%
CHEMBL1963910 0: 10.50%, 1: 89.50%
CHEMBL1963915 0: 15.00%, 1: 85.00%
CHEMBL1963916 0: 40.48%, 1: 59.52%
CHEMBL1963918 0: 73.35%, 1: 26.65%
CHEMBL1963930 0: 3.64%, 1: 96.36%
CHEMBL1963933 0: 93.91%, 1: 6.09%
CHEMBL1963934 0: 3.64%, 1: 96.36%
CHEMBL1963937 0: 39.27%, 1: 60.73%
