wandb: Tracking run with wandb version 0.9.3
wandb: Run data is saved locally in wandb/run-20200723_044006-3nazy2dt
wandb: Syncing run chemprop_0.6_dropout_4_mp_steps
wandb: ⭐️ View project at https://app.wandb.ai/apappu97/molecule-metalearning-chemprop
wandb: 🚀 View run at https://app.wandb.ai/apappu97/molecule-metalearning-chemprop/runs/3nazy2dt
wandb: Run `wandb off` to turn off syncing.

Fold 0
Command line
python chemprop/train.py --data_path filtered_chembl/chembl_less_1024_more_128_645_tasks.csv --dataset_type classification --split_type scaffold_balanced --dropout 0.6 --depth 4 --num_folds 2 --epochs 30 --results_save_dir results/initial_hyperparameter_tuning/ --experiment_name chemprop_0.6_dropout_4_mp_steps
Args
{'ANIL': False,
 'FO_MAML': False,
 'activation': 'ReLU',
 'atom_messages': False,
 'batch_size': 50,
 'bias': False,
 'cache_cutoff': 10000,
 'checkpoint_dir': None,
 'checkpoint_path': None,
 'checkpoint_paths': None,
 'chembl_assay_metadata_pickle_path': None,
 'class_balance': False,
 'config_path': None,
 'crossval_index_dir': None,
 'crossval_index_file': None,
 'crossval_index_sets': None,
 'data_path': 'filtered_chembl/chembl_less_1024_more_128_645_tasks.csv',
 'dataset_type': 'classification',
 'depth': 4,
 'dropout': 0.6,
 'dummy': False,
 'ensemble_size': 1,
 'epochs': 30,
 'experiment_name': 'chemprop_0.6_dropout_4_mp_steps',
 'features_generator': None,
 'features_only': False,
 'features_path': None,
 'features_size': None,
 'ffn_hidden_size': 300,
 'ffn_num_layers': 2,
 'final_lr': 0.0001,
 'folds_file': None,
 'gpu': None,
 'hidden_size': 300,
 'init_lr': 0.0001,
 'inner_loop_lr': 0.05,
 'log_frequency': 10,
 'max_data_size': None,
 'max_lr': 0.001,
 'meta_batch_size': 3,
 'meta_learning': False,
 'meta_test_epochs': 20,
 'meta_test_lr': 0.001,
 'meta_test_split_sizes': (0.8, 0.1, 0.1),
 'meta_train_split_sizes': (0.8, 0.2, 0),
 'metric': 'auc',
 'minimize_score': False,
 'multiclass_num_classes': 3,
 'no_cuda': False,
 'no_features_scaling': False,
 'num_folds': 2,
 'num_inner_gradient_steps': 2,
 'num_lrs': 1,
 'num_tasks': None,
 'num_workers': 8,
 'outer_loop_lr': 0.003,
 'pytorch_seed': 0,
 'quiet': False,
 'results_save_dir': 'results/initial_hyperparameter_tuning/',
 'save_dir': '/tmp/2282320.3.gpu.q/tmpvrjrulqo/fold_0',
 'save_smiles_splits': False,
 'seed': 0,
 'separate_test_features_path': None,
 'separate_test_path': None,
 'separate_val_features_path': None,
 'separate_val_path': None,
 'show_individual_scores': False,
 'smiles_column': None,
 'split_sizes': (0.8, 0.1, 0.1),
 'split_type': 'scaffold_balanced',
 'target_columns': None,
 'task_names': None,
 'test': False,
 'test_fold_index': None,
 'train_data_size': None,
 'undirected': False,
 'use_input_features': False,
 'val_fold_index': None,
 'warmup_epochs': 2.0}
Loading data
0it [00:00, ?it/s]631it [00:00, 6304.65it/s]1266it [00:00, 6316.06it/s]1905it [00:00, 6337.37it/s]2543it [00:00, 6348.64it/s]3139it [00:00, 6226.60it/s]3657it [00:00, 5370.39it/s]4142it [00:00, 3584.83it/s]4796it [00:00, 4146.55it/s]5422it [00:01, 4613.79it/s]6055it [00:01, 5021.92it/s]6687it [00:01, 5350.77it/s]7319it [00:01, 5608.08it/s]7976it [00:01, 5865.51it/s]8589it [00:01, 5236.57it/s]9220it [00:01, 5516.73it/s]9830it [00:01, 5678.29it/s]10459it [00:01, 5848.54it/s]11119it [00:02, 6053.57it/s]11748it [00:02, 6121.61it/s]12369it [00:02, 5327.66it/s]13003it [00:02, 5593.81it/s]13637it [00:02, 5797.76it/s]14270it [00:02, 5946.21it/s]14932it [00:02, 6133.05it/s]15569it [00:02, 6200.51it/s]16197it [00:02, 6196.28it/s]16822it [00:03, 2690.70it/s]17459it [00:03, 3254.09it/s]18096it [00:03, 3812.95it/s]18764it [00:03, 4375.47it/s]19401it [00:03, 4827.99it/s]20035it [00:03, 5198.48it/s]20649it [00:04, 5448.93it/s]21262it [00:04, 5018.42it/s]21927it [00:04, 5368.29it/s]22594it [00:04, 5700.33it/s]23232it [00:04, 5887.67it/s]23869it [00:04, 6024.48it/s]24505it [00:04, 6121.31it/s]25132it [00:04, 5427.33it/s]25770it [00:04, 5681.20it/s]26436it [00:05, 5941.91it/s]27074it [00:05, 6065.58it/s]27694it [00:05, 6094.45it/s]28325it [00:05, 6157.04it/s]28961it [00:05, 6215.68it/s]29588it [00:05, 5514.87it/s]30222it [00:05, 5738.49it/s]30857it [00:05, 5907.65it/s]31489it [00:05, 6024.86it/s]32123it [00:05, 6115.57it/s]32757it [00:06, 6180.96it/s]33423it [00:06, 6317.11it/s]34059it [00:06, 5570.64it/s]34688it [00:06, 5768.10it/s]35337it [00:06, 5966.16it/s]35980it [00:06, 6096.77it/s]36623it [00:06, 6192.49it/s]37268it [00:06, 6265.91it/s]37900it [00:06, 5569.69it/s]38543it [00:07, 5802.11it/s]39186it [00:07, 5976.80it/s]39827it [00:07, 6098.46it/s]40467it [00:07, 6183.40it/s]41110it [00:07, 6253.30it/s]41758it [00:07, 6318.94it/s]42394it [00:07, 5392.30it/s]43039it [00:07, 5670.95it/s]43677it [00:07, 5866.19it/s]44319it [00:07, 6019.85it/s]44952it [00:08, 6109.51it/s]45619it [00:08, 6267.36it/s]46254it [00:08, 5494.74it/s]46891it [00:08, 5730.24it/s]47526it [00:08, 5901.91it/s]48135it [00:08, 5955.77it/s]48750it [00:08, 6011.99it/s]49391it [00:08, 6124.26it/s]50028it [00:08, 6195.39it/s]50652it [00:09, 5407.61it/s]51260it [00:09, 5592.09it/s]51910it [00:09, 5769.97it/s]52575it [00:09, 6008.05it/s]53199it [00:09, 6074.22it/s]53815it [00:09, 6088.00it/s]54430it [00:09, 5308.27it/s]55051it [00:09, 5526.16it/s]55668it [00:09, 5702.74it/s]56287it [00:10, 5838.69it/s]56916it [00:10, 5887.15it/s]57513it [00:10, 5865.27it/s]58187it [00:10, 6041.07it/s]58797it [00:10, 5429.41it/s]59442it [00:10, 5698.33it/s]60089it [00:10, 5908.25it/s]60734it [00:10, 6059.14it/s]61379it [00:10, 6169.86it/s]61865it [00:10, 5636.79it/s]
  0% 0/61865 [00:00<?, ?it/s]  2% 1231/61865 [00:01<00:54, 1104.74it/s] 77% 47842/61865 [00:02<00:08, 1563.10it/s]100% 61865/61865 [00:02<00:00, 29696.84it/s]
  0% 0/61865 [00:00<?, ?it/s]  1% 616/61865 [00:00<00:09, 6156.81it/s]  2% 1246/61865 [00:00<00:09, 6198.39it/s]  3% 1836/61865 [00:00<00:09, 6104.11it/s]  4% 2394/61865 [00:00<00:10, 5932.89it/s]  5% 2983/61865 [00:00<00:09, 5917.49it/s]  6% 3624/61865 [00:00<00:09, 6056.87it/s]  7% 4159/61865 [00:00<00:09, 5814.25it/s]  8% 4754/61865 [00:00<00:09, 5851.38it/s]  9% 5306/61865 [00:00<00:10, 5640.38it/s]  9% 5849/61865 [00:01<00:10, 5458.13it/s] 10% 6381/61865 [00:01<00:10, 5368.60it/s] 11% 6909/61865 [00:01<00:10, 5301.84it/s] 12% 7433/61865 [00:01<00:10, 5273.25it/s] 13% 7962/61865 [00:01<00:10, 5264.69it/s] 14% 8486/61865 [00:01<00:10, 5148.72it/s] 15% 9034/61865 [00:01<00:10, 5242.54it/s] 15% 9562/61865 [00:01<00:09, 5249.60it/s] 16% 10087/61865 [00:01<00:09, 5241.70it/s] 17% 10611/61865 [00:01<00:09, 5183.26it/s] 18% 11133/61865 [00:02<00:09, 5193.46it/s] 19% 11665/61865 [00:02<00:09, 5228.64it/s] 20% 12201/61865 [00:02<00:09, 5265.38it/s] 21% 12735/61865 [00:02<00:09, 5286.23it/s] 21% 13274/61865 [00:02<00:09, 5314.10it/s] 22% 13816/61865 [00:02<00:08, 5344.83it/s] 23% 14351/61865 [00:02<00:08, 5282.42it/s] 24% 14880/61865 [00:02<00:09, 5189.79it/s] 25% 15411/61865 [00:02<00:08, 5222.74it/s] 26% 15945/61865 [00:02<00:08, 5255.97it/s] 27% 16474/61865 [00:03<00:08, 5265.10it/s] 28% 17038/61865 [00:03<00:08, 5370.23it/s] 28% 17577/61865 [00:03<00:08, 5372.61it/s] 29% 18129/61865 [00:03<00:08, 5413.37it/s] 30% 18671/61865 [00:03<00:07, 5401.87it/s] 31% 19212/61865 [00:03<00:07, 5347.44it/s] 32% 19756/61865 [00:03<00:07, 5374.74it/s] 33% 20294/61865 [00:03<00:07, 5306.75it/s] 34% 20826/61865 [00:03<00:07, 5268.95it/s] 35% 21354/61865 [00:03<00:07, 5254.93it/s] 35% 21884/61865 [00:04<00:07, 5265.83it/s] 36% 22423/61865 [00:04<00:07, 5301.33it/s] 37% 22969/61865 [00:04<00:07, 5345.78it/s] 38% 23517/61865 [00:04<00:07, 5383.31it/s] 39% 24063/61865 [00:04<00:06, 5403.38it/s] 40% 24605/61865 [00:04<00:06, 5407.04it/s] 41% 25146/61865 [00:04<00:06, 5381.09it/s] 42% 25685/61865 [00:04<00:06, 5354.83it/s] 42% 26221/61865 [00:04<00:06, 5334.61it/s] 43% 26755/61865 [00:04<00:06, 5334.97it/s] 44% 27289/61865 [00:05<00:06, 5307.90it/s] 45% 27839/61865 [00:05<00:06, 5362.39it/s] 46% 28376/61865 [00:05<00:06, 5311.73it/s] 47% 28908/61865 [00:05<00:06, 5272.18it/s] 48% 29436/61865 [00:05<00:06, 5272.05it/s] 48% 29967/61865 [00:05<00:06, 5279.91it/s] 49% 30496/61865 [00:05<00:05, 5278.02it/s] 50% 31030/61865 [00:05<00:05, 5294.16it/s] 51% 31560/61865 [00:05<00:05, 5281.65it/s] 52% 32096/61865 [00:05<00:05, 5304.86it/s] 53% 32627/61865 [00:06<00:05, 5269.46it/s] 54% 33155/61865 [00:06<00:05, 5239.58it/s] 54% 33686/61865 [00:06<00:05, 5258.89it/s] 55% 34221/61865 [00:06<00:05, 5283.04it/s] 56% 34751/61865 [00:06<00:05, 5287.70it/s] 57% 35280/61865 [00:06<00:05, 5237.74it/s] 58% 35804/61865 [00:06<00:05, 5188.58it/s] 59% 36324/61865 [00:06<00:04, 5183.07it/s] 60% 36858/61865 [00:06<00:04, 5228.94it/s] 60% 37393/61865 [00:06<00:04, 5264.27it/s] 61% 37941/61865 [00:07<00:04, 5326.24it/s] 62% 38476/61865 [00:07<00:04, 5331.35it/s] 63% 39010/61865 [00:07<00:04, 5243.68it/s] 64% 39555/61865 [00:07<00:04, 5302.88it/s] 65% 40086/61865 [00:07<00:04, 5286.53it/s] 66% 40616/61865 [00:07<00:04, 5245.21it/s] 67% 41147/61865 [00:07<00:03, 5262.41it/s] 67% 41681/61865 [00:07<00:03, 5281.64it/s] 68% 42213/61865 [00:07<00:03, 5291.56it/s] 69% 42743/61865 [00:07<00:03, 5239.56it/s] 70% 43281/61865 [00:08<00:03, 5280.43it/s] 71% 43820/61865 [00:08<00:03, 5312.72it/s] 72% 44360/61865 [00:08<00:03, 5337.11it/s] 73% 44905/61865 [00:08<00:03, 5369.19it/s] 73% 45443/61865 [00:08<00:03, 5364.97it/s] 74% 45980/61865 [00:08<00:02, 5322.91it/s] 75% 46513/61865 [00:08<00:02, 5289.52it/s] 76% 47051/61865 [00:08<00:02, 5315.13it/s] 77% 47587/61865 [00:08<00:02, 5328.03it/s] 78% 48120/61865 [00:09<00:02, 5287.90it/s] 79% 48649/61865 [00:09<00:02, 5228.52it/s] 79% 49173/61865 [00:09<00:02, 5148.41it/s] 80% 49689/61865 [00:09<00:02, 5134.47it/s] 81% 50203/61865 [00:09<00:02, 5074.54it/s] 82% 50711/61865 [00:09<00:02, 5066.84it/s] 83% 51218/61865 [00:09<00:02, 5024.52it/s] 84% 51721/61865 [00:09<00:02, 4964.18it/s] 84% 52218/61865 [00:09<00:01, 4964.16it/s] 85% 52715/61865 [00:09<00:01, 4934.13it/s] 86% 53209/61865 [00:10<00:01, 4880.83it/s] 87% 53730/61865 [00:10<00:01, 4972.91it/s] 88% 54228/61865 [00:10<00:01, 4952.09it/s] 88% 54747/61865 [00:10<00:01, 5020.81it/s] 89% 55250/61865 [00:10<00:01, 4987.71it/s] 90% 55750/61865 [00:10<00:01, 4819.45it/s] 91% 56261/61865 [00:10<00:01, 4899.49it/s] 92% 56753/61865 [00:10<00:01, 4872.99it/s] 93% 57242/61865 [00:10<00:01, 4621.63it/s] 93% 57708/61865 [00:11<00:00, 4196.60it/s] 94% 58138/61865 [00:11<00:00, 3917.09it/s] 95% 58541/61865 [00:11<00:00, 3826.01it/s] 95% 59049/61865 [00:11<00:00, 4129.66it/s] 96% 59612/61865 [00:11<00:00, 4487.84it/s] 97% 60079/61865 [00:11<00:00, 4504.42it/s] 98% 60609/61865 [00:11<00:00, 4714.12it/s] 99% 61180/61865 [00:11<00:00, 4972.62it/s]100% 61748/61865 [00:11<00:00, 5164.28it/s]100% 61865/61865 [00:11<00:00, 5211.85it/s]
Number of tasks = 645
Splitting data with seed 0
  0% 0/61865 [00:00<?, ?it/s]  1% 590/61865 [00:00<00:10, 5892.25it/s]  2% 1182/61865 [00:00<00:10, 5895.57it/s]  3% 1714/61865 [00:00<00:10, 5706.60it/s]  4% 2204/61865 [00:00<00:10, 5437.18it/s]  4% 2694/61865 [00:00<00:11, 5254.78it/s]  5% 3256/61865 [00:00<00:10, 5358.81it/s]  6% 3798/61865 [00:00<00:10, 5376.11it/s]  7% 4290/61865 [00:00<00:11, 5124.31it/s]  8% 4789/61865 [00:00<00:11, 5080.89it/s]  9% 5277/61865 [00:01<00:11, 4971.57it/s]  9% 5761/61865 [00:01<00:11, 4864.90it/s] 10% 6239/61865 [00:01<00:11, 4802.86it/s] 11% 6713/61865 [00:01<00:11, 4759.96it/s] 12% 7212/61865 [00:01<00:11, 4826.31it/s] 12% 7692/61865 [00:01<00:11, 4713.62it/s] 13% 8162/61865 [00:01<00:11, 4622.22it/s] 14% 8624/61865 [00:01<00:11, 4501.69it/s] 15% 9124/61865 [00:01<00:11, 4639.38it/s] 16% 9617/61865 [00:01<00:11, 4719.19it/s] 16% 10107/61865 [00:02<00:10, 4768.56it/s] 17% 10585/61865 [00:02<00:10, 4758.13it/s] 18% 11062/61865 [00:02<00:10, 4709.15it/s] 19% 11565/61865 [00:02<00:10, 4799.63it/s] 19% 12059/61865 [00:02<00:10, 4840.12it/s] 20% 12557/61865 [00:02<00:10, 4880.36it/s] 21% 13050/61865 [00:02<00:09, 4895.06it/s] 22% 13551/61865 [00:02<00:09, 4925.03it/s] 23% 14048/61865 [00:02<00:09, 4935.00it/s] 24% 14542/61865 [00:02<00:09, 4883.67it/s] 24% 15031/61865 [00:03<00:09, 4828.64it/s] 25% 15524/61865 [00:03<00:09, 4855.80it/s] 26% 16019/61865 [00:03<00:09, 4883.01it/s] 27% 16511/61865 [00:03<00:09, 4892.45it/s] 28% 17046/61865 [00:03<00:08, 5020.80it/s] 28% 17550/61865 [00:03<00:08, 5007.47it/s] 29% 18072/61865 [00:03<00:08, 5067.68it/s] 30% 18580/61865 [00:03<00:08, 5058.21it/s] 31% 19087/61865 [00:03<00:08, 5015.45it/s] 32% 19589/61865 [00:03<00:08, 5003.24it/s] 32% 20090/61865 [00:04<00:08, 4975.05it/s] 33% 20588/61865 [00:04<00:08, 4928.94it/s] 34% 21082/61865 [00:04<00:08, 4930.59it/s] 35% 21576/61865 [00:04<00:08, 4882.12it/s] 36% 22080/61865 [00:04<00:08, 4927.55it/s] 37% 22589/61865 [00:04<00:07, 4973.33it/s] 37% 23087/61865 [00:04<00:07, 4949.71it/s] 38% 23598/61865 [00:04<00:07, 4994.18it/s] 39% 24108/61865 [00:04<00:07, 5023.98it/s] 40% 24611/61865 [00:04<00:07, 5020.10it/s] 41% 25114/61865 [00:05<00:07, 5011.55it/s] 41% 25616/61865 [00:05<00:07, 4997.34it/s] 42% 26116/61865 [00:05<00:07, 4980.06it/s] 43% 26615/61865 [00:05<00:07, 4955.85it/s] 44% 27125/61865 [00:05<00:06, 4998.19it/s] 45% 27625/61865 [00:05<00:06, 4996.85it/s] 45% 28125/61865 [00:05<00:06, 4989.45it/s] 46% 28625/61865 [00:05<00:06, 4951.51it/s] 47% 29121/61865 [00:05<00:06, 4904.94it/s] 48% 29627/61865 [00:05<00:06, 4949.97it/s] 49% 30133/61865 [00:06<00:06, 4980.17it/s] 50% 30633/61865 [00:06<00:06, 4984.58it/s] 50% 31132/61865 [00:06<00:06, 4985.45it/s] 51% 31637/61865 [00:06<00:06, 5002.74it/s] 52% 32138/61865 [00:06<00:05, 4967.71it/s] 53% 32635/61865 [00:06<00:05, 4912.06it/s] 54% 33131/61865 [00:06<00:05, 4924.10it/s] 54% 33634/61865 [00:06<00:05, 4954.68it/s] 55% 34137/61865 [00:06<00:05, 4975.00it/s] 56% 34648/61865 [00:06<00:05, 5013.53it/s] 57% 35150/61865 [00:07<00:05, 4937.09it/s] 58% 35645/61865 [00:07<00:05, 4878.95it/s] 58% 36139/61865 [00:07<00:05, 4894.63it/s] 59% 36629/61865 [00:07<00:05, 4893.48it/s] 60% 37143/61865 [00:07<00:04, 4963.18it/s] 61% 37653/61865 [00:07<00:04, 5001.23it/s] 62% 38164/61865 [00:07<00:04, 5033.14it/s] 63% 38668/61865 [00:07<00:04, 5015.72it/s] 63% 39170/61865 [00:07<00:04, 4999.59it/s] 64% 39688/61865 [00:08<00:04, 5051.84it/s] 65% 40195/61865 [00:08<00:04, 5057.13it/s] 66% 40701/61865 [00:08<00:04, 5006.26it/s] 67% 41202/61865 [00:08<00:04, 4981.27it/s] 67% 41706/61865 [00:08<00:04, 4996.35it/s] 68% 42208/61865 [00:08<00:03, 5001.67it/s] 69% 42709/61865 [00:08<00:03, 4935.37it/s] 70% 43222/61865 [00:08<00:03, 4990.29it/s] 71% 43728/61865 [00:08<00:03, 5010.71it/s] 72% 44236/61865 [00:08<00:03, 5028.48it/s] 72% 44758/61865 [00:09<00:03, 5083.62it/s] 73% 45269/61865 [00:09<00:03, 5088.42it/s] 74% 45779/61865 [00:09<00:03, 5033.36it/s] 75% 46283/61865 [00:09<00:03, 5003.36it/s] 76% 46785/61865 [00:09<00:03, 5005.61it/s] 76% 47298/61865 [00:09<00:02, 5039.13it/s] 77% 47803/61865 [00:09<00:02, 5011.89it/s] 78% 48305/61865 [00:09<00:02, 4981.09it/s] 79% 48804/61865 [00:09<00:02, 4880.05it/s] 80% 49293/61865 [00:09<00:02, 4815.27it/s] 80% 49776/61865 [00:10<00:02, 4748.75it/s] 81% 50252/61865 [00:10<00:02, 4627.97it/s] 82% 50716/61865 [00:10<00:02, 4603.50it/s] 83% 51178/61865 [00:10<00:02, 4555.32it/s] 83% 51635/61865 [00:10<00:02, 4516.92it/s] 84% 52088/61865 [00:10<00:02, 4403.25it/s] 85% 52530/61865 [00:10<00:02, 4038.01it/s] 86% 53002/61865 [00:10<00:02, 4219.13it/s] 86% 53431/61865 [00:10<00:02, 4067.22it/s] 87% 53902/61865 [00:11<00:01, 4240.73it/s] 88% 54333/61865 [00:11<00:01, 4149.88it/s] 89% 54814/61865 [00:11<00:01, 4326.84it/s] 89% 55272/61865 [00:11<00:01, 4399.28it/s] 90% 55716/61865 [00:11<00:01, 4262.32it/s] 91% 56189/61865 [00:11<00:01, 4391.45it/s] 92% 56638/61865 [00:11<00:01, 4418.66it/s] 92% 57083/61865 [00:11<00:01, 4203.08it/s] 93% 57508/61865 [00:11<00:01, 3765.01it/s] 94% 57896/61865 [00:12<00:01, 3432.31it/s] 94% 58253/61865 [00:12<00:01, 3160.68it/s] 95% 58583/61865 [00:12<00:01, 3145.00it/s] 95% 59071/61865 [00:12<00:00, 3520.27it/s] 96% 59612/61865 [00:12<00:00, 3930.97it/s] 97% 60036/61865 [00:12<00:00, 3966.75it/s] 98% 60503/61865 [00:12<00:00, 4152.71it/s] 99% 61049/61865 [00:12<00:00, 4474.03it/s]100% 61591/61865 [00:12<00:00, 4720.94it/s]100% 61865/61865 [00:12<00:00, 4784.74it/s]
Total scaffolds = 30,615 | train scaffolds = 24,639 | val scaffolds = 3,133 | test scaffolds = 2,843
/home/apappu/thesis/molecule-metalearning/chemprop/chemprop/data/scaffold.py:152: RuntimeWarning: Mean of empty slice
  target_avgs.append(np.nanmean(targets, axis=0))
Label averages per scaffold, in decreasing order of scaffold frequency,capped at 10 scaffolds and 20 labels: [(array([nan, nan, nan, nan, nan, nan, nan, nan, nan, nan, nan, nan, nan,
       nan, nan, nan, nan, nan, nan, nan]), array([0, 0, 0, 0, 0, 0, 0, 0, 0, 0, 0, 0, 0, 0, 0, 0, 0, 0, 0, 0])), (array([nan, nan, nan, nan, nan, nan, nan, nan, nan, nan, nan, nan, nan,
       nan, nan, 0.5, nan, nan, nan, nan]), array([0, 0, 0, 0, 0, 0, 0, 0, 0, 0, 0, 0, 0, 0, 0, 2, 0, 0, 0, 0])), (array([nan, nan, nan, nan, nan, nan, nan, nan, nan, nan, nan, nan, nan,
       nan, nan, nan, nan, nan, nan, nan]), array([0, 0, 0, 0, 0, 0, 0, 0, 0, 0, 0, 0, 0, 0, 0, 0, 0, 0, 0, 0])), (array([nan, nan, nan, nan, nan, nan, nan, nan, nan, nan, nan, nan, nan,
       nan, nan, nan, nan, nan, nan, nan]), array([0, 0, 0, 0, 0, 0, 0, 0, 0, 0, 0, 0, 0, 0, 0, 0, 0, 0, 0, 0])), (array([nan, nan, nan, nan, nan, nan, nan, nan, nan, nan, nan, nan, nan,
       nan, nan, nan, nan, nan, nan, nan]), array([0, 0, 0, 0, 0, 0, 0, 0, 0, 0, 0, 0, 0, 0, 0, 0, 0, 0, 0, 0])), (array([nan, nan, nan, nan, nan, nan, nan, nan, nan, nan, nan, nan, nan,
       nan, nan, nan, nan, nan, nan, nan]), array([0, 0, 0, 0, 0, 0, 0, 0, 0, 0, 0, 0, 0, 0, 0, 0, 0, 0, 0, 0])), (array([nan, nan, nan, nan, nan, nan, nan, nan, nan, nan, nan, nan, nan,
       nan, nan, nan, nan, nan, nan, nan]), array([0, 0, 0, 0, 0, 0, 0, 0, 0, 0, 0, 0, 0, 0, 0, 0, 0, 0, 0, 0])), (array([nan, nan, nan, nan, nan, nan, nan, nan, nan, nan, nan, nan, nan,
       nan, nan, nan, nan, nan, nan, nan]), array([0, 0, 0, 0, 0, 0, 0, 0, 0, 0, 0, 0, 0, 0, 0, 0, 0, 0, 0, 0])), (array([nan, nan, nan, nan, nan, nan, nan, nan, nan, nan, nan, nan, nan,
       nan, nan, nan, nan, nan, nan, nan]), array([0, 0, 0, 0, 0, 0, 0, 0, 0, 0, 0, 0, 0, 0, 0, 0, 0, 0, 0, 0])), (array([nan, nan, nan, nan, nan, nan, nan, nan, nan, nan, nan, nan, nan,
       nan, nan, nan, nan, nan, nan, nan]), array([0, 0, 0, 0, 0, 0, 0, 0, 0, 0, 0, 0, 0, 0, 0, 0, 0, 0, 0, 0]))]
Class sizes
CHEMBL1033994 0: 41.98%, 1: 58.02%
CHEMBL1119333 0: 9.59%, 1: 90.41%
CHEMBL1217000 0: 52.41%, 1: 47.59%
CHEMBL1243965 0: 17.11%, 1: 82.89%
CHEMBL1243966 0: 41.96%, 1: 58.04%
CHEMBL1243967 0: 10.17%, 1: 89.83%
CHEMBL1243968 0: 15.06%, 1: 84.94%
CHEMBL1243970 0: 6.91%, 1: 93.09%
CHEMBL1243972 0: 9.92%, 1: 90.08%
CHEMBL1243976 0: 28.99%, 1: 71.01%
CHEMBL1246087 0: 33.88%, 1: 66.12%
CHEMBL1246088 0: 48.37%, 1: 51.63%
CHEMBL1613762 0: 2.45%, 1: 97.55%
CHEMBL1613779 0: 58.47%, 1: 41.53%
CHEMBL1613785 0: 43.22%, 1: 56.78%
CHEMBL1613787 0: 69.08%, 1: 30.92%
CHEMBL1613807 0: 95.99%, 1: 4.01%
CHEMBL1613813 0: 44.20%, 1: 55.80%
CHEMBL1613814 0: 53.85%, 1: 46.15%
CHEMBL1613817 0: 84.86%, 1: 15.14%
CHEMBL1613853 0: 41.86%, 1: 58.14%
CHEMBL1613861 0: 14.47%, 1: 85.53%
CHEMBL1613864 0: 5.19%, 1: 94.81%
CHEMBL1613867 0: 97.13%, 1: 2.87%
CHEMBL1613870 0: 15.80%, 1: 84.20%
CHEMBL1613871 0: 6.15%, 1: 93.85%
CHEMBL1613874 0: 65.78%, 1: 34.22%
CHEMBL1613876 0: 54.35%, 1: 45.65%
CHEMBL1613884 0: 21.51%, 1: 78.49%
CHEMBL1613890 0: 34.85%, 1: 65.15%
CHEMBL1613897 0: 46.64%, 1: 53.36%
CHEMBL1613898 0: 75.45%, 1: 24.55%
CHEMBL1613904 0: 50.77%, 1: 49.23%
CHEMBL1613907 0: 5.34%, 1: 94.66%
CHEMBL1613926 0: 30.15%, 1: 69.85%
CHEMBL1613928 0: 45.90%, 1: 54.10%
CHEMBL1613929 0: 81.25%, 1: 18.75%
CHEMBL1613941 0: 32.58%, 1: 67.42%
CHEMBL1613942 0: 41.43%, 1: 58.57%
CHEMBL1613947 0: 46.01%, 1: 53.99%
CHEMBL1613949 0: 60.13%, 1: 39.87%
CHEMBL1613950 0: 43.05%, 1: 56.95%
CHEMBL1613955 0: 54.04%, 1: 45.96%
CHEMBL1613962 0: 24.26%, 1: 75.74%
CHEMBL1613967 0: 44.59%, 1: 55.41%
CHEMBL1613981 0: 58.85%, 1: 41.15%
CHEMBL1613991 0: 14.98%, 1: 85.02%
CHEMBL1613997 0: 7.73%, 1: 92.27%
CHEMBL1614001 0: 98.28%, 1: 1.72%
CHEMBL1614004 0: 14.66%, 1: 85.34%
CHEMBL1614016 0: 12.22%, 1: 87.78%
CHEMBL1614030 0: 19.96%, 1: 80.04%
CHEMBL1614034 0: 2.63%, 1: 97.37%
CHEMBL1614035 0: 77.14%, 1: 22.86%
CHEMBL1614049 0: 39.63%, 1: 60.37%
CHEMBL1614053 0: 42.48%, 1: 57.52%
CHEMBL1614063 0: 95.18%, 1: 4.82%
CHEMBL1614065 0: 9.71%, 1: 90.29%
CHEMBL1614066 0: 94.74%, 1: 5.26%
CHEMBL1614069 0: 56.82%, 1: 43.18%
CHEMBL1614072 0: 50.36%, 1: 49.64%
CHEMBL1614084 0: 13.26%, 1: 86.74%
CHEMBL1614091 0: 4.43%, 1: 95.57%
CHEMBL1614092 0: 47.50%, 1: 52.50%
CHEMBL1614097 0: 46.99%, 1: 53.01%
CHEMBL1614098 0: 97.25%, 1: 2.75%
CHEMBL1614104 0: 7.74%, 1: 92.26%
CHEMBL1614105 0: 6.12%, 1: 93.88%
CHEMBL1614109 0: 59.87%, 1: 40.13%
CHEMBL1614128 0: 10.35%, 1: 89.65%
CHEMBL1614131 0: 97.14%, 1: 2.86%
CHEMBL1614132 0: 42.07%, 1: 57.93%
CHEMBL1614138 0: 67.83%, 1: 32.17%
CHEMBL1614155 0: 25.40%, 1: 74.60%
CHEMBL1614158 0: 74.52%, 1: 25.48%
CHEMBL1614167 0: 16.17%, 1: 83.83%
CHEMBL1614170 0: 68.86%, 1: 31.14%
CHEMBL1614171 0: 93.77%, 1: 6.23%
CHEMBL1614175 0: 80.66%, 1: 19.34%
CHEMBL1614185 0: 26.17%, 1: 73.83%
CHEMBL1614197 0: 5.26%, 1: 94.74%
CHEMBL1614199 0: 49.66%, 1: 50.34%
CHEMBL1614202 0: 7.32%, 1: 92.68%
CHEMBL1614215 0: 52.76%, 1: 47.24%
CHEMBL1614216 0: 48.52%, 1: 51.48%
CHEMBL1614218 0: 22.36%, 1: 77.64%
CHEMBL1614225 0: 62.50%, 1: 37.50%
CHEMBL1614244 0: 38.85%, 1: 61.15%
CHEMBL1614247 0: 44.34%, 1: 55.66%
CHEMBL1614252 0: 60.11%, 1: 39.89%
CHEMBL1614255 0: 61.26%, 1: 38.74%
CHEMBL1614259 0: 32.82%, 1: 67.18%
CHEMBL1614272 0: 67.71%, 1: 32.29%
CHEMBL1614276 0: 51.74%, 1: 48.26%
CHEMBL1614287 0: 85.53%, 1: 14.47%
CHEMBL1614288 0: 72.51%, 1: 27.49%
CHEMBL1614290 0: 4.51%, 1: 95.49%
CHEMBL1614295 0: 2.29%, 1: 97.71%
CHEMBL1614301 0: 19.74%, 1: 80.26%
CHEMBL1614304 0: 63.76%, 1: 36.24%
CHEMBL1614309 0: 27.66%, 1: 72.34%
CHEMBL1614311 0: 53.76%, 1: 46.24%
CHEMBL1614314 0: 94.70%, 1: 5.30%
CHEMBL1614319 0: 72.16%, 1: 27.84%
CHEMBL1614320 0: 29.79%, 1: 70.21%
CHEMBL1614321 0: 60.16%, 1: 39.84%
CHEMBL1614328 0: 46.64%, 1: 53.36%
CHEMBL1614329 0: 40.69%, 1: 59.31%
CHEMBL1614336 0: 47.01%, 1: 52.99%
CHEMBL1614344 0: 67.72%, 1: 32.28%
CHEMBL1614356 0: 43.90%, 1: 56.10%
CHEMBL1614359 0: 50.26%, 1: 49.74%
CHEMBL1614363 0: 53.19%, 1: 46.81%
CHEMBL1614385 0: 93.27%, 1: 6.73%
CHEMBL1614388 0: 56.19%, 1: 43.81%
CHEMBL1614393 0: 45.00%, 1: 55.00%
CHEMBL1614395 0: 11.32%, 1: 88.68%
CHEMBL1614403 0: 88.15%, 1: 11.85%
CHEMBL1614423 0: 57.84%, 1: 42.16%
CHEMBL1614425 0: 38.24%, 1: 61.76%
CHEMBL1614433 0: 60.77%, 1: 39.23%
CHEMBL1614434 0: 80.25%, 1: 19.75%
CHEMBL1614456 0: 3.36%, 1: 96.64%
CHEMBL1614466 0: 10.32%, 1: 89.68%
CHEMBL1614469 0: 24.90%, 1: 75.10%
CHEMBL1614477 0: 43.75%, 1: 56.25%
CHEMBL1614478 0: 12.50%, 1: 87.50%
CHEMBL1614480 0: 85.71%, 1: 14.29%
CHEMBL1614484 0: 9.01%, 1: 90.99%
CHEMBL1614492 0: 40.54%, 1: 59.46%
CHEMBL1614499 0: 44.47%, 1: 55.53%
CHEMBL1614503 0: 40.30%, 1: 59.70%
CHEMBL1614504 0: 17.80%, 1: 82.20%
CHEMBL1614509 0: 79.43%, 1: 20.57%
CHEMBL1614512 0: 62.79%, 1: 37.21%
CHEMBL1614514 0: 83.07%, 1: 16.93%
CHEMBL1614515 0: 19.61%, 1: 80.39%
CHEMBL1614516 0: 96.81%, 1: 3.19%
CHEMBL1614522 0: 28.55%, 1: 71.45%
CHEMBL1614524 0: 12.98%, 1: 87.02%
CHEMBL1614528 0: 40.91%, 1: 59.09%
CHEMBL1614547 0: 72.51%, 1: 27.49%
CHEMBL1614548 0: 17.95%, 1: 82.05%
CHEMBL1614549 0: 84.25%, 1: 15.75%
CHEMBL1614550 0: 9.30%, 1: 90.70%
CHEMBL1614554 0: 71.64%, 1: 28.36%
CHEMBL1676103 0: 39.85%, 1: 60.15%
CHEMBL1737860 0: 3.60%, 1: 96.40%
CHEMBL1737863 0: 36.27%, 1: 63.73%
CHEMBL1737865 0: 61.01%, 1: 38.99%
CHEMBL1737868 0: 79.41%, 1: 20.59%
CHEMBL1737910 0: 45.71%, 1: 54.29%
CHEMBL1737912 0: 26.51%, 1: 73.49%
CHEMBL1737942 0: 44.52%, 1: 55.48%
CHEMBL1737951 0: 51.83%, 1: 48.17%
CHEMBL1737961 0: 93.34%, 1: 6.66%
CHEMBL1737966 0: 21.36%, 1: 78.64%
CHEMBL1737967 0: 89.17%, 1: 10.83%
CHEMBL1737977 0: 13.87%, 1: 86.13%
CHEMBL1737978 0: 18.18%, 1: 81.82%
CHEMBL1737979 0: 8.94%, 1: 91.06%
CHEMBL1738019 0: 24.85%, 1: 75.15%
CHEMBL1738021 0: 10.87%, 1: 89.13%
CHEMBL1738025 0: 33.80%, 1: 66.20%
CHEMBL1738040 0: 73.48%, 1: 26.52%
CHEMBL1738043 0: 46.43%, 1: 53.57%
CHEMBL1738079 0: 3.88%, 1: 96.12%
CHEMBL1738080 0: 76.43%, 1: 23.57%
CHEMBL1738091 0: 89.77%, 1: 10.23%
CHEMBL1738097 0: 72.41%, 1: 27.59%
CHEMBL1738131 0: 68.59%, 1: 31.41%
CHEMBL1738164 0: 79.79%, 1: 20.21%
CHEMBL1738171 0: 85.45%, 1: 14.55%
CHEMBL1738183 0: 59.62%, 1: 40.38%
CHEMBL1738197 0: 36.90%, 1: 63.10%
CHEMBL1738202 0: 3.47%, 1: 96.53%
CHEMBL1738242 0: 16.55%, 1: 83.45%
CHEMBL1738249 0: 86.53%, 1: 13.47%
CHEMBL1738253 0: 7.33%, 1: 92.67%
CHEMBL1738319 0: 59.17%, 1: 40.83%
CHEMBL1738325 0: 96.86%, 1: 3.14%
CHEMBL1738362 0: 21.43%, 1: 78.57%
CHEMBL1738369 0: 56.34%, 1: 43.66%
CHEMBL1738371 0: 81.97%, 1: 18.03%
CHEMBL1738391 0: 68.38%, 1: 31.62%
CHEMBL1738400 0: 77.86%, 1: 22.14%
CHEMBL1738402 0: 54.19%, 1: 45.81%
CHEMBL1738407 0: 85.58%, 1: 14.42%
CHEMBL1738408 0: 2.18%, 1: 97.82%
CHEMBL1738414 0: 5.11%, 1: 94.89%
CHEMBL1738418 0: 68.85%, 1: 31.15%
CHEMBL1738422 0: 4.29%, 1: 95.71%
CHEMBL1738424 0: 77.50%, 1: 22.50%
CHEMBL1738430 0: 25.54%, 1: 74.46%
CHEMBL1738438 0: 2.76%, 1: 97.24%
CHEMBL1738482 0: 7.69%, 1: 92.31%
CHEMBL1738485 0: 17.65%, 1: 82.35%
CHEMBL1738494 0: 97.26%, 1: 2.74%
CHEMBL1738495 0: 1.70%, 1: 98.30%
CHEMBL1738497 0: 64.50%, 1: 35.50%
CHEMBL1738502 0: 15.20%, 1: 84.80%
CHEMBL1738510 0: 54.41%, 1: 45.59%
CHEMBL1738512 0: 3.05%, 1: 96.95%
CHEMBL1738513 0: 28.64%, 1: 71.36%
CHEMBL1738552 0: 64.70%, 1: 35.30%
CHEMBL1738575 0: 65.65%, 1: 34.35%
CHEMBL1738578 0: 23.30%, 1: 76.70%
CHEMBL1738579 0: 22.79%, 1: 77.21%
CHEMBL1738593 0: 17.65%, 1: 82.35%
CHEMBL1738599 0: 16.07%, 1: 83.93%
CHEMBL1738602 0: 42.70%, 1: 57.30%
CHEMBL1738610 0: 42.07%, 1: 57.93%
CHEMBL1738611 0: 2.23%, 1: 97.77%
CHEMBL1738632 0: 86.32%, 1: 13.68%
CHEMBL1738633 0: 4.05%, 1: 95.95%
CHEMBL1738639 0: 64.47%, 1: 35.53%
CHEMBL1738642 0: 34.82%, 1: 65.18%
CHEMBL1738670 0: 9.18%, 1: 90.82%
CHEMBL1738673 0: 12.98%, 1: 87.02%
CHEMBL1738679 0: 63.95%, 1: 36.05%
CHEMBL1738682 0: 62.45%, 1: 37.55%
CHEMBL1794296 0: 44.02%, 1: 55.98%
CHEMBL1794303 0: 2.71%, 1: 97.29%
CHEMBL1794320 0: 96.68%, 1: 3.32%
CHEMBL1794327 0: 91.59%, 1: 8.41%
CHEMBL1794336 0: 53.07%, 1: 46.93%
CHEMBL1794350 0: 3.44%, 1: 96.56%
CHEMBL1794355 0: 5.26%, 1: 94.74%
CHEMBL1794356 0: 13.92%, 1: 86.08%
CHEMBL1794358 0: 94.14%, 1: 5.86%
CHEMBL1794365 0: 7.12%, 1: 92.88%
CHEMBL1794383 0: 6.90%, 1: 93.10%
CHEMBL1794387 0: 65.04%, 1: 34.96%
CHEMBL1794393 0: 67.55%, 1: 32.45%
CHEMBL1794396 0: 3.96%, 1: 96.04%
CHEMBL1794410 0: 23.98%, 1: 76.02%
CHEMBL1794413 0: 6.02%, 1: 93.98%
CHEMBL1794438 0: 40.17%, 1: 59.83%
CHEMBL1794445 0: 87.84%, 1: 12.16%
CHEMBL1794452 0: 94.30%, 1: 5.70%
CHEMBL1794457 0: 92.98%, 1: 7.02%
CHEMBL1794460 0: 28.63%, 1: 71.37%
CHEMBL1794467 0: 18.39%, 1: 81.61%
CHEMBL1794475 0: 56.02%, 1: 43.98%
CHEMBL1794484 0: 44.93%, 1: 55.07%
CHEMBL1794494 0: 5.33%, 1: 94.67%
CHEMBL1794497 0: 8.47%, 1: 91.53%
CHEMBL1794499 0: 73.90%, 1: 26.10%
CHEMBL1794508 0: 94.63%, 1: 5.37%
CHEMBL1794516 0: 3.21%, 1: 96.79%
CHEMBL1794522 0: 58.65%, 1: 41.35%
CHEMBL1794528 0: 79.86%, 1: 20.14%
CHEMBL1794531 0: 92.03%, 1: 7.97%
CHEMBL1794548 0: 88.74%, 1: 11.26%
CHEMBL1794566 0: 6.05%, 1: 93.95%
CHEMBL1794567 0: 9.61%, 1: 90.39%
CHEMBL1794570 0: 92.79%, 1: 7.21%
CHEMBL1794571 0: 53.55%, 1: 46.45%
CHEMBL1794573 0: 10.54%, 1: 89.46%
CHEMBL1794574 0: 1.09%, 1: 98.91%
CHEMBL1794578 0: 46.99%, 1: 53.01%
CHEMBL1794581 0: 19.65%, 1: 80.35%
CHEMBL1863510 0: 2.14%, 1: 97.86%
CHEMBL1863512 0: 2.79%, 1: 97.21%
CHEMBL1909084 0: 99.28%, 1: 0.72%
CHEMBL1909085 0: 92.10%, 1: 7.90%
CHEMBL1909086 0: 91.52%, 1: 8.48%
CHEMBL1909087 0: 91.86%, 1: 8.14%
CHEMBL1909088 0: 87.97%, 1: 12.03%
CHEMBL1909089 0: 88.69%, 1: 11.31%
CHEMBL1909090 0: 90.81%, 1: 9.19%
CHEMBL1909091 0: 97.24%, 1: 2.76%
CHEMBL1909092 0: 97.14%, 1: 2.86%
CHEMBL1909093 0: 98.42%, 1: 1.58%
CHEMBL1909094 0: 90.85%, 1: 9.15%
CHEMBL1909095 0: 98.56%, 1: 1.44%
CHEMBL1909097 0: 99.28%, 1: 0.72%
CHEMBL1909102 0: 92.94%, 1: 7.06%
CHEMBL1909103 0: 97.23%, 1: 2.77%
CHEMBL1909104 0: 87.06%, 1: 12.94%
CHEMBL1909105 0: 88.70%, 1: 11.30%
CHEMBL1909106 0: 98.57%, 1: 1.43%
CHEMBL1909107 0: 97.86%, 1: 2.14%
CHEMBL1909108 0: 93.04%, 1: 6.96%
CHEMBL1909109 0: 90.35%, 1: 9.65%
CHEMBL1909110 0: 92.47%, 1: 7.53%
CHEMBL1909111 0: 94.03%, 1: 5.97%
CHEMBL1909112 0: 90.91%, 1: 9.09%
CHEMBL1909114 0: 96.50%, 1: 3.50%
CHEMBL1909115 0: 96.00%, 1: 4.00%
CHEMBL1909116 0: 96.98%, 1: 3.02%
CHEMBL1909121 0: 92.80%, 1: 7.20%
CHEMBL1909123 0: 99.16%, 1: 0.84%
CHEMBL1909124 0: 99.40%, 1: 0.60%
CHEMBL1909130 0: 95.56%, 1: 4.44%
CHEMBL1909131 0: 97.01%, 1: 2.99%
CHEMBL1909132 0: 96.15%, 1: 3.85%
CHEMBL1909134 0: 95.19%, 1: 4.81%
CHEMBL1909135 0: 95.76%, 1: 4.24%
CHEMBL1909136 0: 93.20%, 1: 6.80%
CHEMBL1909138 0: 96.16%, 1: 3.84%
CHEMBL1909139 0: 93.84%, 1: 6.16%
CHEMBL1909140 0: 93.87%, 1: 6.13%
CHEMBL1909141 0: 89.73%, 1: 10.27%
CHEMBL1909142 0: 99.04%, 1: 0.96%
CHEMBL1909143 0: 93.01%, 1: 6.99%
CHEMBL1909145 0: 97.97%, 1: 2.03%
CHEMBL1909148 0: 98.57%, 1: 1.43%
CHEMBL1909150 0: 95.10%, 1: 4.90%
CHEMBL1909156 0: 94.28%, 1: 5.72%
CHEMBL1909157 0: 96.38%, 1: 3.62%
CHEMBL1909158 0: 99.05%, 1: 0.95%
CHEMBL1909159 0: 93.18%, 1: 6.82%
CHEMBL1909165 0: 97.79%, 1: 2.21%
CHEMBL1909169 0: 98.32%, 1: 1.68%
CHEMBL1909170 0: 92.35%, 1: 7.65%
CHEMBL1909171 0: 93.29%, 1: 6.71%
CHEMBL1909172 0: 92.82%, 1: 7.18%
CHEMBL1909173 0: 92.38%, 1: 7.62%
CHEMBL1909174 0: 92.71%, 1: 7.29%
CHEMBL1909180 0: 98.20%, 1: 1.80%
CHEMBL1909181 0: 97.71%, 1: 2.29%
CHEMBL1909182 0: 96.99%, 1: 3.01%
CHEMBL1909184 0: 98.93%, 1: 1.07%
CHEMBL1909186 0: 99.52%, 1: 0.48%
CHEMBL1909190 0: 98.66%, 1: 1.34%
CHEMBL1909191 0: 94.99%, 1: 5.01%
CHEMBL1909192 0: 99.52%, 1: 0.48%
CHEMBL1909200 0: 97.97%, 1: 2.03%
CHEMBL1909201 0: 97.72%, 1: 2.28%
CHEMBL1909203 0: 98.05%, 1: 1.95%
CHEMBL1909204 0: 97.17%, 1: 2.83%
CHEMBL1909205 0: 98.67%, 1: 1.33%
CHEMBL1909206 0: 99.16%, 1: 0.84%
CHEMBL1909209 0: 92.34%, 1: 7.66%
CHEMBL1909210 0: 96.05%, 1: 3.95%
CHEMBL1909211 0: 88.80%, 1: 11.20%
CHEMBL1909212 0: 98.30%, 1: 1.70%
CHEMBL1909213 0: 99.28%, 1: 0.72%
CHEMBL1909214 0: 98.79%, 1: 1.21%
CHEMBL1909215 0: 95.61%, 1: 4.39%
CHEMBL1963686 0: 61.95%, 1: 38.05%
CHEMBL1963687 0: 64.42%, 1: 35.58%
CHEMBL1963688 0: 62.52%, 1: 37.48%
CHEMBL1963689 0: 89.69%, 1: 10.31%
CHEMBL1963690 0: 57.36%, 1: 42.64%
CHEMBL1963691 0: 49.33%, 1: 50.67%
CHEMBL1963692 0: 53.73%, 1: 46.27%
CHEMBL1963693 0: 71.00%, 1: 29.00%
CHEMBL1963694 0: 91.05%, 1: 8.95%
CHEMBL1963695 0: 74.90%, 1: 25.10%
CHEMBL1963696 0: 77.85%, 1: 22.15%
CHEMBL1963697 0: 74.06%, 1: 25.94%
CHEMBL1963698 0: 74.60%, 1: 25.40%
CHEMBL1963699 0: 83.18%, 1: 16.82%
CHEMBL1963701 0: 67.32%, 1: 32.68%
CHEMBL1963702 0: 83.82%, 1: 16.18%
CHEMBL1963703 0: 68.65%, 1: 31.35%
CHEMBL1963704 0: 65.28%, 1: 34.72%
CHEMBL1963705 0: 55.92%, 1: 44.08%
CHEMBL1963706 0: 53.38%, 1: 46.62%
CHEMBL1963707 0: 53.25%, 1: 46.75%
CHEMBL1963708 0: 48.77%, 1: 51.23%
CHEMBL1963710 0: 63.21%, 1: 36.79%
CHEMBL1963711 0: 94.72%, 1: 5.28%
CHEMBL1963712 0: 75.76%, 1: 24.24%
CHEMBL1963714 0: 74.21%, 1: 25.79%
CHEMBL1963715 0: 50.28%, 1: 49.72%
CHEMBL1963716 0: 91.91%, 1: 8.09%
CHEMBL1963717 0: 55.50%, 1: 44.50%
CHEMBL1963718 0: 65.45%, 1: 34.55%
CHEMBL1963719 0: 63.39%, 1: 36.61%
CHEMBL1963720 0: 69.73%, 1: 30.27%
CHEMBL1963721 0: 56.94%, 1: 43.06%
CHEMBL1963722 0: 49.40%, 1: 50.60%
CHEMBL1963723 0: 53.82%, 1: 46.18%
CHEMBL1963724 0: 67.32%, 1: 32.68%
CHEMBL1963725 0: 69.97%, 1: 30.03%
CHEMBL1963727 0: 56.59%, 1: 43.41%
CHEMBL1963728 0: 92.02%, 1: 7.98%
CHEMBL1963729 0: 84.64%, 1: 15.36%
CHEMBL1963731 0: 61.35%, 1: 38.65%
CHEMBL1963733 0: 79.77%, 1: 20.23%
CHEMBL1963734 0: 79.51%, 1: 20.49%
CHEMBL1963735 0: 71.66%, 1: 28.34%
CHEMBL1963736 0: 78.32%, 1: 21.68%
CHEMBL1963737 0: 86.79%, 1: 13.21%
CHEMBL1963738 0: 61.18%, 1: 38.82%
CHEMBL1963739 0: 84.32%, 1: 15.68%
CHEMBL1963740 0: 64.30%, 1: 35.70%
CHEMBL1963741 0: 67.03%, 1: 32.97%
CHEMBL1963742 0: 73.47%, 1: 26.53%
CHEMBL1963743 0: 66.24%, 1: 33.76%
CHEMBL1963744 0: 71.97%, 1: 28.03%
CHEMBL1963745 0: 67.16%, 1: 32.84%
CHEMBL1963746 0: 66.34%, 1: 33.66%
CHEMBL1963747 0: 81.33%, 1: 18.67%
CHEMBL1963748 0: 58.75%, 1: 41.25%
CHEMBL1963749 0: 55.02%, 1: 44.98%
CHEMBL1963750 0: 58.61%, 1: 41.39%
CHEMBL1963751 0: 70.90%, 1: 29.10%
CHEMBL1963752 0: 64.78%, 1: 35.22%
CHEMBL1963753 0: 88.02%, 1: 11.98%
CHEMBL1963754 0: 59.12%, 1: 40.88%
CHEMBL1963756 0: 61.66%, 1: 38.34%
CHEMBL1963757 0: 73.28%, 1: 26.72%
CHEMBL1963758 0: 82.56%, 1: 17.44%
CHEMBL1963759 0: 81.38%, 1: 18.62%
CHEMBL1963760 0: 86.36%, 1: 13.64%
CHEMBL1963761 0: 83.63%, 1: 16.37%
CHEMBL1963763 0: 72.14%, 1: 27.86%
CHEMBL1963764 0: 62.50%, 1: 37.50%
CHEMBL1963765 0: 86.41%, 1: 13.59%
CHEMBL1963766 0: 81.38%, 1: 18.62%
CHEMBL1963767 0: 77.76%, 1: 22.24%
CHEMBL1963768 0: 77.63%, 1: 22.37%
CHEMBL1963770 0: 89.44%, 1: 10.56%
CHEMBL1963771 0: 53.53%, 1: 46.47%
CHEMBL1963772 0: 48.99%, 1: 51.01%
CHEMBL1963773 0: 59.00%, 1: 41.00%
CHEMBL1963775 0: 76.92%, 1: 23.08%
CHEMBL1963776 0: 87.71%, 1: 12.29%
CHEMBL1963777 0: 63.92%, 1: 36.08%
CHEMBL1963778 0: 51.70%, 1: 48.30%
CHEMBL1963779 0: 54.69%, 1: 45.31%
CHEMBL1963780 0: 89.06%, 1: 10.94%
CHEMBL1963781 0: 94.31%, 1: 5.69%
CHEMBL1963782 0: 75.86%, 1: 24.14%
CHEMBL1963783 0: 57.36%, 1: 42.64%
CHEMBL1963785 0: 70.10%, 1: 29.90%
CHEMBL1963786 0: 50.08%, 1: 49.92%
CHEMBL1963787 0: 66.39%, 1: 33.61%
CHEMBL1963789 0: 67.34%, 1: 32.66%
CHEMBL1963790 0: 57.93%, 1: 42.07%
CHEMBL1963791 0: 82.08%, 1: 17.92%
CHEMBL1963792 0: 85.73%, 1: 14.27%
CHEMBL1963793 0: 65.48%, 1: 34.52%
CHEMBL1963794 0: 77.53%, 1: 22.47%
CHEMBL1963795 0: 46.98%, 1: 53.02%
CHEMBL1963796 0: 69.76%, 1: 30.24%
CHEMBL1963797 0: 83.64%, 1: 16.36%
CHEMBL1963798 0: 89.45%, 1: 10.55%
CHEMBL1963799 0: 43.54%, 1: 56.46%
CHEMBL1963800 0: 64.88%, 1: 35.12%
CHEMBL1963801 0: 75.90%, 1: 24.10%
CHEMBL1963802 0: 61.41%, 1: 38.59%
CHEMBL1963803 0: 87.44%, 1: 12.56%
CHEMBL1963804 0: 65.90%, 1: 34.10%
CHEMBL1963805 0: 53.77%, 1: 46.23%
CHEMBL1963806 0: 41.19%, 1: 58.81%
CHEMBL1963807 0: 36.83%, 1: 63.17%
CHEMBL1963808 0: 68.82%, 1: 31.18%
CHEMBL1963809 0: 79.97%, 1: 20.03%
CHEMBL1963810 0: 43.69%, 1: 56.31%
CHEMBL1963811 0: 73.98%, 1: 26.02%
CHEMBL1963812 0: 53.08%, 1: 46.92%
CHEMBL1963813 0: 79.19%, 1: 20.81%
CHEMBL1963814 0: 51.10%, 1: 48.90%
CHEMBL1963815 0: 71.80%, 1: 28.20%
CHEMBL1963816 0: 89.64%, 1: 10.36%
CHEMBL1963817 0: 71.90%, 1: 28.10%
CHEMBL1963818 0: 55.13%, 1: 44.87%
CHEMBL1963819 0: 62.64%, 1: 37.36%
CHEMBL1963820 0: 84.46%, 1: 15.54%
CHEMBL1963821 0: 79.31%, 1: 20.69%
CHEMBL1963822 0: 90.91%, 1: 9.09%
CHEMBL1963823 0: 76.61%, 1: 23.39%
CHEMBL1963824 0: 39.57%, 1: 60.43%
CHEMBL1963825 0: 51.12%, 1: 48.88%
CHEMBL1963826 0: 59.25%, 1: 40.75%
CHEMBL1963827 0: 50.74%, 1: 49.26%
CHEMBL1963828 0: 80.86%, 1: 19.14%
CHEMBL1963829 0: 86.41%, 1: 13.59%
CHEMBL1963831 0: 52.56%, 1: 47.44%
CHEMBL1963832 0: 72.98%, 1: 27.02%
CHEMBL1963833 0: 87.13%, 1: 12.87%
CHEMBL1963834 0: 59.69%, 1: 40.31%
CHEMBL1963836 0: 85.18%, 1: 14.82%
CHEMBL1963837 0: 26.01%, 1: 73.99%
CHEMBL1963838 0: 75.83%, 1: 24.17%
CHEMBL1963846 0: 85.07%, 1: 14.93%
CHEMBL1963867 0: 73.13%, 1: 26.87%
CHEMBL1963893 0: 85.61%, 1: 14.39%
CHEMBL1963898 0: 75.62%, 1: 24.38%
CHEMBL1963907 0: 64.35%, 1: 35.65%
CHEMBL1963910 0: 10.50%, 1: 89.50%
CHEMBL1963915 0: 15.00%, 1: 85.00%
CHEMBL1963916 0: 40.48%, 1: 59.52%
CHEMBL1963918 0: 73.35%, 1: 26.65%
CHEMBL1963930 0: 3.64%, 1: 96.36%
CHEMBL1963933 0: 93.91%, 1: 6.09%
CHEMBL1963934 0: 3.64%, 1: 96.36%
CHEMBL1963937 0: 39.27%, 1: 60.73%
CHEMBL1963938 0: 65.85%, 1: 34.15%
CHEMBL1963940 0: 33.79%, 1: 66.21%
CHEMBL1963947 0: 6.25%, 1: 93.75%
CHEMBL1963966 0: 3.29%, 1: 96.71%
CHEMBL1963968 0: 51.52%, 1: 48.48%
CHEMBL1963969 0: 25.83%, 1: 74.17%
CHEMBL1963971 0: 10.20%, 1: 89.80%
CHEMBL1963974 0: 88.26%, 1: 11.74%
CHEMBL1963983 0: 76.39%, 1: 23.61%
CHEMBL1964000 0: 76.77%, 1: 23.23%
CHEMBL1964005 0: 6.67%, 1: 93.33%
CHEMBL1964010 0: 76.06%, 1: 23.94%
CHEMBL1964015 0: 73.77%, 1: 26.23%
CHEMBL1964022 0: 76.61%, 1: 23.39%
CHEMBL1964023 0: 73.75%, 1: 26.25%
CHEMBL1964081 0: 47.98%, 1: 52.02%
CHEMBL1964095 0: 65.41%, 1: 34.59%
CHEMBL1964096 0: 11.36%, 1: 88.64%
CHEMBL1964100 0: 79.62%, 1: 20.38%
CHEMBL1964101 0: 34.62%, 1: 65.38%
CHEMBL1964102 0: 71.54%, 1: 28.46%
CHEMBL1964103 0: 51.58%, 1: 48.42%
CHEMBL1964104 0: 63.88%, 1: 36.12%
CHEMBL1964105 0: 64.53%, 1: 35.47%
CHEMBL1964106 0: 57.96%, 1: 42.04%
CHEMBL1964108 0: 69.62%, 1: 30.38%
CHEMBL1964111 0: 73.41%, 1: 26.59%
CHEMBL1964112 0: 87.59%, 1: 12.41%
CHEMBL1964114 0: 61.11%, 1: 38.89%
CHEMBL1964115 0: 43.36%, 1: 56.64%
CHEMBL1964116 0: 70.55%, 1: 29.45%
CHEMBL1964117 0: 63.66%, 1: 36.34%
CHEMBL1964118 0: 60.33%, 1: 39.67%
CHEMBL1964119 0: 57.23%, 1: 42.77%
CHEMBL2028073 0: 76.99%, 1: 23.01%
CHEMBL2028074 0: 74.88%, 1: 25.12%
CHEMBL2028075 0: 56.46%, 1: 43.54%
CHEMBL2028076 0: 85.04%, 1: 14.96%
CHEMBL2028077 0: 96.19%, 1: 3.81%
CHEMBL2095143 0: 93.77%, 1: 6.23%
CHEMBL2098499 0: 74.45%, 1: 25.55%
CHEMBL2114715 0: 60.31%, 1: 39.69%
CHEMBL2114716 0: 12.27%, 1: 87.73%
CHEMBL2114719 0: 77.41%, 1: 22.59%
CHEMBL2114725 0: 51.74%, 1: 48.26%
CHEMBL2114727 0: 16.96%, 1: 83.04%
CHEMBL2114728 0: 9.82%, 1: 90.18%
CHEMBL2114737 0: 87.93%, 1: 12.07%
CHEMBL2114742 0: 33.90%, 1: 66.10%
CHEMBL2114748 0: 59.44%, 1: 40.56%
CHEMBL2114752 0: 15.02%, 1: 84.98%
CHEMBL2114753 0: 8.36%, 1: 91.64%
CHEMBL2114761 0: 78.40%, 1: 21.60%
CHEMBL2114764 0: 42.92%, 1: 57.08%
CHEMBL2114771 0: 64.02%, 1: 35.98%
CHEMBL2114791 0: 1.99%, 1: 98.01%
CHEMBL2114797 0: 42.41%, 1: 57.59%
CHEMBL2114811 0: 10.16%, 1: 89.84%
CHEMBL2114814 0: 44.98%, 1: 55.02%
CHEMBL2114816 0: 37.94%, 1: 62.06%
CHEMBL2114818 0: 4.15%, 1: 95.85%
CHEMBL2114820 0: 16.31%, 1: 83.69%
CHEMBL2114821 0: 18.77%, 1: 81.23%
CHEMBL2114823 0: 20.90%, 1: 79.10%
CHEMBL2114825 0: 18.62%, 1: 81.38%
CHEMBL2114827 0: 93.80%, 1: 6.20%
CHEMBL2114829 0: 25.17%, 1: 74.83%
CHEMBL2114830 0: 20.17%, 1: 79.83%
CHEMBL2114839 0: 28.69%, 1: 71.31%
CHEMBL2114842 0: 62.00%, 1: 38.00%
CHEMBL2114844 0: 32.59%, 1: 67.41%
CHEMBL2114847 0: 13.84%, 1: 86.16%
CHEMBL2114850 0: 8.62%, 1: 91.38%
CHEMBL2114852 0: 3.84%, 1: 96.16%
CHEMBL2114857 0: 50.00%, 1: 50.00%
CHEMBL2114858 0: 32.36%, 1: 67.64%
CHEMBL2114863 0: 33.55%, 1: 66.45%
CHEMBL2114865 0: 3.43%, 1: 96.57%
CHEMBL2114872 0: 9.51%, 1: 90.49%
CHEMBL2114874 0: 28.03%, 1: 71.97%
CHEMBL2114882 0: 92.25%, 1: 7.75%
CHEMBL2114896 0: 51.22%, 1: 48.78%
CHEMBL2114899 0: 87.76%, 1: 12.24%
CHEMBL2114909 0: 1.94%, 1: 98.06%
CHEMBL2114916 0: 42.50%, 1: 57.50%
CHEMBL2114926 0: 41.57%, 1: 58.43%
CHEMBL2114928 0: 86.06%, 1: 13.94%
CHEMBL2114930 0: 4.68%, 1: 95.32%
CHEMBL2114931 0: 97.44%, 1: 2.56%
CHEMBL2114932 0: 4.35%, 1: 95.65%
CHEMBL2354206 0: 93.86%, 1: 6.14%
CHEMBL2354207 0: 15.46%, 1: 84.54%
CHEMBL2354217 0: 20.69%, 1: 79.31%
CHEMBL2354227 0: 21.70%, 1: 78.30%
CHEMBL2354228 0: 59.88%, 1: 40.12%
CHEMBL2354248 0: 96.55%, 1: 3.45%
CHEMBL2354256 0: 7.85%, 1: 92.15%
CHEMBL2354269 0: 9.42%, 1: 90.58%
CHEMBL2354274 0: 5.26%, 1: 94.74%
CHEMBL2354276 0: 75.30%, 1: 24.70%
CHEMBL2354289 0: 34.38%, 1: 65.62%
CHEMBL2354292 0: 77.91%, 1: 22.09%
CHEMBL2354303 0: 86.76%, 1: 13.24%
CHEMBL2354305 0: 14.37%, 1: 85.63%
CHEMBL2354308 0: 9.09%, 1: 90.91%
CHEMBL2378059 0: 2.84%, 1: 97.16%
CHEMBL2449559 0: 17.37%, 1: 82.63%
CHEMBL3214794 0: 64.60%, 1: 35.40%
CHEMBL3214801 0: 28.46%, 1: 71.54%
CHEMBL3214812 0: 33.19%, 1: 66.81%
CHEMBL3214816 0: 25.43%, 1: 74.57%
CHEMBL3214851 0: 77.02%, 1: 22.98%
CHEMBL3214906 0: 61.72%, 1: 38.28%
CHEMBL3214907 0: 48.12%, 1: 51.88%
CHEMBL3214929 0: 44.25%, 1: 55.75%
