wandb: Tracking run with wandb version 0.9.3
wandb: Run data is saved locally in wandb/run-20200723_050908-ujvf8a18
wandb: Syncing run chemprop_0.6_dropout_5_mp_steps
wandb: ⭐️ View project at https://app.wandb.ai/apappu97/molecule-metalearning-chemprop
wandb: 🚀 View run at https://app.wandb.ai/apappu97/molecule-metalearning-chemprop/runs/ujvf8a18
wandb: Run `wandb off` to turn off syncing.

Fold 0
Command line
python chemprop/train.py --data_path filtered_chembl/chembl_less_1024_more_128_645_tasks.csv --dataset_type classification --split_type scaffold_balanced --dropout 0.6 --depth 5 --num_folds 2 --epochs 30 --results_save_dir results/initial_hyperparameter_tuning/ --experiment_name chemprop_0.6_dropout_5_mp_steps
Args
{'ANIL': False,
 'FO_MAML': False,
 'activation': 'ReLU',
 'atom_messages': False,
 'batch_size': 50,
 'bias': False,
 'cache_cutoff': 10000,
 'checkpoint_dir': None,
 'checkpoint_path': None,
 'checkpoint_paths': None,
 'chembl_assay_metadata_pickle_path': None,
 'class_balance': False,
 'config_path': None,
 'crossval_index_dir': None,
 'crossval_index_file': None,
 'crossval_index_sets': None,
 'data_path': 'filtered_chembl/chembl_less_1024_more_128_645_tasks.csv',
 'dataset_type': 'classification',
 'depth': 5,
 'dropout': 0.6,
 'dummy': False,
 'ensemble_size': 1,
 'epochs': 30,
 'experiment_name': 'chemprop_0.6_dropout_5_mp_steps',
 'features_generator': None,
 'features_only': False,
 'features_path': None,
 'features_size': None,
 'ffn_hidden_size': 300,
 'ffn_num_layers': 2,
 'final_lr': 0.0001,
 'folds_file': None,
 'gpu': None,
 'hidden_size': 300,
 'init_lr': 0.0001,
 'inner_loop_lr': 0.05,
 'log_frequency': 10,
 'max_data_size': None,
 'max_lr': 0.001,
 'meta_batch_size': 3,
 'meta_learning': False,
 'meta_test_epochs': 20,
 'meta_test_lr': 0.001,
 'meta_test_split_sizes': (0.8, 0.1, 0.1),
 'meta_train_split_sizes': (0.8, 0.2, 0),
 'metric': 'auc',
 'minimize_score': False,
 'multiclass_num_classes': 3,
 'no_cuda': False,
 'no_features_scaling': False,
 'num_folds': 2,
 'num_inner_gradient_steps': 2,
 'num_lrs': 1,
 'num_tasks': None,
 'num_workers': 8,
 'outer_loop_lr': 0.003,
 'pytorch_seed': 0,
 'quiet': False,
 'results_save_dir': 'results/initial_hyperparameter_tuning/',
 'save_dir': '/tmp/2282320.4.gpu.q/tmpsy773exf/fold_0',
 'save_smiles_splits': False,
 'seed': 0,
 'separate_test_features_path': None,
 'separate_test_path': None,
 'separate_val_features_path': None,
 'separate_val_path': None,
 'show_individual_scores': False,
 'smiles_column': None,
 'split_sizes': (0.8, 0.1, 0.1),
 'split_type': 'scaffold_balanced',
 'target_columns': None,
 'task_names': None,
 'test': False,
 'test_fold_index': None,
 'train_data_size': None,
 'undirected': False,
 'use_input_features': False,
 'val_fold_index': None,
 'warmup_epochs': 2.0}
Loading data
0it [00:00, ?it/s]418it [00:00, 4175.81it/s]826it [00:00, 4145.66it/s]1237it [00:00, 4134.38it/s]1689it [00:00, 4241.97it/s]2101it [00:00, 4203.50it/s]2565it [00:00, 4323.59it/s]3046it [00:00, 4424.32it/s]3504it [00:00, 4467.52it/s]3928it [00:00, 3680.64it/s]4402it [00:01, 3944.78it/s]4854it [00:01, 4099.17it/s]5331it [00:01, 4278.81it/s]5824it [00:01, 4453.90it/s]6302it [00:01, 4546.44it/s]6774it [00:01, 4596.36it/s]7257it [00:01, 4663.50it/s]7727it [00:01, 4616.30it/s]8191it [00:01, 3839.48it/s]8680it [00:02, 4103.27it/s]9207it [00:02, 4393.26it/s]9694it [00:02, 4524.15it/s]10162it [00:02, 4513.81it/s]10645it [00:02, 4603.31it/s]11114it [00:02, 4625.91it/s]11583it [00:02, 4616.62it/s]12063it [00:02, 4669.08it/s]12533it [00:02, 3962.80it/s]13038it [00:03, 4234.88it/s]13532it [00:03, 4422.38it/s]13991it [00:03, 4406.05it/s]14488it [00:03, 4560.88it/s]14964it [00:03, 4617.74it/s]15482it [00:03, 4772.04it/s]16008it [00:03, 4872.14it/s]16500it [00:03, 4363.85it/s]16950it [00:04, 2020.73it/s]17441it [00:04, 2453.86it/s]17970it [00:04, 2924.02it/s]18436it [00:04, 3291.10it/s]18940it [00:04, 3672.22it/s]19489it [00:04, 4076.59it/s]20053it [00:04, 4444.62it/s]20563it [00:04, 4540.21it/s]21063it [00:05, 4035.51it/s]21512it [00:05, 4159.79it/s]22008it [00:05, 4370.00it/s]22570it [00:05, 4681.44it/s]23151it [00:05, 4970.53it/s]23670it [00:05, 4941.88it/s]24205it [00:05, 5057.22it/s]24722it [00:05, 4973.07it/s]25228it [00:05, 4375.41it/s]25775it [00:06, 4653.69it/s]26344it [00:06, 4922.36it/s]26853it [00:06, 4897.85it/s]27371it [00:06, 4978.29it/s]27878it [00:06, 4944.40it/s]28379it [00:06, 4925.18it/s]28892it [00:06, 4945.99it/s]29390it [00:06, 4359.72it/s]29874it [00:06, 4492.11it/s]30335it [00:07, 4501.73it/s]30814it [00:07, 4583.76it/s]31279it [00:07, 4579.25it/s]31771it [00:07, 4674.94it/s]32283it [00:07, 4797.84it/s]32766it [00:07, 4770.14it/s]33256it [00:07, 4806.83it/s]33739it [00:07, 4122.03it/s]34197it [00:07, 4249.33it/s]34724it [00:08, 4510.77it/s]35218it [00:08, 4629.75it/s]35729it [00:08, 4761.79it/s]36214it [00:08, 4687.81it/s]36689it [00:08, 4665.27it/s]37160it [00:08, 4656.23it/s]37629it [00:08, 3966.16it/s]38115it [00:08, 4196.00it/s]38600it [00:08, 4372.36it/s]39052it [00:08, 4408.79it/s]39534it [00:09, 4521.76it/s]40010it [00:09, 4589.15it/s]40503it [00:09, 4683.69it/s]41022it [00:09, 4824.21it/s]41524it [00:09, 4880.08it/s]42016it [00:09, 4233.58it/s]42493it [00:09, 4379.27it/s]43002it [00:09, 4568.52it/s]43481it [00:09, 4631.82it/s]43969it [00:10, 4701.15it/s]44517it [00:10, 4909.24it/s]45015it [00:10, 4867.62it/s]45522it [00:10, 4925.43it/s]46019it [00:10, 4186.20it/s]46530it [00:10, 4425.85it/s]47048it [00:10, 4626.61it/s]47625it [00:10, 4918.14it/s]48133it [00:10, 4856.36it/s]48630it [00:11, 4885.70it/s]49127it [00:11, 4876.68it/s]49627it [00:11, 4912.36it/s]50161it [00:11, 4377.65it/s]50715it [00:11, 4671.02it/s]51208it [00:11, 4681.17it/s]51691it [00:11, 4723.35it/s]52184it [00:11, 4780.99it/s]52668it [00:11, 4711.60it/s]53219it [00:11, 4924.61it/s]53728it [00:12, 4971.23it/s]54243it [00:12, 5022.54it/s]54749it [00:12, 4189.69it/s]55237it [00:12, 4374.31it/s]55709it [00:12, 4471.21it/s]56208it [00:12, 4614.37it/s]56681it [00:12, 4161.86it/s]57114it [00:12, 4201.47it/s]57572it [00:12, 4307.41it/s]58071it [00:13, 4490.97it/s]58537it [00:13, 3891.43it/s]59067it [00:13, 4227.39it/s]59513it [00:13, 3946.67it/s]59933it [00:13, 3993.36it/s]60347it [00:13, 3992.80it/s]60756it [00:13, 3941.69it/s]61210it [00:13, 4103.01it/s]61647it [00:13, 4177.77it/s]61865it [00:14, 4409.04it/s]
  0% 0/61865 [00:00<?, ?it/s]  2% 1232/61865 [00:01<01:26, 698.26it/s] 77% 47843/61865 [00:02<00:14, 989.69it/s]100% 61865/61865 [00:03<00:00, 20436.29it/s]
  0% 0/61865 [00:00<?, ?it/s]  1% 378/61865 [00:00<00:16, 3779.11it/s]  1% 694/61865 [00:00<00:17, 3567.26it/s]  2% 1037/61865 [00:00<00:17, 3523.31it/s]  2% 1391/61865 [00:00<00:17, 3527.06it/s]  3% 1738/61865 [00:00<00:17, 3508.55it/s]  3% 2092/61865 [00:00<00:16, 3516.60it/s]  4% 2424/61865 [00:00<00:17, 3451.90it/s]  4% 2749/61865 [00:00<00:17, 3386.88it/s]  5% 3179/61865 [00:00<00:16, 3616.95it/s]  6% 3617/61865 [00:01<00:15, 3814.01it/s]  6% 4015/61865 [00:01<00:14, 3861.60it/s]  7% 4447/61865 [00:01<00:14, 3988.12it/s]  8% 4867/61865 [00:01<00:14, 4049.06it/s]  9% 5272/61865 [00:01<00:14, 3922.89it/s]  9% 5665/61865 [00:01<00:14, 3808.65it/s] 10% 6047/61865 [00:01<00:15, 3530.12it/s] 10% 6406/61865 [00:01<00:15, 3546.86it/s] 11% 6802/61865 [00:01<00:15, 3661.11it/s] 12% 7172/61865 [00:01<00:17, 3217.19it/s] 12% 7506/61865 [00:02<00:17, 3125.00it/s] 13% 7828/61865 [00:02<00:17, 3108.31it/s] 13% 8146/61865 [00:02<00:17, 2984.67it/s] 14% 8450/61865 [00:02<00:17, 2973.53it/s] 14% 8795/61865 [00:02<00:17, 3100.58it/s] 15% 9117/61865 [00:02<00:16, 3134.05it/s] 15% 9444/61865 [00:02<00:16, 3172.52it/s] 16% 9764/61865 [00:02<00:16, 3133.92it/s] 16% 10110/61865 [00:02<00:16, 3222.99it/s] 17% 10453/61865 [00:03<00:15, 3281.19it/s] 17% 10783/61865 [00:03<00:15, 3273.91it/s] 18% 11142/61865 [00:03<00:15, 3359.68it/s] 19% 11522/61865 [00:03<00:14, 3477.89it/s] 19% 11895/61865 [00:03<00:14, 3549.15it/s] 20% 12252/61865 [00:03<00:14, 3511.64it/s] 20% 12605/61865 [00:03<00:14, 3511.45it/s] 21% 12961/61865 [00:03<00:13, 3525.86it/s] 22% 13315/61865 [00:03<00:14, 3355.13it/s] 22% 13702/61865 [00:03<00:13, 3494.18it/s] 23% 14089/61865 [00:04<00:13, 3598.38it/s] 23% 14470/61865 [00:04<00:12, 3653.46it/s] 24% 14838/61865 [00:04<00:13, 3549.45it/s] 25% 15196/61865 [00:04<00:13, 3554.06it/s] 25% 15553/61865 [00:04<00:13, 3557.22it/s] 26% 15910/61865 [00:04<00:12, 3552.98it/s] 26% 16267/61865 [00:04<00:12, 3557.07it/s] 27% 16636/61865 [00:04<00:12, 3595.79it/s] 27% 17010/61865 [00:04<00:12, 3636.19it/s] 28% 17380/61865 [00:04<00:12, 3652.96it/s] 29% 17746/61865 [00:05<00:12, 3642.30it/s] 29% 18117/61865 [00:05<00:11, 3659.98it/s] 30% 18524/61865 [00:05<00:11, 3772.63it/s] 31% 18910/61865 [00:05<00:11, 3797.00it/s] 31% 19317/61865 [00:05<00:10, 3874.63it/s] 32% 19706/61865 [00:05<00:10, 3853.87it/s] 32% 20093/61865 [00:05<00:11, 3756.66it/s] 33% 20470/61865 [00:05<00:11, 3690.54it/s] 34% 20863/61865 [00:05<00:10, 3757.99it/s] 34% 21271/61865 [00:05<00:10, 3849.02it/s] 35% 21687/61865 [00:06<00:10, 3935.99it/s] 36% 22082/61865 [00:06<00:10, 3842.59it/s] 36% 22472/61865 [00:06<00:10, 3858.00it/s] 37% 22859/61865 [00:06<00:10, 3812.50it/s] 38% 23242/61865 [00:06<00:10, 3785.23it/s] 38% 23660/61865 [00:06<00:09, 3894.15it/s] 39% 24084/61865 [00:06<00:09, 3990.87it/s] 40% 24506/61865 [00:06<00:09, 4055.44it/s] 40% 24913/61865 [00:06<00:09, 3951.63it/s] 41% 25310/61865 [00:07<00:09, 3857.42it/s] 42% 25698/61865 [00:07<00:09, 3792.34it/s] 42% 26086/61865 [00:07<00:09, 3816.94it/s] 43% 26477/61865 [00:07<00:09, 3841.12it/s] 43% 26898/61865 [00:07<00:08, 3942.91it/s] 44% 27303/61865 [00:07<00:08, 3972.62it/s] 45% 27702/61865 [00:07<00:08, 3879.41it/s] 45% 28092/61865 [00:07<00:08, 3833.80it/s] 46% 28477/61865 [00:07<00:09, 3697.95it/s] 47% 28849/61865 [00:07<00:08, 3704.40it/s] 47% 29240/61865 [00:08<00:08, 3762.06it/s] 48% 29641/61865 [00:08<00:08, 3830.47it/s] 49% 30026/61865 [00:08<00:08, 3800.57it/s] 49% 30407/61865 [00:08<00:08, 3752.40it/s] 50% 30786/61865 [00:08<00:08, 3762.27it/s] 50% 31163/61865 [00:08<00:08, 3638.78it/s] 51% 31566/61865 [00:08<00:08, 3745.77it/s] 52% 31975/61865 [00:08<00:07, 3840.91it/s] 52% 32378/61865 [00:08<00:07, 3893.74it/s] 53% 32769/61865 [00:08<00:07, 3797.73it/s] 54% 33151/61865 [00:09<00:07, 3795.36it/s] 54% 33534/61865 [00:09<00:07, 3804.34it/s] 55% 33916/61865 [00:09<00:07, 3747.12it/s] 55% 34320/61865 [00:09<00:07, 3829.90it/s] 56% 34704/61865 [00:09<00:07, 3589.96it/s] 57% 35067/61865 [00:09<00:08, 3158.43it/s] 57% 35395/61865 [00:09<00:08, 3136.71it/s] 58% 35718/61865 [00:09<00:08, 3105.24it/s] 58% 36036/61865 [00:09<00:08, 3122.53it/s] 59% 36353/61865 [00:10<00:08, 3134.08it/s] 59% 36680/61865 [00:10<00:07, 3170.56it/s] 60% 37050/61865 [00:10<00:07, 3310.41it/s] 60% 37393/61865 [00:10<00:07, 3343.86it/s] 61% 37777/61865 [00:10<00:06, 3477.98it/s] 62% 38138/61865 [00:10<00:06, 3512.88it/s] 62% 38512/61865 [00:10<00:06, 3576.94it/s] 63% 38916/61865 [00:10<00:06, 3701.95it/s] 64% 39336/61865 [00:10<00:05, 3836.17it/s] 64% 39723/61865 [00:10<00:05, 3784.64it/s] 65% 40104/61865 [00:11<00:05, 3665.44it/s] 65% 40473/61865 [00:11<00:05, 3658.89it/s] 66% 40841/61865 [00:11<00:05, 3611.01it/s] 67% 41228/61865 [00:11<00:05, 3683.45it/s] 67% 41629/61865 [00:11<00:05, 3774.96it/s] 68% 42025/61865 [00:11<00:05, 3826.39it/s] 69% 42409/61865 [00:11<00:05, 3714.54it/s] 69% 42782/61865 [00:11<00:05, 3699.60it/s] 70% 43154/61865 [00:11<00:05, 3655.92it/s] 70% 43542/61865 [00:12<00:04, 3719.91it/s] 71% 43933/61865 [00:12<00:04, 3773.39it/s] 72% 44343/61865 [00:12<00:04, 3865.03it/s] 72% 44731/61865 [00:12<00:04, 3833.99it/s] 73% 45116/61865 [00:12<00:04, 3821.11it/s] 74% 45499/61865 [00:12<00:04, 3777.50it/s] 74% 45878/61865 [00:12<00:04, 3664.47it/s] 75% 46246/61865 [00:12<00:04, 3647.12it/s] 75% 46639/61865 [00:12<00:04, 3721.94it/s] 76% 47013/61865 [00:13<00:04, 3154.75it/s] 77% 47345/61865 [00:13<00:04, 3082.10it/s] 77% 47665/61865 [00:13<00:04, 3079.05it/s] 78% 47983/61865 [00:13<00:04, 3105.56it/s] 78% 48303/61865 [00:13<00:04, 3132.87it/s] 79% 48621/61865 [00:13<00:04, 3137.54it/s] 79% 48988/61865 [00:13<00:03, 3279.23it/s] 80% 49346/61865 [00:13<00:03, 3362.06it/s] 80% 49696/61865 [00:13<00:03, 3401.23it/s] 81% 50039/61865 [00:13<00:03, 3334.19it/s] 81% 50413/61865 [00:14<00:03, 3443.70it/s] 82% 50790/61865 [00:14<00:03, 3535.07it/s] 83% 51156/61865 [00:14<00:02, 3571.04it/s] 83% 51515/61865 [00:14<00:02, 3529.50it/s] 84% 51870/61865 [00:14<00:02, 3489.36it/s] 84% 52228/61865 [00:14<00:02, 3513.42it/s] 85% 52581/61865 [00:14<00:02, 3415.02it/s] 86% 52959/61865 [00:14<00:02, 3516.08it/s] 86% 53322/61865 [00:14<00:02, 3548.55it/s] 87% 53707/61865 [00:14<00:02, 3631.60it/s] 87% 54072/61865 [00:15<00:02, 3569.81it/s] 88% 54431/61865 [00:15<00:02, 3523.63it/s] 89% 54785/61865 [00:15<00:02, 3525.83it/s] 89% 55147/61865 [00:15<00:01, 3551.79it/s] 90% 55503/61865 [00:15<00:01, 3481.97it/s] 90% 55874/61865 [00:15<00:01, 3546.51it/s] 91% 56244/61865 [00:15<00:01, 3589.81it/s] 91% 56604/61865 [00:15<00:01, 3534.88it/s] 92% 56959/61865 [00:15<00:01, 3340.29it/s] 93% 57296/61865 [00:16<00:01, 3162.34it/s] 93% 57617/61865 [00:16<00:01, 2893.57it/s] 94% 57914/61865 [00:16<00:01, 2785.87it/s] 94% 58199/61865 [00:16<00:01, 2686.77it/s] 95% 58473/61865 [00:16<00:01, 2687.71it/s] 95% 58823/61865 [00:16<00:01, 2888.77it/s] 96% 59241/61865 [00:16<00:00, 3183.72it/s] 96% 59657/61865 [00:16<00:00, 3423.94it/s] 97% 60015/61865 [00:16<00:00, 3376.95it/s] 98% 60380/61865 [00:16<00:00, 3452.54it/s] 98% 60791/61865 [00:17<00:00, 3623.34it/s] 99% 61200/61865 [00:17<00:00, 3750.33it/s]100% 61610/61865 [00:17<00:00, 3847.13it/s]100% 61865/61865 [00:17<00:00, 3563.76it/s]
Number of tasks = 645
Splitting data with seed 0
  0% 0/61865 [00:00<?, ?it/s]  1% 393/61865 [00:00<00:15, 3929.69it/s]  1% 783/61865 [00:00<00:15, 3920.66it/s]  2% 1148/61865 [00:00<00:15, 3834.64it/s]  2% 1509/61865 [00:00<00:16, 3762.77it/s]  3% 1882/61865 [00:00<00:15, 3749.98it/s]  4% 2224/61865 [00:00<00:16, 3643.35it/s]  4% 2608/61865 [00:00<00:16, 3699.51it/s]  5% 2947/61865 [00:00<00:16, 3586.19it/s]  5% 3359/61865 [00:00<00:15, 3730.86it/s]  6% 3719/61865 [00:01<00:15, 3674.00it/s]  7% 4078/61865 [00:01<00:17, 3393.51it/s]  7% 4439/61865 [00:01<00:16, 3453.71it/s]  8% 4808/61865 [00:01<00:16, 3518.09it/s]  8% 5160/61865 [00:01<00:16, 3439.00it/s]  9% 5504/61865 [00:01<00:16, 3360.08it/s]  9% 5841/61865 [00:01<00:16, 3326.20it/s] 10% 6174/61865 [00:01<00:17, 3273.39it/s] 11% 6504/61865 [00:01<00:16, 3279.67it/s] 11% 6849/61865 [00:01<00:16, 3326.48it/s] 12% 7203/61865 [00:02<00:16, 3386.07it/s] 12% 7543/61865 [00:02<00:16, 3235.55it/s] 13% 7869/61865 [00:02<00:16, 3216.86it/s] 13% 8192/61865 [00:02<00:18, 2945.55it/s] 14% 8542/61865 [00:02<00:17, 3092.17it/s] 14% 8874/61865 [00:02<00:16, 3155.50it/s] 15% 9257/61865 [00:02<00:15, 3330.65it/s] 16% 9617/61865 [00:02<00:15, 3404.72it/s] 16% 9962/61865 [00:02<00:15, 3381.63it/s] 17% 10304/61865 [00:03<00:15, 3356.09it/s] 17% 10642/61865 [00:03<00:15, 3287.38it/s] 18% 10987/61865 [00:03<00:15, 3332.21it/s] 18% 11374/61865 [00:03<00:14, 3476.96it/s] 19% 11753/61865 [00:03<00:14, 3563.00it/s] 20% 12112/61865 [00:03<00:14, 3509.65it/s] 20% 12465/61865 [00:03<00:14, 3503.29it/s] 21% 12819/61865 [00:03<00:13, 3513.96it/s] 21% 13172/61865 [00:03<00:13, 3481.51it/s] 22% 13521/61865 [00:03<00:13, 3460.72it/s] 22% 13868/61865 [00:04<00:14, 3333.37it/s] 23% 14203/61865 [00:04<00:14, 3187.55it/s] 23% 14525/61865 [00:04<00:15, 3143.95it/s] 24% 14842/61865 [00:04<00:15, 3012.42it/s] 24% 15146/61865 [00:04<00:15, 2964.02it/s] 25% 15452/61865 [00:04<00:15, 2990.69it/s] 25% 15774/61865 [00:04<00:15, 3055.75it/s] 26% 16108/61865 [00:04<00:14, 3132.41it/s] 27% 16436/61865 [00:04<00:14, 3174.26it/s] 27% 16763/61865 [00:04<00:14, 3201.76it/s] 28% 17113/61865 [00:05<00:13, 3281.28it/s] 28% 17443/61865 [00:05<00:13, 3240.07it/s] 29% 17804/61865 [00:05<00:13, 3342.79it/s] 29% 18158/61865 [00:05<00:12, 3397.43it/s] 30% 18499/61865 [00:05<00:12, 3396.72it/s] 30% 18840/61865 [00:05<00:13, 3298.94it/s] 31% 19172/61865 [00:05<00:13, 3263.92it/s] 32% 19500/61865 [00:05<00:13, 3094.24it/s] 32% 19812/61865 [00:05<00:14, 2922.12it/s] 33% 20108/61865 [00:06<00:14, 2892.48it/s] 33% 20400/61865 [00:06<00:14, 2879.46it/s] 33% 20690/61865 [00:06<00:14, 2870.37it/s] 34% 20979/61865 [00:06<00:14, 2868.35it/s] 34% 21267/61865 [00:06<00:14, 2868.91it/s] 35% 21555/61865 [00:06<00:14, 2833.88it/s] 35% 21855/61865 [00:06<00:13, 2879.77it/s] 36% 22162/61865 [00:06<00:13, 2931.10it/s] 36% 22486/61865 [00:06<00:13, 3014.13it/s] 37% 22823/61865 [00:06<00:12, 3112.02it/s] 37% 23163/61865 [00:07<00:12, 3190.79it/s] 38% 23492/61865 [00:07<00:11, 3216.50it/s] 39% 23847/61865 [00:07<00:11, 3309.40it/s] 39% 24233/61865 [00:07<00:10, 3455.25it/s] 40% 24613/61865 [00:07<00:10, 3550.73it/s] 40% 24971/61865 [00:07<00:10, 3505.99it/s] 41% 25324/61865 [00:07<00:10, 3485.76it/s] 42% 25674/61865 [00:07<00:10, 3434.20it/s] 42% 26019/61865 [00:07<00:10, 3374.43it/s] 43% 26358/61865 [00:07<00:10, 3333.37it/s] 43% 26701/61865 [00:08<00:10, 3360.34it/s] 44% 27061/61865 [00:08<00:10, 3427.06it/s] 44% 27405/61865 [00:08<00:10, 3409.53it/s] 45% 27747/61865 [00:08<00:10, 3399.31it/s] 45% 28092/61865 [00:08<00:09, 3410.97it/s] 46% 28434/61865 [00:08<00:10, 3316.94it/s] 47% 28775/61865 [00:08<00:09, 3344.06it/s] 47% 29119/61865 [00:08<00:09, 3370.94it/s] 48% 29481/61865 [00:08<00:09, 3440.93it/s] 48% 29857/61865 [00:09<00:09, 3529.38it/s] 49% 30229/61865 [00:09<00:08, 3582.67it/s] 49% 30596/61865 [00:09<00:08, 3608.15it/s] 50% 30971/61865 [00:09<00:08, 3648.62it/s] 51% 31337/61865 [00:09<00:08, 3641.58it/s] 51% 31714/61865 [00:09<00:08, 3678.89it/s] 52% 32083/61865 [00:09<00:08, 3316.45it/s] 52% 32422/61865 [00:09<00:08, 3335.98it/s] 53% 32775/61865 [00:09<00:08, 3388.46it/s] 54% 33127/61865 [00:09<00:08, 3425.68it/s] 54% 33475/61865 [00:10<00:08, 3441.70it/s] 55% 33822/61865 [00:10<00:08, 3236.61it/s] 55% 34177/61865 [00:10<00:08, 3323.11it/s] 56% 34513/61865 [00:10<00:08, 3239.52it/s] 56% 34840/61865 [00:10<00:09, 2963.63it/s] 57% 35143/61865 [00:10<00:09, 2788.44it/s] 57% 35429/61865 [00:10<00:09, 2790.72it/s] 58% 35713/61865 [00:10<00:09, 2732.55it/s] 58% 36019/61865 [00:10<00:09, 2822.15it/s] 59% 36315/61865 [00:11<00:08, 2860.41it/s] 59% 36611/61865 [00:11<00:08, 2887.91it/s] 60% 36964/61865 [00:11<00:08, 3051.37it/s] 60% 37296/61865 [00:11<00:07, 3127.10it/s] 61% 37639/61865 [00:11<00:07, 3209.67it/s] 61% 37987/61865 [00:11<00:07, 3285.59it/s] 62% 38348/61865 [00:11<00:06, 3375.10it/s] 63% 38697/61865 [00:11<00:06, 3404.63it/s] 63% 39040/61865 [00:11<00:06, 3350.55it/s] 64% 39392/61865 [00:11<00:06, 3397.72it/s] 64% 39733/61865 [00:12<00:06, 3400.42it/s] 65% 40074/61865 [00:12<00:06, 3400.14it/s] 65% 40418/61865 [00:12<00:06, 3411.72it/s] 66% 40760/61865 [00:12<00:06, 3368.38it/s] 66% 41112/61865 [00:12<00:06, 3410.01it/s] 67% 41454/61865 [00:12<00:06, 3367.24it/s] 68% 41793/61865 [00:12<00:05, 3368.91it/s] 68% 42131/61865 [00:12<00:06, 3282.75it/s] 69% 42469/61865 [00:12<00:05, 3311.31it/s] 69% 42814/61865 [00:12<00:05, 3349.93it/s] 70% 43177/61865 [00:13<00:05, 3428.07it/s] 70% 43527/61865 [00:13<00:05, 3449.01it/s] 71% 43873/61865 [00:13<00:05, 3399.76it/s] 71% 44216/61865 [00:13<00:05, 3405.49it/s] 72% 44557/61865 [00:13<00:05, 3381.06it/s] 73% 44906/61865 [00:13<00:04, 3412.45it/s] 73% 45254/61865 [00:13<00:04, 3430.32it/s] 74% 45598/61865 [00:13<00:04, 3432.21it/s] 74% 45942/61865 [00:13<00:04, 3399.35it/s] 75% 46297/61865 [00:13<00:04, 3441.38it/s] 75% 46642/61865 [00:14<00:04, 3410.50it/s] 76% 46984/61865 [00:14<00:04, 3381.59it/s] 77% 47359/61865 [00:14<00:04, 3481.44it/s] 77% 47717/61865 [00:14<00:04, 3507.22it/s] 78% 48085/61865 [00:14<00:03, 3555.99it/s] 78% 48442/61865 [00:14<00:03, 3418.36it/s] 79% 48786/61865 [00:14<00:03, 3357.00it/s] 79% 49124/61865 [00:14<00:03, 3274.42it/s] 80% 49460/61865 [00:14<00:03, 3297.63it/s] 81% 49804/61865 [00:15<00:03, 3337.54it/s] 81% 50162/61865 [00:15<00:03, 3401.68it/s] 82% 50504/61865 [00:15<00:03, 3320.10it/s] 82% 50838/61865 [00:15<00:03, 3266.62it/s] 83% 51166/61865 [00:15<00:03, 3154.49it/s] 83% 51494/61865 [00:15<00:03, 3188.54it/s] 84% 51814/61865 [00:15<00:03, 3173.26it/s] 84% 52149/61865 [00:15<00:03, 3223.75it/s] 85% 52473/61865 [00:15<00:03, 3124.46it/s] 85% 52802/61865 [00:15<00:02, 3169.45it/s] 86% 53120/61865 [00:16<00:02, 3100.81it/s] 86% 53432/61865 [00:16<00:02, 2871.23it/s] 87% 53781/61865 [00:16<00:02, 3025.02it/s] 87% 54125/61865 [00:16<00:02, 3122.59it/s] 88% 54468/61865 [00:16<00:02, 3208.08it/s] 89% 54810/61865 [00:16<00:02, 3266.92it/s] 89% 55142/61865 [00:16<00:02, 3280.99it/s] 90% 55473/61865 [00:16<00:02, 2959.97it/s] 90% 55788/61865 [00:16<00:02, 3013.82it/s] 91% 56134/61865 [00:17<00:01, 3134.50it/s] 91% 56504/61865 [00:17<00:01, 3283.72it/s] 92% 56838/61865 [00:17<00:01, 3058.36it/s] 92% 57151/61865 [00:17<00:01, 2921.75it/s] 93% 57450/61865 [00:17<00:01, 2485.33it/s] 93% 57715/61865 [00:17<00:01, 2258.99it/s] 94% 57956/61865 [00:17<00:01, 2107.05it/s] 94% 58180/61865 [00:17<00:01, 2031.70it/s] 94% 58393/61865 [00:18<00:01, 1971.86it/s] 95% 58616/61865 [00:18<00:01, 2042.42it/s] 95% 58935/61865 [00:18<00:01, 2289.12it/s] 96% 59287/61865 [00:18<00:01, 2557.26it/s] 96% 59654/61865 [00:18<00:00, 2812.90it/s] 97% 59957/61865 [00:18<00:00, 2769.61it/s] 97% 60252/61865 [00:18<00:00, 2818.95it/s] 98% 60568/61865 [00:18<00:00, 2912.14it/s] 98% 60932/61865 [00:18<00:00, 3096.95it/s] 99% 61289/61865 [00:18<00:00, 3224.17it/s]100% 61631/61865 [00:19<00:00, 3279.65it/s]100% 61865/61865 [00:19<00:00, 3232.32it/s]
Total scaffolds = 30,615 | train scaffolds = 24,639 | val scaffolds = 3,133 | test scaffolds = 2,843
/home/apappu/thesis/molecule-metalearning/chemprop/chemprop/data/scaffold.py:152: RuntimeWarning: Mean of empty slice
  target_avgs.append(np.nanmean(targets, axis=0))
Label averages per scaffold, in decreasing order of scaffold frequency,capped at 10 scaffolds and 20 labels: [(array([nan, nan, nan, nan, nan, nan, nan, nan, nan, nan, nan, nan, nan,
       nan, nan, nan, nan, nan, nan, nan]), array([0, 0, 0, 0, 0, 0, 0, 0, 0, 0, 0, 0, 0, 0, 0, 0, 0, 0, 0, 0])), (array([nan, nan, nan, nan, nan, nan, nan, nan, nan, nan, nan, nan, nan,
       nan, nan, 0.5, nan, nan, nan, nan]), array([0, 0, 0, 0, 0, 0, 0, 0, 0, 0, 0, 0, 0, 0, 0, 2, 0, 0, 0, 0])), (array([nan, nan, nan, nan, nan, nan, nan, nan, nan, nan, nan, nan, nan,
       nan, nan, nan, nan, nan, nan, nan]), array([0, 0, 0, 0, 0, 0, 0, 0, 0, 0, 0, 0, 0, 0, 0, 0, 0, 0, 0, 0])), (array([nan, nan, nan, nan, nan, nan, nan, nan, nan, nan, nan, nan, nan,
       nan, nan, nan, nan, nan, nan, nan]), array([0, 0, 0, 0, 0, 0, 0, 0, 0, 0, 0, 0, 0, 0, 0, 0, 0, 0, 0, 0])), (array([nan, nan, nan, nan, nan, nan, nan, nan, nan, nan, nan, nan, nan,
       nan, nan, nan, nan, nan, nan, nan]), array([0, 0, 0, 0, 0, 0, 0, 0, 0, 0, 0, 0, 0, 0, 0, 0, 0, 0, 0, 0])), (array([nan, nan, nan, nan, nan, nan, nan, nan, nan, nan, nan, nan, nan,
       nan, nan, nan, nan, nan, nan, nan]), array([0, 0, 0, 0, 0, 0, 0, 0, 0, 0, 0, 0, 0, 0, 0, 0, 0, 0, 0, 0])), (array([nan, nan, nan, nan, nan, nan, nan, nan, nan, nan, nan, nan, nan,
       nan, nan, nan, nan, nan, nan, nan]), array([0, 0, 0, 0, 0, 0, 0, 0, 0, 0, 0, 0, 0, 0, 0, 0, 0, 0, 0, 0])), (array([nan, nan, nan, nan, nan, nan, nan, nan, nan, nan, nan, nan, nan,
       nan, nan, nan, nan, nan, nan, nan]), array([0, 0, 0, 0, 0, 0, 0, 0, 0, 0, 0, 0, 0, 0, 0, 0, 0, 0, 0, 0])), (array([nan, nan, nan, nan, nan, nan, nan, nan, nan, nan, nan, nan, nan,
       nan, nan, nan, nan, nan, nan, nan]), array([0, 0, 0, 0, 0, 0, 0, 0, 0, 0, 0, 0, 0, 0, 0, 0, 0, 0, 0, 0])), (array([nan, nan, nan, nan, nan, nan, nan, nan, nan, nan, nan, nan, nan,
       nan, nan, nan, nan, nan, nan, nan]), array([0, 0, 0, 0, 0, 0, 0, 0, 0, 0, 0, 0, 0, 0, 0, 0, 0, 0, 0, 0]))]
Class sizes
CHEMBL1033994 0: 41.98%, 1: 58.02%
CHEMBL1119333 0: 9.59%, 1: 90.41%
CHEMBL1217000 0: 52.41%, 1: 47.59%
CHEMBL1243965 0: 17.11%, 1: 82.89%
CHEMBL1243966 0: 41.96%, 1: 58.04%
CHEMBL1243967 0: 10.17%, 1: 89.83%
CHEMBL1243968 0: 15.06%, 1: 84.94%
CHEMBL1243970 0: 6.91%, 1: 93.09%
CHEMBL1243972 0: 9.92%, 1: 90.08%
CHEMBL1243976 0: 28.99%, 1: 71.01%
CHEMBL1246087 0: 33.88%, 1: 66.12%
CHEMBL1246088 0: 48.37%, 1: 51.63%
CHEMBL1613762 0: 2.45%, 1: 97.55%
CHEMBL1613779 0: 58.47%, 1: 41.53%
CHEMBL1613785 0: 43.22%, 1: 56.78%
CHEMBL1613787 0: 69.08%, 1: 30.92%
CHEMBL1613807 0: 95.99%, 1: 4.01%
CHEMBL1613813 0: 44.20%, 1: 55.80%
CHEMBL1613814 0: 53.85%, 1: 46.15%
CHEMBL1613817 0: 84.86%, 1: 15.14%
CHEMBL1613853 0: 41.86%, 1: 58.14%
CHEMBL1613861 0: 14.47%, 1: 85.53%
CHEMBL1613864 0: 5.19%, 1: 94.81%
CHEMBL1613867 0: 97.13%, 1: 2.87%
CHEMBL1613870 0: 15.80%, 1: 84.20%
CHEMBL1613871 0: 6.15%, 1: 93.85%
CHEMBL1613874 0: 65.78%, 1: 34.22%
CHEMBL1613876 0: 54.35%, 1: 45.65%
CHEMBL1613884 0: 21.51%, 1: 78.49%
CHEMBL1613890 0: 34.85%, 1: 65.15%
CHEMBL1613897 0: 46.64%, 1: 53.36%
CHEMBL1613898 0: 75.45%, 1: 24.55%
CHEMBL1613904 0: 50.77%, 1: 49.23%
CHEMBL1613907 0: 5.34%, 1: 94.66%
CHEMBL1613926 0: 30.15%, 1: 69.85%
CHEMBL1613928 0: 45.90%, 1: 54.10%
CHEMBL1613929 0: 81.25%, 1: 18.75%
CHEMBL1613941 0: 32.58%, 1: 67.42%
CHEMBL1613942 0: 41.43%, 1: 58.57%
CHEMBL1613947 0: 46.01%, 1: 53.99%
CHEMBL1613949 0: 60.13%, 1: 39.87%
CHEMBL1613950 0: 43.05%, 1: 56.95%
CHEMBL1613955 0: 54.04%, 1: 45.96%
CHEMBL1613962 0: 24.26%, 1: 75.74%
CHEMBL1613967 0: 44.59%, 1: 55.41%
CHEMBL1613981 0: 58.85%, 1: 41.15%
CHEMBL1613991 0: 14.98%, 1: 85.02%
CHEMBL1613997 0: 7.73%, 1: 92.27%
CHEMBL1614001 0: 98.28%, 1: 1.72%
CHEMBL1614004 0: 14.66%, 1: 85.34%
CHEMBL1614016 0: 12.22%, 1: 87.78%
CHEMBL1614030 0: 19.96%, 1: 80.04%
CHEMBL1614034 0: 2.63%, 1: 97.37%
CHEMBL1614035 0: 77.14%, 1: 22.86%
CHEMBL1614049 0: 39.63%, 1: 60.37%
CHEMBL1614053 0: 42.48%, 1: 57.52%
CHEMBL1614063 0: 95.18%, 1: 4.82%
CHEMBL1614065 0: 9.71%, 1: 90.29%
CHEMBL1614066 0: 94.74%, 1: 5.26%
CHEMBL1614069 0: 56.82%, 1: 43.18%
CHEMBL1614072 0: 50.36%, 1: 49.64%
CHEMBL1614084 0: 13.26%, 1: 86.74%
CHEMBL1614091 0: 4.43%, 1: 95.57%
CHEMBL1614092 0: 47.50%, 1: 52.50%
CHEMBL1614097 0: 46.99%, 1: 53.01%
CHEMBL1614098 0: 97.25%, 1: 2.75%
CHEMBL1614104 0: 7.74%, 1: 92.26%
CHEMBL1614105 0: 6.12%, 1: 93.88%
CHEMBL1614109 0: 59.87%, 1: 40.13%
CHEMBL1614128 0: 10.35%, 1: 89.65%
CHEMBL1614131 0: 97.14%, 1: 2.86%
CHEMBL1614132 0: 42.07%, 1: 57.93%
CHEMBL1614138 0: 67.83%, 1: 32.17%
CHEMBL1614155 0: 25.40%, 1: 74.60%
CHEMBL1614158 0: 74.52%, 1: 25.48%
CHEMBL1614167 0: 16.17%, 1: 83.83%
CHEMBL1614170 0: 68.86%, 1: 31.14%
CHEMBL1614171 0: 93.77%, 1: 6.23%
CHEMBL1614175 0: 80.66%, 1: 19.34%
CHEMBL1614185 0: 26.17%, 1: 73.83%
CHEMBL1614197 0: 5.26%, 1: 94.74%
CHEMBL1614199 0: 49.66%, 1: 50.34%
CHEMBL1614202 0: 7.32%, 1: 92.68%
CHEMBL1614215 0: 52.76%, 1: 47.24%
CHEMBL1614216 0: 48.52%, 1: 51.48%
CHEMBL1614218 0: 22.36%, 1: 77.64%
CHEMBL1614225 0: 62.50%, 1: 37.50%
CHEMBL1614244 0: 38.85%, 1: 61.15%
CHEMBL1614247 0: 44.34%, 1: 55.66%
CHEMBL1614252 0: 60.11%, 1: 39.89%
CHEMBL1614255 0: 61.26%, 1: 38.74%
CHEMBL1614259 0: 32.82%, 1: 67.18%
CHEMBL1614272 0: 67.71%, 1: 32.29%
CHEMBL1614276 0: 51.74%, 1: 48.26%
CHEMBL1614287 0: 85.53%, 1: 14.47%
CHEMBL1614288 0: 72.51%, 1: 27.49%
CHEMBL1614290 0: 4.51%, 1: 95.49%
CHEMBL1614295 0: 2.29%, 1: 97.71%
CHEMBL1614301 0: 19.74%, 1: 80.26%
CHEMBL1614304 0: 63.76%, 1: 36.24%
CHEMBL1614309 0: 27.66%, 1: 72.34%
CHEMBL1614311 0: 53.76%, 1: 46.24%
CHEMBL1614314 0: 94.70%, 1: 5.30%
CHEMBL1614319 0: 72.16%, 1: 27.84%
CHEMBL1614320 0: 29.79%, 1: 70.21%
CHEMBL1614321 0: 60.16%, 1: 39.84%
CHEMBL1614328 0: 46.64%, 1: 53.36%
CHEMBL1614329 0: 40.69%, 1: 59.31%
CHEMBL1614336 0: 47.01%, 1: 52.99%
CHEMBL1614344 0: 67.72%, 1: 32.28%
CHEMBL1614356 0: 43.90%, 1: 56.10%
CHEMBL1614359 0: 50.26%, 1: 49.74%
CHEMBL1614363 0: 53.19%, 1: 46.81%
CHEMBL1614385 0: 93.27%, 1: 6.73%
CHEMBL1614388 0: 56.19%, 1: 43.81%
CHEMBL1614393 0: 45.00%, 1: 55.00%
CHEMBL1614395 0: 11.32%, 1: 88.68%
CHEMBL1614403 0: 88.15%, 1: 11.85%
CHEMBL1614423 0: 57.84%, 1: 42.16%
CHEMBL1614425 0: 38.24%, 1: 61.76%
CHEMBL1614433 0: 60.77%, 1: 39.23%
CHEMBL1614434 0: 80.25%, 1: 19.75%
CHEMBL1614456 0: 3.36%, 1: 96.64%
CHEMBL1614466 0: 10.32%, 1: 89.68%
CHEMBL1614469 0: 24.90%, 1: 75.10%
CHEMBL1614477 0: 43.75%, 1: 56.25%
CHEMBL1614478 0: 12.50%, 1: 87.50%
CHEMBL1614480 0: 85.71%, 1: 14.29%
CHEMBL1614484 0: 9.01%, 1: 90.99%
CHEMBL1614492 0: 40.54%, 1: 59.46%
CHEMBL1614499 0: 44.47%, 1: 55.53%
CHEMBL1614503 0: 40.30%, 1: 59.70%
CHEMBL1614504 0: 17.80%, 1: 82.20%
CHEMBL1614509 0: 79.43%, 1: 20.57%
CHEMBL1614512 0: 62.79%, 1: 37.21%
CHEMBL1614514 0: 83.07%, 1: 16.93%
CHEMBL1614515 0: 19.61%, 1: 80.39%
CHEMBL1614516 0: 96.81%, 1: 3.19%
CHEMBL1614522 0: 28.55%, 1: 71.45%
CHEMBL1614524 0: 12.98%, 1: 87.02%
CHEMBL1614528 0: 40.91%, 1: 59.09%
CHEMBL1614547 0: 72.51%, 1: 27.49%
CHEMBL1614548 0: 17.95%, 1: 82.05%
CHEMBL1614549 0: 84.25%, 1: 15.75%
CHEMBL1614550 0: 9.30%, 1: 90.70%
CHEMBL1614554 0: 71.64%, 1: 28.36%
CHEMBL1676103 0: 39.85%, 1: 60.15%
CHEMBL1737860 0: 3.60%, 1: 96.40%
CHEMBL1737863 0: 36.27%, 1: 63.73%
CHEMBL1737865 0: 61.01%, 1: 38.99%
CHEMBL1737868 0: 79.41%, 1: 20.59%
CHEMBL1737910 0: 45.71%, 1: 54.29%
CHEMBL1737912 0: 26.51%, 1: 73.49%
CHEMBL1737942 0: 44.52%, 1: 55.48%
CHEMBL1737951 0: 51.83%, 1: 48.17%
CHEMBL1737961 0: 93.34%, 1: 6.66%
CHEMBL1737966 0: 21.36%, 1: 78.64%
CHEMBL1737967 0: 89.17%, 1: 10.83%
CHEMBL1737977 0: 13.87%, 1: 86.13%
CHEMBL1737978 0: 18.18%, 1: 81.82%
CHEMBL1737979 0: 8.94%, 1: 91.06%
CHEMBL1738019 0: 24.85%, 1: 75.15%
CHEMBL1738021 0: 10.87%, 1: 89.13%
CHEMBL1738025 0: 33.80%, 1: 66.20%
CHEMBL1738040 0: 73.48%, 1: 26.52%
CHEMBL1738043 0: 46.43%, 1: 53.57%
CHEMBL1738079 0: 3.88%, 1: 96.12%
CHEMBL1738080 0: 76.43%, 1: 23.57%
CHEMBL1738091 0: 89.77%, 1: 10.23%
CHEMBL1738097 0: 72.41%, 1: 27.59%
CHEMBL1738131 0: 68.59%, 1: 31.41%
CHEMBL1738164 0: 79.79%, 1: 20.21%
CHEMBL1738171 0: 85.45%, 1: 14.55%
CHEMBL1738183 0: 59.62%, 1: 40.38%
CHEMBL1738197 0: 36.90%, 1: 63.10%
CHEMBL1738202 0: 3.47%, 1: 96.53%
CHEMBL1738242 0: 16.55%, 1: 83.45%
CHEMBL1738249 0: 86.53%, 1: 13.47%
CHEMBL1738253 0: 7.33%, 1: 92.67%
CHEMBL1738319 0: 59.17%, 1: 40.83%
CHEMBL1738325 0: 96.86%, 1: 3.14%
CHEMBL1738362 0: 21.43%, 1: 78.57%
CHEMBL1738369 0: 56.34%, 1: 43.66%
CHEMBL1738371 0: 81.97%, 1: 18.03%
CHEMBL1738391 0: 68.38%, 1: 31.62%
CHEMBL1738400 0: 77.86%, 1: 22.14%
CHEMBL1738402 0: 54.19%, 1: 45.81%
CHEMBL1738407 0: 85.58%, 1: 14.42%
CHEMBL1738408 0: 2.18%, 1: 97.82%
CHEMBL1738414 0: 5.11%, 1: 94.89%
CHEMBL1738418 0: 68.85%, 1: 31.15%
CHEMBL1738422 0: 4.29%, 1: 95.71%
CHEMBL1738424 0: 77.50%, 1: 22.50%
CHEMBL1738430 0: 25.54%, 1: 74.46%
CHEMBL1738438 0: 2.76%, 1: 97.24%
CHEMBL1738482 0: 7.69%, 1: 92.31%
CHEMBL1738485 0: 17.65%, 1: 82.35%
CHEMBL1738494 0: 97.26%, 1: 2.74%
CHEMBL1738495 0: 1.70%, 1: 98.30%
CHEMBL1738497 0: 64.50%, 1: 35.50%
CHEMBL1738502 0: 15.20%, 1: 84.80%
CHEMBL1738510 0: 54.41%, 1: 45.59%
CHEMBL1738512 0: 3.05%, 1: 96.95%
CHEMBL1738513 0: 28.64%, 1: 71.36%
CHEMBL1738552 0: 64.70%, 1: 35.30%
CHEMBL1738575 0: 65.65%, 1: 34.35%
CHEMBL1738578 0: 23.30%, 1: 76.70%
CHEMBL1738579 0: 22.79%, 1: 77.21%
CHEMBL1738593 0: 17.65%, 1: 82.35%
CHEMBL1738599 0: 16.07%, 1: 83.93%
CHEMBL1738602 0: 42.70%, 1: 57.30%
CHEMBL1738610 0: 42.07%, 1: 57.93%
CHEMBL1738611 0: 2.23%, 1: 97.77%
CHEMBL1738632 0: 86.32%, 1: 13.68%
CHEMBL1738633 0: 4.05%, 1: 95.95%
CHEMBL1738639 0: 64.47%, 1: 35.53%
CHEMBL1738642 0: 34.82%, 1: 65.18%
CHEMBL1738670 0: 9.18%, 1: 90.82%
CHEMBL1738673 0: 12.98%, 1: 87.02%
CHEMBL1738679 0: 63.95%, 1: 36.05%
CHEMBL1738682 0: 62.45%, 1: 37.55%
CHEMBL1794296 0: 44.02%, 1: 55.98%
CHEMBL1794303 0: 2.71%, 1: 97.29%
CHEMBL1794320 0: 96.68%, 1: 3.32%
CHEMBL1794327 0: 91.59%, 1: 8.41%
CHEMBL1794336 0: 53.07%, 1: 46.93%
CHEMBL1794350 0: 3.44%, 1: 96.56%
CHEMBL1794355 0: 5.26%, 1: 94.74%
CHEMBL1794356 0: 13.92%, 1: 86.08%
CHEMBL1794358 0: 94.14%, 1: 5.86%
CHEMBL1794365 0: 7.12%, 1: 92.88%
CHEMBL1794383 0: 6.90%, 1: 93.10%
CHEMBL1794387 0: 65.04%, 1: 34.96%
CHEMBL1794393 0: 67.55%, 1: 32.45%
CHEMBL1794396 0: 3.96%, 1: 96.04%
CHEMBL1794410 0: 23.98%, 1: 76.02%
CHEMBL1794413 0: 6.02%, 1: 93.98%
CHEMBL1794438 0: 40.17%, 1: 59.83%
CHEMBL1794445 0: 87.84%, 1: 12.16%
CHEMBL1794452 0: 94.30%, 1: 5.70%
CHEMBL1794457 0: 92.98%, 1: 7.02%
CHEMBL1794460 0: 28.63%, 1: 71.37%
CHEMBL1794467 0: 18.39%, 1: 81.61%
CHEMBL1794475 0: 56.02%, 1: 43.98%
CHEMBL1794484 0: 44.93%, 1: 55.07%
CHEMBL1794494 0: 5.33%, 1: 94.67%
CHEMBL1794497 0: 8.47%, 1: 91.53%
CHEMBL1794499 0: 73.90%, 1: 26.10%
CHEMBL1794508 0: 94.63%, 1: 5.37%
CHEMBL1794516 0: 3.21%, 1: 96.79%
CHEMBL1794522 0: 58.65%, 1: 41.35%
CHEMBL1794528 0: 79.86%, 1: 20.14%
CHEMBL1794531 0: 92.03%, 1: 7.97%
CHEMBL1794548 0: 88.74%, 1: 11.26%
CHEMBL1794566 0: 6.05%, 1: 93.95%
CHEMBL1794567 0: 9.61%, 1: 90.39%
CHEMBL1794570 0: 92.79%, 1: 7.21%
CHEMBL1794571 0: 53.55%, 1: 46.45%
CHEMBL1794573 0: 10.54%, 1: 89.46%
CHEMBL1794574 0: 1.09%, 1: 98.91%
CHEMBL1794578 0: 46.99%, 1: 53.01%
CHEMBL1794581 0: 19.65%, 1: 80.35%
CHEMBL1863510 0: 2.14%, 1: 97.86%
CHEMBL1863512 0: 2.79%, 1: 97.21%
CHEMBL1909084 0: 99.28%, 1: 0.72%
CHEMBL1909085 0: 92.10%, 1: 7.90%
CHEMBL1909086 0: 91.52%, 1: 8.48%
CHEMBL1909087 0: 91.86%, 1: 8.14%
CHEMBL1909088 0: 87.97%, 1: 12.03%
CHEMBL1909089 0: 88.69%, 1: 11.31%
CHEMBL1909090 0: 90.81%, 1: 9.19%
CHEMBL1909091 0: 97.24%, 1: 2.76%
CHEMBL1909092 0: 97.14%, 1: 2.86%
CHEMBL1909093 0: 98.42%, 1: 1.58%
CHEMBL1909094 0: 90.85%, 1: 9.15%
CHEMBL1909095 0: 98.56%, 1: 1.44%
CHEMBL1909097 0: 99.28%, 1: 0.72%
CHEMBL1909102 0: 92.94%, 1: 7.06%
CHEMBL1909103 0: 97.23%, 1: 2.77%
CHEMBL1909104 0: 87.06%, 1: 12.94%
CHEMBL1909105 0: 88.70%, 1: 11.30%
CHEMBL1909106 0: 98.57%, 1: 1.43%
CHEMBL1909107 0: 97.86%, 1: 2.14%
CHEMBL1909108 0: 93.04%, 1: 6.96%
CHEMBL1909109 0: 90.35%, 1: 9.65%
CHEMBL1909110 0: 92.47%, 1: 7.53%
CHEMBL1909111 0: 94.03%, 1: 5.97%
CHEMBL1909112 0: 90.91%, 1: 9.09%
CHEMBL1909114 0: 96.50%, 1: 3.50%
CHEMBL1909115 0: 96.00%, 1: 4.00%
CHEMBL1909116 0: 96.98%, 1: 3.02%
CHEMBL1909121 0: 92.80%, 1: 7.20%
CHEMBL1909123 0: 99.16%, 1: 0.84%
CHEMBL1909124 0: 99.40%, 1: 0.60%
CHEMBL1909130 0: 95.56%, 1: 4.44%
CHEMBL1909131 0: 97.01%, 1: 2.99%
CHEMBL1909132 0: 96.15%, 1: 3.85%
CHEMBL1909134 0: 95.19%, 1: 4.81%
CHEMBL1909135 0: 95.76%, 1: 4.24%
CHEMBL1909136 0: 93.20%, 1: 6.80%
CHEMBL1909138 0: 96.16%, 1: 3.84%
CHEMBL1909139 0: 93.84%, 1: 6.16%
CHEMBL1909140 0: 93.87%, 1: 6.13%
CHEMBL1909141 0: 89.73%, 1: 10.27%
CHEMBL1909142 0: 99.04%, 1: 0.96%
CHEMBL1909143 0: 93.01%, 1: 6.99%
CHEMBL1909145 0: 97.97%, 1: 2.03%
CHEMBL1909148 0: 98.57%, 1: 1.43%
CHEMBL1909150 0: 95.10%, 1: 4.90%
CHEMBL1909156 0: 94.28%, 1: 5.72%
CHEMBL1909157 0: 96.38%, 1: 3.62%
CHEMBL1909158 0: 99.05%, 1: 0.95%
CHEMBL1909159 0: 93.18%, 1: 6.82%
CHEMBL1909165 0: 97.79%, 1: 2.21%
CHEMBL1909169 0: 98.32%, 1: 1.68%
CHEMBL1909170 0: 92.35%, 1: 7.65%
CHEMBL1909171 0: 93.29%, 1: 6.71%
CHEMBL1909172 0: 92.82%, 1: 7.18%
CHEMBL1909173 0: 92.38%, 1: 7.62%
CHEMBL1909174 0: 92.71%, 1: 7.29%
CHEMBL1909180 0: 98.20%, 1: 1.80%
CHEMBL1909181 0: 97.71%, 1: 2.29%
CHEMBL1909182 0: 96.99%, 1: 3.01%
CHEMBL1909184 0: 98.93%, 1: 1.07%
CHEMBL1909186 0: 99.52%, 1: 0.48%
CHEMBL1909190 0: 98.66%, 1: 1.34%
CHEMBL1909191 0: 94.99%, 1: 5.01%
CHEMBL1909192 0: 99.52%, 1: 0.48%
CHEMBL1909200 0: 97.97%, 1: 2.03%
CHEMBL1909201 0: 97.72%, 1: 2.28%
CHEMBL1909203 0: 98.05%, 1: 1.95%
CHEMBL1909204 0: 97.17%, 1: 2.83%
CHEMBL1909205 0: 98.67%, 1: 1.33%
CHEMBL1909206 0: 99.16%, 1: 0.84%
CHEMBL1909209 0: 92.34%, 1: 7.66%
CHEMBL1909210 0: 96.05%, 1: 3.95%
CHEMBL1909211 0: 88.80%, 1: 11.20%
CHEMBL1909212 0: 98.30%, 1: 1.70%
CHEMBL1909213 0: 99.28%, 1: 0.72%
CHEMBL1909214 0: 98.79%, 1: 1.21%
CHEMBL1909215 0: 95.61%, 1: 4.39%
CHEMBL1963686 0: 61.95%, 1: 38.05%
CHEMBL1963687 0: 64.42%, 1: 35.58%
CHEMBL1963688 0: 62.52%, 1: 37.48%
CHEMBL1963689 0: 89.69%, 1: 10.31%
CHEMBL1963690 0: 57.36%, 1: 42.64%
CHEMBL1963691 0: 49.33%, 1: 50.67%
CHEMBL1963692 0: 53.73%, 1: 46.27%
CHEMBL1963693 0: 71.00%, 1: 29.00%
CHEMBL1963694 0: 91.05%, 1: 8.95%
CHEMBL1963695 0: 74.90%, 1: 25.10%
CHEMBL1963696 0: 77.85%, 1: 22.15%
CHEMBL1963697 0: 74.06%, 1: 25.94%
CHEMBL1963698 0: 74.60%, 1: 25.40%
CHEMBL1963699 0: 83.18%, 1: 16.82%
CHEMBL1963701 0: 67.32%, 1: 32.68%
CHEMBL1963702 0: 83.82%, 1: 16.18%
CHEMBL1963703 0: 68.65%, 1: 31.35%
CHEMBL1963704 0: 65.28%, 1: 34.72%
CHEMBL1963705 0: 55.92%, 1: 44.08%
CHEMBL1963706 0: 53.38%, 1: 46.62%
CHEMBL1963707 0: 53.25%, 1: 46.75%
CHEMBL1963708 0: 48.77%, 1: 51.23%
CHEMBL1963710 0: 63.21%, 1: 36.79%
CHEMBL1963711 0: 94.72%, 1: 5.28%
CHEMBL1963712 0: 75.76%, 1: 24.24%
CHEMBL1963714 0: 74.21%, 1: 25.79%
CHEMBL1963715 0: 50.28%, 1: 49.72%
CHEMBL1963716 0: 91.91%, 1: 8.09%
CHEMBL1963717 0: 55.50%, 1: 44.50%
CHEMBL1963718 0: 65.45%, 1: 34.55%
CHEMBL1963719 0: 63.39%, 1: 36.61%
CHEMBL1963720 0: 69.73%, 1: 30.27%
CHEMBL1963721 0: 56.94%, 1: 43.06%
CHEMBL1963722 0: 49.40%, 1: 50.60%
CHEMBL1963723 0: 53.82%, 1: 46.18%
CHEMBL1963724 0: 67.32%, 1: 32.68%
CHEMBL1963725 0: 69.97%, 1: 30.03%
CHEMBL1963727 0: 56.59%, 1: 43.41%
CHEMBL1963728 0: 92.02%, 1: 7.98%
CHEMBL1963729 0: 84.64%, 1: 15.36%
CHEMBL1963731 0: 61.35%, 1: 38.65%
CHEMBL1963733 0: 79.77%, 1: 20.23%
CHEMBL1963734 0: 79.51%, 1: 20.49%
CHEMBL1963735 0: 71.66%, 1: 28.34%
CHEMBL1963736 0: 78.32%, 1: 21.68%
CHEMBL1963737 0: 86.79%, 1: 13.21%
CHEMBL1963738 0: 61.18%, 1: 38.82%
CHEMBL1963739 0: 84.32%, 1: 15.68%
CHEMBL1963740 0: 64.30%, 1: 35.70%
CHEMBL1963741 0: 67.03%, 1: 32.97%
CHEMBL1963742 0: 73.47%, 1: 26.53%
CHEMBL1963743 0: 66.24%, 1: 33.76%
CHEMBL1963744 0: 71.97%, 1: 28.03%
CHEMBL1963745 0: 67.16%, 1: 32.84%
CHEMBL1963746 0: 66.34%, 1: 33.66%
CHEMBL1963747 0: 81.33%, 1: 18.67%
CHEMBL1963748 0: 58.75%, 1: 41.25%
CHEMBL1963749 0: 55.02%, 1: 44.98%
CHEMBL1963750 0: 58.61%, 1: 41.39%
CHEMBL1963751 0: 70.90%, 1: 29.10%
CHEMBL1963752 0: 64.78%, 1: 35.22%
CHEMBL1963753 0: 88.02%, 1: 11.98%
CHEMBL1963754 0: 59.12%, 1: 40.88%
CHEMBL1963756 0: 61.66%, 1: 38.34%
CHEMBL1963757 0: 73.28%, 1: 26.72%
CHEMBL1963758 0: 82.56%, 1: 17.44%
CHEMBL1963759 0: 81.38%, 1: 18.62%
CHEMBL1963760 0: 86.36%, 1: 13.64%
CHEMBL1963761 0: 83.63%, 1: 16.37%
CHEMBL1963763 0: 72.14%, 1: 27.86%
CHEMBL1963764 0: 62.50%, 1: 37.50%
CHEMBL1963765 0: 86.41%, 1: 13.59%
CHEMBL1963766 0: 81.38%, 1: 18.62%
CHEMBL1963767 0: 77.76%, 1: 22.24%
CHEMBL1963768 0: 77.63%, 1: 22.37%
CHEMBL1963770 0: 89.44%, 1: 10.56%
CHEMBL1963771 0: 53.53%, 1: 46.47%
CHEMBL1963772 0: 48.99%, 1: 51.01%
CHEMBL1963773 0: 59.00%, 1: 41.00%
CHEMBL1963775 0: 76.92%, 1: 23.08%
CHEMBL1963776 0: 87.71%, 1: 12.29%
CHEMBL1963777 0: 63.92%, 1: 36.08%
CHEMBL1963778 0: 51.70%, 1: 48.30%
CHEMBL1963779 0: 54.69%, 1: 45.31%
CHEMBL1963780 0: 89.06%, 1: 10.94%
CHEMBL1963781 0: 94.31%, 1: 5.69%
CHEMBL1963782 0: 75.86%, 1: 24.14%
CHEMBL1963783 0: 57.36%, 1: 42.64%
CHEMBL1963785 0: 70.10%, 1: 29.90%
CHEMBL1963786 0: 50.08%, 1: 49.92%
CHEMBL1963787 0: 66.39%, 1: 33.61%
CHEMBL1963789 0: 67.34%, 1: 32.66%
CHEMBL1963790 0: 57.93%, 1: 42.07%
CHEMBL1963791 0: 82.08%, 1: 17.92%
CHEMBL1963792 0: 85.73%, 1: 14.27%
CHEMBL1963793 0: 65.48%, 1: 34.52%
CHEMBL1963794 0: 77.53%, 1: 22.47%
CHEMBL1963795 0: 46.98%, 1: 53.02%
CHEMBL1963796 0: 69.76%, 1: 30.24%
CHEMBL1963797 0: 83.64%, 1: 16.36%
CHEMBL1963798 0: 89.45%, 1: 10.55%
CHEMBL1963799 0: 43.54%, 1: 56.46%
CHEMBL1963800 0: 64.88%, 1: 35.12%
CHEMBL1963801 0: 75.90%, 1: 24.10%
CHEMBL1963802 0: 61.41%, 1: 38.59%
CHEMBL1963803 0: 87.44%, 1: 12.56%
CHEMBL1963804 0: 65.90%, 1: 34.10%
CHEMBL1963805 0: 53.77%, 1: 46.23%
CHEMBL1963806 0: 41.19%, 1: 58.81%
