wandb: Tracking run with wandb version 0.9.3
wandb: Run data is saved locally in wandb/run-20200720_174947-jz8ywrv9
wandb: Syncing run chemprop_0_dropout_4_mp_steps
wandb: ⭐️ View project at https://app.wandb.ai/apappu97/molecule-metalearning-chemprop
wandb: 🚀 View run at https://app.wandb.ai/apappu97/molecule-metalearning-chemprop/runs/jz8ywrv9
wandb: Run `wandb off` to turn off syncing.

Fold 0
Command line
python chemprop/train.py --data_path filtered_chembl/chembl_less_1024_more_128_645_tasks.csv --dataset_type classification --split_type scaffold_balanced --dropout 0 --depth 4 --num_folds 2 --epochs 30 --results_save_dir results/initial_hyperparameter_tuning/ --experiment_name chemprop_0_dropout_4_mp_steps
Args
{'ANIL': False,
 'FO_MAML': False,
 'activation': 'ReLU',
 'atom_messages': False,
 'batch_size': 50,
 'bias': False,
 'cache_cutoff': 10000,
 'checkpoint_dir': None,
 'checkpoint_path': None,
 'checkpoint_paths': None,
 'chembl_assay_metadata_pickle_path': None,
 'class_balance': False,
 'config_path': None,
 'crossval_index_dir': None,
 'crossval_index_file': None,
 'crossval_index_sets': None,
 'data_path': 'filtered_chembl/chembl_less_1024_more_128_645_tasks.csv',
 'dataset_type': 'classification',
 'depth': 4,
 'dropout': 0.0,
 'dummy': False,
 'ensemble_size': 1,
 'epochs': 30,
 'experiment_name': 'chemprop_0_dropout_4_mp_steps',
 'features_generator': None,
 'features_only': False,
 'features_path': None,
 'features_size': None,
 'ffn_hidden_size': 300,
 'ffn_num_layers': 2,
 'final_lr': 0.0001,
 'folds_file': None,
 'gpu': None,
 'hidden_size': 300,
 'init_lr': 0.0001,
 'inner_loop_lr': 0.05,
 'log_frequency': 10,
 'max_data_size': None,
 'max_lr': 0.001,
 'meta_batch_size': 3,
 'meta_learning': False,
 'meta_test_split_sizes': (0.8, 0.1, 0.1),
 'meta_train_split_sizes': (0.8, 0.2, 0),
 'metric': 'auc',
 'minimize_score': False,
 'multiclass_num_classes': 3,
 'no_cuda': False,
 'no_features_scaling': False,
 'num_folds': 2,
 'num_inner_gradient_steps': 2,
 'num_lrs': 1,
 'num_tasks': None,
 'num_workers': 8,
 'outer_loop_lr': 0.003,
 'pytorch_seed': 0,
 'quiet': False,
 'results_save_dir': 'results/initial_hyperparameter_tuning/',
 'save_dir': '/tmp/2273220.23.gpu.q/tmpgk_mra20/fold_0',
 'save_smiles_splits': False,
 'seed': 0,
 'separate_test_features_path': None,
 'separate_test_path': None,
 'separate_val_features_path': None,
 'separate_val_path': None,
 'show_individual_scores': False,
 'smiles_column': None,
 'split_sizes': (0.8, 0.1, 0.1),
 'split_type': 'scaffold_balanced',
 'target_columns': None,
 'task_names': None,
 'test': False,
 'test_fold_index': None,
 'train_data_size': None,
 'undirected': False,
 'use_input_features': False,
 'val_fold_index': None,
 'warmup_epochs': 2.0}
Loading data
0it [00:00, ?it/s]323it [00:00, 3223.62it/s]709it [00:00, 3389.75it/s]1095it [00:00, 3518.07it/s]1482it [00:00, 3614.22it/s]1871it [00:00, 3691.42it/s]2258it [00:00, 3741.87it/s]2643it [00:00, 3773.06it/s]3095it [00:00, 3934.90it/s]3629it [00:00, 4271.14it/s]4142it [00:01, 3745.83it/s]4668it [00:01, 4099.21it/s]5189it [00:01, 4363.86it/s]5705it [00:01, 4573.93it/s]6236it [00:01, 4738.74it/s]6765it [00:01, 4890.59it/s]7283it [00:01, 4971.40it/s]7820it [00:01, 5084.43it/s]8334it [00:01, 4155.72it/s]8871it [00:02, 4457.88it/s]9389it [00:02, 4651.15it/s]9930it [00:02, 4854.16it/s]10451it [00:02, 4954.19it/s]10989it [00:02, 5073.31it/s]11514it [00:02, 5124.12it/s]12034it [00:02, 5047.08it/s]12544it [00:02, 4325.77it/s]13038it [00:02, 4493.27it/s]13513it [00:03, 4564.80it/s]13982it [00:03, 4526.10it/s]14444it [00:03, 4443.17it/s]14906it [00:03, 4492.37it/s]15360it [00:03, 4455.69it/s]15818it [00:03, 4490.65it/s]16298it [00:03, 4577.96it/s]16758it [00:03, 4026.82it/s]17175it [00:04, 1809.95it/s]17590it [00:04, 2178.35it/s]18127it [00:04, 2650.84it/s]18682it [00:04, 3142.51it/s]19217it [00:04, 3586.21it/s]19774it [00:04, 4013.98it/s]20310it [00:04, 4340.80it/s]20862it [00:05, 4637.76it/s]21385it [00:05, 4286.47it/s]21918it [00:05, 4552.14it/s]22449it [00:05, 4755.01it/s]22980it [00:05, 4907.63it/s]23532it [00:05, 5074.08it/s]24064it [00:05, 5144.51it/s]24607it [00:05, 5225.72it/s]25140it [00:05, 5254.44it/s]25672it [00:06, 4692.09it/s]26201it [00:06, 4856.52it/s]26754it [00:06, 5039.95it/s]27286it [00:06, 5118.77it/s]27818it [00:06, 5177.38it/s]28346it [00:06, 5206.31it/s]28893it [00:06, 5249.06it/s]29446it [00:06, 5327.99it/s]29982it [00:06, 4106.32it/s]30437it [00:07, 4033.61it/s]30872it [00:07, 3975.35it/s]31292it [00:07, 3792.62it/s]31689it [00:07, 3644.82it/s]32080it [00:07, 3719.87it/s]32472it [00:07, 3775.36it/s]32865it [00:07, 3817.94it/s]33257it [00:07, 3847.31it/s]33722it [00:07, 4056.20it/s]34134it [00:08, 3604.39it/s]34675it [00:08, 4005.39it/s]35196it [00:08, 4302.18it/s]35738it [00:08, 4584.22it/s]36258it [00:08, 4750.93it/s]36799it [00:08, 4929.42it/s]37305it [00:08, 4964.87it/s]37846it [00:08, 5089.42it/s]38363it [00:08, 4393.17it/s]38905it [00:08, 4657.58it/s]39410it [00:09, 4767.57it/s]39953it [00:09, 4946.99it/s]40472it [00:09, 5015.71it/s]41015it [00:09, 5130.72it/s]41535it [00:09, 5139.38it/s]42075it [00:09, 5212.26it/s]42600it [00:09, 4448.66it/s]43141it [00:09, 4698.22it/s]43666it [00:09, 4848.82it/s]44193it [00:10, 4967.36it/s]44701it [00:10, 4312.61it/s]45156it [00:10, 4186.32it/s]45592it [00:10, 4032.78it/s]46009it [00:10, 3858.63it/s]46406it [00:10, 3195.35it/s]46795it [00:10, 3376.08it/s]47187it [00:10, 3520.89it/s]47585it [00:11, 3646.37it/s]48015it [00:11, 3820.07it/s]48409it [00:11, 3487.07it/s]48798it [00:11, 3597.97it/s]49282it [00:11, 3898.01it/s]49702it [00:11, 3981.35it/s]50111it [00:11, 3966.40it/s]50516it [00:11, 3136.73it/s]50909it [00:11, 3337.17it/s]51301it [00:12, 3490.88it/s]51705it [00:12, 3637.74it/s]52239it [00:12, 4022.12it/s]52763it [00:12, 4322.97it/s]53275it [00:12, 4534.21it/s]53781it [00:12, 4678.18it/s]54288it [00:12, 4787.13it/s]54778it [00:12, 3963.08it/s]55308it [00:12, 4287.12it/s]55794it [00:13, 4442.61it/s]56325it [00:13, 4669.68it/s]56847it [00:13, 4822.00it/s]57381it [00:13, 4964.42it/s]57895it [00:13, 5015.74it/s]58427it [00:13, 5100.88it/s]58943it [00:13, 4371.63it/s]59488it [00:13, 4647.36it/s]59996it [00:13, 4767.42it/s]60547it [00:13, 4966.46it/s]61071it [00:14, 5043.09it/s]61603it [00:14, 5122.33it/s]61865it [00:14, 4345.68it/s]
  0% 0/61865 [00:00<?, ?it/s]  3% 1581/61865 [00:01<01:05, 916.59it/s] 70% 43456/61865 [00:01<00:14, 1308.19it/s] 91% 56038/61865 [00:03<00:03, 1771.62it/s]100% 61865/61865 [00:03<00:00, 20180.75it/s]
  0% 0/61865 [00:00<?, ?it/s]  1% 454/61865 [00:00<00:13, 4531.74it/s]  1% 896/61865 [00:00<00:13, 4494.24it/s]  2% 1356/61865 [00:00<00:13, 4524.83it/s]  3% 1790/61865 [00:00<00:13, 4466.10it/s]  4% 2177/61865 [00:00<00:13, 4266.14it/s]  4% 2553/61865 [00:00<00:14, 4099.06it/s]  5% 3003/61865 [00:00<00:13, 4210.41it/s]  6% 3491/61865 [00:00<00:13, 4388.25it/s]  6% 3908/61865 [00:00<00:13, 4252.56it/s]  7% 4319/61865 [00:01<00:16, 3580.97it/s]  8% 4685/61865 [00:01<00:17, 3249.62it/s]  8% 5022/61865 [00:01<00:17, 3216.49it/s]  9% 5352/61865 [00:01<00:17, 3141.14it/s]  9% 5673/61865 [00:01<00:18, 3053.19it/s] 10% 5991/61865 [00:01<00:18, 3088.83it/s] 10% 6407/61865 [00:01<00:16, 3346.01it/s] 11% 6822/61865 [00:01<00:15, 3551.65it/s] 12% 7259/61865 [00:01<00:14, 3762.70it/s] 12% 7650/61865 [00:02<00:14, 3804.67it/s] 13% 8103/61865 [00:02<00:13, 3993.97it/s] 14% 8510/61865 [00:02<00:13, 3954.60it/s] 14% 8958/61865 [00:02<00:12, 4098.61it/s] 15% 9386/61865 [00:02<00:12, 4150.74it/s] 16% 9805/61865 [00:02<00:12, 4131.38it/s] 17% 10236/61865 [00:02<00:12, 4181.92it/s] 17% 10657/61865 [00:02<00:12, 4178.74it/s] 18% 11077/61865 [00:02<00:12, 4166.11it/s] 19% 11515/61865 [00:02<00:11, 4227.54it/s] 19% 11941/61865 [00:03<00:11, 4235.93it/s] 20% 12372/61865 [00:03<00:11, 4256.99it/s] 21% 12802/61865 [00:03<00:11, 4269.55it/s] 21% 13236/61865 [00:03<00:11, 4287.26it/s] 22% 13683/61865 [00:03<00:11, 4336.08it/s] 23% 14117/61865 [00:03<00:11, 4306.77it/s] 24% 14548/61865 [00:03<00:11, 4229.09it/s] 24% 14972/61865 [00:03<00:11, 4212.98it/s] 25% 15403/61865 [00:03<00:10, 4239.09it/s] 26% 15831/61865 [00:03<00:10, 4248.41it/s] 26% 16259/61865 [00:04<00:10, 4255.01it/s] 27% 16700/61865 [00:04<00:10, 4298.01it/s] 28% 17161/61865 [00:04<00:10, 4386.30it/s] 28% 17601/61865 [00:04<00:10, 4369.47it/s] 29% 18051/61865 [00:04<00:09, 4407.58it/s] 30% 18493/61865 [00:04<00:09, 4387.96it/s] 31% 18933/61865 [00:04<00:09, 4343.45it/s] 31% 19368/61865 [00:04<00:09, 4318.83it/s] 32% 19813/61865 [00:04<00:09, 4355.54it/s] 33% 20249/61865 [00:04<00:09, 4297.98it/s] 33% 20680/61865 [00:05<00:09, 4257.63it/s] 34% 21109/61865 [00:05<00:09, 4265.68it/s] 35% 21536/61865 [00:05<00:09, 4235.95it/s] 36% 21981/61865 [00:05<00:09, 4295.35it/s] 36% 22411/61865 [00:05<00:09, 4285.91it/s] 37% 22856/61865 [00:05<00:09, 4333.67it/s] 38% 23295/61865 [00:05<00:08, 4349.32it/s] 38% 23738/61865 [00:05<00:08, 4372.49it/s] 39% 24176/61865 [00:05<00:08, 4371.69it/s] 40% 24614/61865 [00:05<00:08, 4343.56it/s] 40% 25049/61865 [00:06<00:08, 4341.76it/s] 41% 25489/61865 [00:06<00:08, 4356.16it/s] 42% 25925/61865 [00:06<00:08, 4326.51it/s] 43% 26358/61865 [00:06<00:08, 4293.03it/s] 43% 26795/61865 [00:06<00:08, 4314.94it/s] 44% 27227/61865 [00:06<00:08, 4162.19it/s] 45% 27669/61865 [00:06<00:08, 4235.53it/s] 45% 28096/61865 [00:06<00:07, 4245.14it/s] 46% 28522/61865 [00:06<00:08, 4155.67it/s] 47% 28939/61865 [00:07<00:08, 4049.90it/s] 47% 29346/61865 [00:07<00:08, 4035.29it/s] 48% 29767/61865 [00:07<00:07, 4084.40it/s] 49% 30177/61865 [00:07<00:07, 4012.31it/s] 49% 30580/61865 [00:07<00:07, 3979.12it/s] 50% 30979/61865 [00:07<00:07, 3945.27it/s] 51% 31380/61865 [00:07<00:07, 3961.03it/s] 51% 31777/61865 [00:07<00:07, 3920.68it/s] 52% 32171/61865 [00:07<00:07, 3923.80it/s] 53% 32564/61865 [00:07<00:07, 3880.37it/s] 53% 32953/61865 [00:08<00:08, 3433.79it/s] 54% 33307/61865 [00:08<00:09, 3092.32it/s] 54% 33630/61865 [00:08<00:09, 3059.75it/s] 55% 33946/61865 [00:08<00:09, 3071.75it/s] 56% 34336/61865 [00:08<00:08, 3279.26it/s] 56% 34764/61865 [00:08<00:07, 3525.57it/s] 57% 35186/61865 [00:08<00:07, 3706.49it/s] 58% 35591/61865 [00:08<00:06, 3802.07it/s] 58% 36019/61865 [00:08<00:06, 3932.93it/s] 59% 36440/61865 [00:09<00:06, 4010.96it/s] 60% 36878/61865 [00:09<00:06, 4114.17it/s] 60% 37309/61865 [00:09<00:05, 4170.93it/s] 61% 37760/61865 [00:09<00:05, 4267.08it/s] 62% 38198/61865 [00:09<00:05, 4299.71it/s] 62% 38632/61865 [00:09<00:05, 4308.80it/s] 63% 39065/61865 [00:09<00:05, 4287.15it/s] 64% 39501/61865 [00:09<00:05, 4305.76it/s] 65% 39940/61865 [00:09<00:05, 4327.88it/s] 65% 40374/61865 [00:09<00:04, 4306.16it/s] 66% 40806/61865 [00:10<00:04, 4257.63it/s] 67% 41245/61865 [00:10<00:04, 4294.70it/s] 67% 41675/61865 [00:10<00:04, 4281.18it/s] 68% 42104/61865 [00:10<00:04, 4238.04it/s] 69% 42529/61865 [00:10<00:04, 4214.75it/s] 69% 42965/61865 [00:10<00:04, 4256.07it/s] 70% 43398/61865 [00:10<00:04, 4276.55it/s] 71% 43836/61865 [00:10<00:04, 4306.71it/s] 72% 44274/61865 [00:10<00:04, 4327.63it/s] 72% 44720/61865 [00:10<00:03, 4366.39it/s] 73% 45157/61865 [00:11<00:03, 4342.28it/s] 74% 45592/61865 [00:11<00:03, 4343.80it/s] 74% 46027/61865 [00:11<00:03, 4301.21it/s] 75% 46458/61865 [00:11<00:03, 4291.13it/s] 76% 46888/61865 [00:11<00:03, 4293.31it/s] 76% 47319/61865 [00:11<00:03, 4296.46it/s] 77% 47749/61865 [00:11<00:03, 4290.09it/s] 78% 48181/61865 [00:11<00:03, 4296.72it/s] 79% 48611/61865 [00:11<00:03, 4243.37it/s] 79% 49036/61865 [00:11<00:03, 4217.24it/s] 80% 49458/61865 [00:12<00:02, 4177.87it/s] 81% 49876/61865 [00:12<00:02, 4139.55it/s] 81% 50291/61865 [00:12<00:02, 4126.86it/s] 82% 50704/61865 [00:12<00:02, 4071.59it/s] 83% 51112/61865 [00:12<00:02, 4036.58it/s] 83% 51516/61865 [00:12<00:02, 4028.51it/s] 84% 51920/61865 [00:12<00:02, 3978.71it/s] 85% 52339/61865 [00:12<00:02, 4038.01it/s] 85% 52744/61865 [00:12<00:02, 4011.37it/s] 86% 53146/61865 [00:12<00:02, 3971.05it/s] 87% 53554/61865 [00:13<00:02, 4001.35it/s] 87% 53966/61865 [00:13<00:01, 4029.87it/s] 88% 54377/61865 [00:13<00:01, 4050.44it/s] 89% 54801/61865 [00:13<00:01, 4102.29it/s] 89% 55212/61865 [00:13<00:01, 4056.67it/s] 90% 55618/61865 [00:13<00:01, 3931.60it/s] 91% 56013/61865 [00:13<00:01, 3755.85it/s] 91% 56402/61865 [00:13<00:01, 3794.46it/s] 92% 56784/61865 [00:13<00:01, 3790.48it/s] 92% 57165/61865 [00:14<00:01, 3530.98it/s] 93% 57523/61865 [00:14<00:01, 3238.90it/s] 94% 57855/61865 [00:14<00:01, 2992.57it/s] 94% 58164/61865 [00:14<00:01, 2831.22it/s] 94% 58456/61865 [00:14<00:01, 2682.68it/s] 95% 58807/61865 [00:14<00:01, 2886.02it/s] 96% 59214/61865 [00:14<00:00, 3161.23it/s] 96% 59612/61865 [00:14<00:00, 3368.70it/s] 97% 59963/61865 [00:14<00:00, 3365.06it/s] 98% 60327/61865 [00:15<00:00, 3439.61it/s] 98% 60681/61865 [00:15<00:00, 3468.43it/s] 99% 61033/61865 [00:15<00:00, 3411.39it/s] 99% 61492/61865 [00:15<00:00, 3695.90it/s]100% 61865/61865 [00:15<00:00, 4004.66it/s]
Number of tasks = 645
Splitting data with seed 0
  0% 0/61865 [00:00<?, ?it/s]  1% 474/61865 [00:00<00:12, 4735.89it/s]  2% 945/61865 [00:00<00:12, 4725.42it/s]  2% 1372/61865 [00:00<00:13, 4577.72it/s]  3% 1767/61865 [00:00<00:13, 4368.48it/s]  4% 2171/61865 [00:00<00:14, 4250.50it/s]  4% 2586/61865 [00:00<00:14, 4219.39it/s]  5% 3000/61865 [00:00<00:14, 4194.24it/s]  6% 3458/61865 [00:00<00:13, 4302.63it/s]  6% 3863/61865 [00:00<00:13, 4183.88it/s]  7% 4265/61865 [00:01<00:14, 3995.08it/s]  8% 4684/61865 [00:01<00:14, 4050.71it/s]  8% 5083/61865 [00:01<00:14, 4028.50it/s]  9% 5481/61865 [00:01<00:14, 3888.48it/s]  9% 5868/61865 [00:01<00:14, 3806.82it/s] 10% 6248/61865 [00:01<00:14, 3780.01it/s] 11% 6626/61865 [00:01<00:14, 3740.59it/s] 11% 7031/61865 [00:01<00:14, 3827.63it/s] 12% 7414/61865 [00:01<00:14, 3807.16it/s] 13% 7795/61865 [00:01<00:14, 3727.78it/s] 13% 8169/61865 [00:02<00:14, 3596.11it/s] 14% 8530/61865 [00:02<00:15, 3540.17it/s] 14% 8886/61865 [00:02<00:15, 3497.10it/s] 15% 9285/61865 [00:02<00:14, 3629.36it/s] 16% 9676/61865 [00:02<00:14, 3707.72it/s] 16% 10070/61865 [00:02<00:13, 3774.08it/s] 17% 10450/61865 [00:02<00:13, 3781.53it/s] 18% 10832/61865 [00:02<00:13, 3788.78it/s] 18% 11227/61865 [00:02<00:13, 3835.43it/s] 19% 11616/61865 [00:02<00:13, 3848.89it/s] 19% 12006/61865 [00:03<00:12, 3863.39it/s] 20% 12406/61865 [00:03<00:12, 3902.99it/s] 21% 12805/61865 [00:03<00:12, 3927.80it/s] 21% 13205/61865 [00:03<00:12, 3948.41it/s] 22% 13626/61865 [00:03<00:12, 4019.43it/s] 23% 14029/61865 [00:03<00:12, 3983.12it/s] 23% 14428/61865 [00:03<00:12, 3906.20it/s] 24% 14820/61865 [00:03<00:12, 3842.39it/s] 25% 15214/61865 [00:03<00:12, 3870.38it/s] 25% 15602/61865 [00:03<00:11, 3870.66it/s] 26% 16004/61865 [00:04<00:11, 3912.70it/s] 27% 16401/61865 [00:04<00:11, 3928.18it/s] 27% 16810/61865 [00:04<00:11, 3973.99it/s] 28% 17231/61865 [00:04<00:11, 4040.53it/s] 29% 17636/61865 [00:04<00:11, 4011.48it/s] 29% 18058/61865 [00:04<00:10, 4071.44it/s] 30% 18466/61865 [00:04<00:10, 4050.20it/s] 31% 18872/61865 [00:04<00:10, 4012.96it/s] 31% 19274/61865 [00:04<00:10, 3995.19it/s] 32% 19685/61865 [00:04<00:10, 4027.84it/s] 32% 20089/61865 [00:05<00:10, 3982.70it/s] 33% 20488/61865 [00:05<00:10, 3883.02it/s] 34% 20878/61865 [00:05<00:10, 3777.57it/s] 34% 21257/61865 [00:05<00:10, 3716.44it/s] 35% 21630/61865 [00:05<00:11, 3629.68it/s] 36% 21995/61865 [00:05<00:10, 3630.07it/s] 36% 22359/61865 [00:05<00:11, 3474.29it/s] 37% 22716/61865 [00:05<00:11, 3501.90it/s] 37% 23068/61865 [00:05<00:11, 3501.18it/s] 38% 23420/61865 [00:06<00:10, 3505.98it/s] 38% 23772/61865 [00:06<00:10, 3492.94it/s] 39% 24145/61865 [00:06<00:10, 3559.70it/s] 40% 24522/61865 [00:06<00:10, 3619.25it/s] 40% 24885/61865 [00:06<00:10, 3615.46it/s] 41% 25254/61865 [00:06<00:10, 3636.45it/s] 41% 25619/61865 [00:06<00:11, 3224.66it/s] 42% 25968/61865 [00:06<00:10, 3297.31it/s] 43% 26364/61865 [00:06<00:10, 3470.37it/s] 43% 26764/61865 [00:06<00:09, 3611.31it/s] 44% 27171/61865 [00:07<00:09, 3736.51it/s] 45% 27572/61865 [00:07<00:08, 3813.93it/s] 45% 27979/61865 [00:07<00:08, 3885.78it/s] 46% 28371/61865 [00:07<00:08, 3866.14it/s] 46% 28760/61865 [00:07<00:08, 3859.44it/s] 47% 29148/61865 [00:07<00:08, 3862.07it/s] 48% 29544/61865 [00:07<00:08, 3890.83it/s] 48% 29955/61865 [00:07<00:08, 3951.91it/s] 49% 30357/61865 [00:07<00:07, 3970.40it/s] 50% 30759/61865 [00:08<00:07, 3984.55it/s] 50% 31158/61865 [00:08<00:07, 3954.32it/s] 51% 31563/61865 [00:08<00:07, 3980.32it/s] 52% 31965/61865 [00:08<00:07, 3991.64it/s] 52% 32365/61865 [00:08<00:07, 3951.69it/s] 53% 32761/61865 [00:08<00:07, 3934.19it/s] 54% 33163/61865 [00:08<00:07, 3957.84it/s] 54% 33564/61865 [00:08<00:07, 3971.59it/s] 55% 33962/61865 [00:08<00:07, 3961.15it/s] 56% 34368/61865 [00:08<00:06, 3986.28it/s] 56% 34767/61865 [00:09<00:06, 3941.09it/s] 57% 35162/61865 [00:09<00:06, 3900.28it/s] 57% 35553/61865 [00:09<00:06, 3870.42it/s] 58% 35945/61865 [00:09<00:06, 3881.97it/s] 59% 36334/61865 [00:09<00:06, 3884.25it/s] 59% 36732/61865 [00:09<00:06, 3909.01it/s] 60% 37145/61865 [00:09<00:06, 3971.07it/s] 61% 37552/61865 [00:09<00:06, 3998.13it/s] 61% 37953/61865 [00:09<00:05, 3992.93it/s] 62% 38359/61865 [00:09<00:05, 4010.12it/s] 63% 38761/61865 [00:10<00:05, 3986.89it/s] 63% 39160/61865 [00:10<00:05, 3941.14it/s] 64% 39566/61865 [00:10<00:05, 3974.68it/s] 65% 39968/61865 [00:10<00:05, 3985.03it/s] 65% 40367/61865 [00:10<00:05, 3969.76it/s] 66% 40765/61865 [00:10<00:05, 3906.71it/s] 67% 41164/61865 [00:10<00:05, 3928.95it/s] 67% 41558/61865 [00:10<00:05, 3931.39it/s] 68% 41964/61865 [00:10<00:05, 3965.39it/s] 68% 42361/61865 [00:10<00:04, 3922.57it/s] 69% 42754/61865 [00:11<00:04, 3882.24it/s] 70% 43162/61865 [00:11<00:04, 3938.80it/s] 70% 43563/61865 [00:11<00:04, 3958.37it/s] 71% 43960/61865 [00:11<00:04, 3945.31it/s] 72% 44364/61865 [00:11<00:04, 3971.55it/s] 72% 44777/61865 [00:11<00:04, 4016.18it/s] 73% 45179/61865 [00:11<00:04, 4001.96it/s] 74% 45580/61865 [00:11<00:04, 3983.06it/s] 74% 45979/61865 [00:11<00:04, 3939.20it/s] 75% 46374/61865 [00:11<00:03, 3925.73it/s] 76% 46767/61865 [00:12<00:03, 3893.58it/s] 76% 47157/61865 [00:12<00:03, 3880.65it/s] 77% 47546/61865 [00:12<00:03, 3767.99it/s] 77% 47924/61865 [00:12<00:03, 3705.95it/s] 78% 48296/61865 [00:12<00:03, 3653.68it/s] 79% 48663/61865 [00:12<00:03, 3502.60it/s] 79% 49016/61865 [00:12<00:03, 3435.23it/s] 80% 49362/61865 [00:12<00:03, 3390.70it/s] 80% 49703/61865 [00:12<00:03, 3329.50it/s] 81% 50038/61865 [00:13<00:03, 3265.72it/s] 81% 50366/61865 [00:13<00:03, 3215.35it/s] 82% 50689/61865 [00:13<00:03, 3185.91it/s] 82% 51024/61865 [00:13<00:03, 3231.91it/s] 83% 51348/61865 [00:13<00:03, 3166.25it/s] 84% 51666/61865 [00:13<00:03, 3152.82it/s] 84% 51982/61865 [00:13<00:03, 3090.94it/s] 85% 52292/61865 [00:13<00:03, 2767.31it/s] 85% 52576/61865 [00:13<00:03, 2600.11it/s] 85% 52843/61865 [00:14<00:03, 2616.44it/s] 86% 53113/61865 [00:14<00:03, 2638.82it/s] 86% 53381/61865 [00:14<00:03, 2642.82it/s] 87% 53755/61865 [00:14<00:02, 2896.21it/s] 87% 54096/61865 [00:14<00:02, 3032.00it/s] 88% 54442/61865 [00:14<00:02, 3135.02it/s] 89% 54823/61865 [00:14<00:02, 3310.46it/s] 89% 55177/61865 [00:14<00:01, 3375.74it/s] 90% 55520/61865 [00:14<00:01, 3203.95it/s] 90% 55875/61865 [00:14<00:01, 3298.64it/s] 91% 56250/61865 [00:15<00:01, 3420.63it/s] 91% 56604/61865 [00:15<00:01, 3439.49it/s] 92% 56952/61865 [00:15<00:01, 3302.08it/s] 93% 57286/61865 [00:15<00:01, 3123.95it/s] 93% 57603/61865 [00:15<00:01, 2702.90it/s] 94% 57887/61865 [00:15<00:01, 2507.38it/s] 94% 58150/61865 [00:15<00:01, 2346.31it/s] 94% 58396/61865 [00:15<00:01, 2294.39it/s] 95% 58656/61865 [00:16<00:01, 2376.03it/s] 95% 59059/61865 [00:16<00:01, 2709.36it/s] 96% 59483/61865 [00:16<00:00, 3037.34it/s] 97% 59847/61865 [00:16<00:00, 3194.23it/s] 97% 60188/61865 [00:16<00:00, 3124.83it/s] 98% 60586/61865 [00:16<00:00, 3339.05it/s] 99% 61014/61865 [00:16<00:00, 3572.99it/s] 99% 61437/61865 [00:16<00:00, 3747.24it/s]100% 61851/61865 [00:16<00:00, 3854.81it/s]100% 61865/61865 [00:16<00:00, 3677.19it/s]
Total scaffolds = 30,615 | train scaffolds = 24,639 | val scaffolds = 3,133 | test scaffolds = 2,843
/home/apappu/thesis/molecule-metalearning/chemprop/chemprop/data/scaffold.py:152: RuntimeWarning: Mean of empty slice
  target_avgs.append(np.nanmean(targets, axis=0))
Label averages per scaffold, in decreasing order of scaffold frequency,capped at 10 scaffolds and 20 labels: [(array([nan, nan, nan, nan, nan, nan, nan, nan, nan, nan, nan, nan, nan,
       nan, nan, nan, nan, nan, nan, nan]), array([0, 0, 0, 0, 0, 0, 0, 0, 0, 0, 0, 0, 0, 0, 0, 0, 0, 0, 0, 0])), (array([nan, nan, nan, nan, nan, nan, nan, nan, nan, nan, nan, nan, nan,
       nan, nan, 0.5, nan, nan, nan, nan]), array([0, 0, 0, 0, 0, 0, 0, 0, 0, 0, 0, 0, 0, 0, 0, 2, 0, 0, 0, 0])), (array([nan, nan, nan, nan, nan, nan, nan, nan, nan, nan, nan, nan, nan,
       nan, nan, nan, nan, nan, nan, nan]), array([0, 0, 0, 0, 0, 0, 0, 0, 0, 0, 0, 0, 0, 0, 0, 0, 0, 0, 0, 0])), (array([nan, nan, nan, nan, nan, nan, nan, nan, nan, nan, nan, nan, nan,
       nan, nan, nan, nan, nan, nan, nan]), array([0, 0, 0, 0, 0, 0, 0, 0, 0, 0, 0, 0, 0, 0, 0, 0, 0, 0, 0, 0])), (array([nan, nan, nan, nan, nan, nan, nan, nan, nan, nan, nan, nan, nan,
       nan, nan, nan, nan, nan, nan, nan]), array([0, 0, 0, 0, 0, 0, 0, 0, 0, 0, 0, 0, 0, 0, 0, 0, 0, 0, 0, 0])), (array([nan, nan, nan, nan, nan, nan, nan, nan, nan, nan, nan, nan, nan,
       nan, nan, nan, nan, nan, nan, nan]), array([0, 0, 0, 0, 0, 0, 0, 0, 0, 0, 0, 0, 0, 0, 0, 0, 0, 0, 0, 0])), (array([nan, nan, nan, nan, nan, nan, nan, nan, nan, nan, nan, nan, nan,
       nan, nan, nan, nan, nan, nan, nan]), array([0, 0, 0, 0, 0, 0, 0, 0, 0, 0, 0, 0, 0, 0, 0, 0, 0, 0, 0, 0])), (array([nan, nan, nan, nan, nan, nan, nan, nan, nan, nan, nan, nan, nan,
       nan, nan, nan, nan, nan, nan, nan]), array([0, 0, 0, 0, 0, 0, 0, 0, 0, 0, 0, 0, 0, 0, 0, 0, 0, 0, 0, 0])), (array([nan, nan, nan, nan, nan, nan, nan, nan, nan, nan, nan, nan, nan,
       nan, nan, nan, nan, nan, nan, nan]), array([0, 0, 0, 0, 0, 0, 0, 0, 0, 0, 0, 0, 0, 0, 0, 0, 0, 0, 0, 0])), (array([nan, nan, nan, nan, nan, nan, nan, nan, nan, nan, nan, nan, nan,
       nan, nan, nan, nan, nan, nan, nan]), array([0, 0, 0, 0, 0, 0, 0, 0, 0, 0, 0, 0, 0, 0, 0, 0, 0, 0, 0, 0]))]
Class sizes
CHEMBL1033994 0: 41.98%, 1: 58.02%
CHEMBL1119333 0: 9.59%, 1: 90.41%
CHEMBL1217000 0: 52.41%, 1: 47.59%
CHEMBL1243965 0: 17.11%, 1: 82.89%
CHEMBL1243966 0: 41.96%, 1: 58.04%
CHEMBL1243967 0: 10.17%, 1: 89.83%
CHEMBL1243968 0: 15.06%, 1: 84.94%
CHEMBL1243970 0: 6.91%, 1: 93.09%
CHEMBL1243972 0: 9.92%, 1: 90.08%
CHEMBL1243976 0: 28.99%, 1: 71.01%
CHEMBL1246087 0: 33.88%, 1: 66.12%
CHEMBL1246088 0: 48.37%, 1: 51.63%
CHEMBL1613762 0: 2.45%, 1: 97.55%
CHEMBL1613779 0: 58.47%, 1: 41.53%
CHEMBL1613785 0: 43.22%, 1: 56.78%
CHEMBL1613787 0: 69.08%, 1: 30.92%
CHEMBL1613807 0: 95.99%, 1: 4.01%
CHEMBL1613813 0: 44.20%, 1: 55.80%
CHEMBL1613814 0: 53.85%, 1: 46.15%
CHEMBL1613817 0: 84.86%, 1: 15.14%
CHEMBL1613853 0: 41.86%, 1: 58.14%
CHEMBL1613861 0: 14.47%, 1: 85.53%
CHEMBL1613864 0: 5.19%, 1: 94.81%
CHEMBL1613867 0: 97.13%, 1: 2.87%
CHEMBL1613870 0: 15.80%, 1: 84.20%
CHEMBL1613871 0: 6.15%, 1: 93.85%
CHEMBL1613874 0: 65.78%, 1: 34.22%
CHEMBL1613876 0: 54.35%, 1: 45.65%
CHEMBL1613884 0: 21.51%, 1: 78.49%
CHEMBL1613890 0: 34.85%, 1: 65.15%
CHEMBL1613897 0: 46.64%, 1: 53.36%
CHEMBL1613898 0: 75.45%, 1: 24.55%
CHEMBL1613904 0: 50.77%, 1: 49.23%
CHEMBL1613907 0: 5.34%, 1: 94.66%
CHEMBL1613926 0: 30.15%, 1: 69.85%
CHEMBL1613928 0: 45.90%, 1: 54.10%
CHEMBL1613929 0: 81.25%, 1: 18.75%
CHEMBL1613941 0: 32.58%, 1: 67.42%
CHEMBL1613942 0: 41.43%, 1: 58.57%
CHEMBL1613947 0: 46.01%, 1: 53.99%
CHEMBL1613949 0: 60.13%, 1: 39.87%
CHEMBL1613950 0: 43.05%, 1: 56.95%
CHEMBL1613955 0: 54.04%, 1: 45.96%
CHEMBL1613962 0: 24.26%, 1: 75.74%
CHEMBL1613967 0: 44.59%, 1: 55.41%
CHEMBL1613981 0: 58.85%, 1: 41.15%
CHEMBL1613991 0: 14.98%, 1: 85.02%
CHEMBL1613997 0: 7.73%, 1: 92.27%
CHEMBL1614001 0: 98.28%, 1: 1.72%
CHEMBL1614004 0: 14.66%, 1: 85.34%
CHEMBL1614016 0: 12.22%, 1: 87.78%
CHEMBL1614030 0: 19.96%, 1: 80.04%
CHEMBL1614034 0: 2.63%, 1: 97.37%
CHEMBL1614035 0: 77.14%, 1: 22.86%
CHEMBL1614049 0: 39.63%, 1: 60.37%
CHEMBL1614053 0: 42.48%, 1: 57.52%
CHEMBL1614063 0: 95.18%, 1: 4.82%
CHEMBL1614065 0: 9.71%, 1: 90.29%
CHEMBL1614066 0: 94.74%, 1: 5.26%
CHEMBL1614069 0: 56.82%, 1: 43.18%
CHEMBL1614072 0: 50.36%, 1: 49.64%
CHEMBL1614084 0: 13.26%, 1: 86.74%
CHEMBL1614091 0: 4.43%, 1: 95.57%
CHEMBL1614092 0: 47.50%, 1: 52.50%
CHEMBL1614097 0: 46.99%, 1: 53.01%
CHEMBL1614098 0: 97.25%, 1: 2.75%
CHEMBL1614104 0: 7.74%, 1: 92.26%
CHEMBL1614105 0: 6.12%, 1: 93.88%
CHEMBL1614109 0: 59.87%, 1: 40.13%
CHEMBL1614128 0: 10.35%, 1: 89.65%
CHEMBL1614131 0: 97.14%, 1: 2.86%
CHEMBL1614132 0: 42.07%, 1: 57.93%
CHEMBL1614138 0: 67.83%, 1: 32.17%
CHEMBL1614155 0: 25.40%, 1: 74.60%
CHEMBL1614158 0: 74.52%, 1: 25.48%
CHEMBL1614167 0: 16.17%, 1: 83.83%
CHEMBL1614170 0: 68.86%, 1: 31.14%
CHEMBL1614171 0: 93.77%, 1: 6.23%
CHEMBL1614175 0: 80.66%, 1: 19.34%
CHEMBL1614185 0: 26.17%, 1: 73.83%
CHEMBL1614197 0: 5.26%, 1: 94.74%
CHEMBL1614199 0: 49.66%, 1: 50.34%
CHEMBL1614202 0: 7.32%, 1: 92.68%
CHEMBL1614215 0: 52.76%, 1: 47.24%
CHEMBL1614216 0: 48.52%, 1: 51.48%
CHEMBL1614218 0: 22.36%, 1: 77.64%
CHEMBL1614225 0: 62.50%, 1: 37.50%
CHEMBL1614244 0: 38.85%, 1: 61.15%
CHEMBL1614247 0: 44.34%, 1: 55.66%
CHEMBL1614252 0: 60.11%, 1: 39.89%
CHEMBL1614255 0: 61.26%, 1: 38.74%
CHEMBL1614259 0: 32.82%, 1: 67.18%
CHEMBL1614272 0: 67.71%, 1: 32.29%
CHEMBL1614276 0: 51.74%, 1: 48.26%
CHEMBL1614287 0: 85.53%, 1: 14.47%
CHEMBL1614288 0: 72.51%, 1: 27.49%
CHEMBL1614290 0: 4.51%, 1: 95.49%
CHEMBL1614295 0: 2.29%, 1: 97.71%
CHEMBL1614301 0: 19.74%, 1: 80.26%
CHEMBL1614304 0: 63.76%, 1: 36.24%
CHEMBL1614309 0: 27.66%, 1: 72.34%
CHEMBL1614311 0: 53.76%, 1: 46.24%
CHEMBL1614314 0: 94.70%, 1: 5.30%
CHEMBL1614319 0: 72.16%, 1: 27.84%
CHEMBL1614320 0: 29.79%, 1: 70.21%
CHEMBL1614321 0: 60.16%, 1: 39.84%
CHEMBL1614328 0: 46.64%, 1: 53.36%
CHEMBL1614329 0: 40.69%, 1: 59.31%
CHEMBL1614336 0: 47.01%, 1: 52.99%
CHEMBL1614344 0: 67.72%, 1: 32.28%
CHEMBL1614356 0: 43.90%, 1: 56.10%
CHEMBL1614359 0: 50.26%, 1: 49.74%
CHEMBL1614363 0: 53.19%, 1: 46.81%
CHEMBL1614385 0: 93.27%, 1: 6.73%
CHEMBL1614388 0: 56.19%, 1: 43.81%
CHEMBL1614393 0: 45.00%, 1: 55.00%
CHEMBL1614395 0: 11.32%, 1: 88.68%
CHEMBL1614403 0: 88.15%, 1: 11.85%
CHEMBL1614423 0: 57.84%, 1: 42.16%
CHEMBL1614425 0: 38.24%, 1: 61.76%
CHEMBL1614433 0: 60.77%, 1: 39.23%
CHEMBL1614434 0: 80.25%, 1: 19.75%
CHEMBL1614456 0: 3.36%, 1: 96.64%
CHEMBL1614466 0: 10.32%, 1: 89.68%
CHEMBL1614469 0: 24.90%, 1: 75.10%
CHEMBL1614477 0: 43.75%, 1: 56.25%
CHEMBL1614478 0: 12.50%, 1: 87.50%
CHEMBL1614480 0: 85.71%, 1: 14.29%
CHEMBL1614484 0: 9.01%, 1: 90.99%
CHEMBL1614492 0: 40.54%, 1: 59.46%
CHEMBL1614499 0: 44.47%, 1: 55.53%
CHEMBL1614503 0: 40.30%, 1: 59.70%
CHEMBL1614504 0: 17.80%, 1: 82.20%
CHEMBL1614509 0: 79.43%, 1: 20.57%
CHEMBL1614512 0: 62.79%, 1: 37.21%
CHEMBL1614514 0: 83.07%, 1: 16.93%
CHEMBL1614515 0: 19.61%, 1: 80.39%
CHEMBL1614516 0: 96.81%, 1: 3.19%
CHEMBL1614522 0: 28.55%, 1: 71.45%
CHEMBL1614524 0: 12.98%, 1: 87.02%
CHEMBL1614528 0: 40.91%, 1: 59.09%
CHEMBL1614547 0: 72.51%, 1: 27.49%
CHEMBL1614548 0: 17.95%, 1: 82.05%
CHEMBL1614549 0: 84.25%, 1: 15.75%
CHEMBL1614550 0: 9.30%, 1: 90.70%
CHEMBL1614554 0: 71.64%, 1: 28.36%
CHEMBL1676103 0: 39.85%, 1: 60.15%
CHEMBL1737860 0: 3.60%, 1: 96.40%
CHEMBL1737863 0: 36.27%, 1: 63.73%
CHEMBL1737865 0: 61.01%, 1: 38.99%
CHEMBL1737868 0: 79.41%, 1: 20.59%
CHEMBL1737910 0: 45.71%, 1: 54.29%
CHEMBL1737912 0: 26.51%, 1: 73.49%
CHEMBL1737942 0: 44.52%, 1: 55.48%
CHEMBL1737951 0: 51.83%, 1: 48.17%
CHEMBL1737961 0: 93.34%, 1: 6.66%
CHEMBL1737966 0: 21.36%, 1: 78.64%
CHEMBL1737967 0: 89.17%, 1: 10.83%
CHEMBL1737977 0: 13.87%, 1: 86.13%
CHEMBL1737978 0: 18.18%, 1: 81.82%
CHEMBL1737979 0: 8.94%, 1: 91.06%
CHEMBL1738019 0: 24.85%, 1: 75.15%
CHEMBL1738021 0: 10.87%, 1: 89.13%
CHEMBL1738025 0: 33.80%, 1: 66.20%
CHEMBL1738040 0: 73.48%, 1: 26.52%
CHEMBL1738043 0: 46.43%, 1: 53.57%
CHEMBL1738079 0: 3.88%, 1: 96.12%
CHEMBL1738080 0: 76.43%, 1: 23.57%
CHEMBL1738091 0: 89.77%, 1: 10.23%
CHEMBL1738097 0: 72.41%, 1: 27.59%
CHEMBL1738131 0: 68.59%, 1: 31.41%
CHEMBL1738164 0: 79.79%, 1: 20.21%
CHEMBL1738171 0: 85.45%, 1: 14.55%
CHEMBL1738183 0: 59.62%, 1: 40.38%
CHEMBL1738197 0: 36.90%, 1: 63.10%
CHEMBL1738202 0: 3.47%, 1: 96.53%
CHEMBL1738242 0: 16.55%, 1: 83.45%
CHEMBL1738249 0: 86.53%, 1: 13.47%
CHEMBL1738253 0: 7.33%, 1: 92.67%
CHEMBL1738319 0: 59.17%, 1: 40.83%
CHEMBL1738325 0: 96.86%, 1: 3.14%
CHEMBL1738362 0: 21.43%, 1: 78.57%
CHEMBL1738369 0: 56.34%, 1: 43.66%
CHEMBL1738371 0: 81.97%, 1: 18.03%
CHEMBL1738391 0: 68.38%, 1: 31.62%
CHEMBL1738400 0: 77.86%, 1: 22.14%
CHEMBL1738402 0: 54.19%, 1: 45.81%
CHEMBL1738407 0: 85.58%, 1: 14.42%
CHEMBL1738408 0: 2.18%, 1: 97.82%
CHEMBL1738414 0: 5.11%, 1: 94.89%
CHEMBL1738418 0: 68.85%, 1: 31.15%
CHEMBL1738422 0: 4.29%, 1: 95.71%
CHEMBL1738424 0: 77.50%, 1: 22.50%
CHEMBL1738430 0: 25.54%, 1: 74.46%
CHEMBL1738438 0: 2.76%, 1: 97.24%
CHEMBL1738482 0: 7.69%, 1: 92.31%
CHEMBL1738485 0: 17.65%, 1: 82.35%
CHEMBL1738494 0: 97.26%, 1: 2.74%
CHEMBL1738495 0: 1.70%, 1: 98.30%
CHEMBL1738497 0: 64.50%, 1: 35.50%
CHEMBL1738502 0: 15.20%, 1: 84.80%
CHEMBL1738510 0: 54.41%, 1: 45.59%
CHEMBL1738512 0: 3.05%, 1: 96.95%
CHEMBL1738513 0: 28.64%, 1: 71.36%
CHEMBL1738552 0: 64.70%, 1: 35.30%
CHEMBL1738575 0: 65.65%, 1: 34.35%
CHEMBL1738578 0: 23.30%, 1: 76.70%
CHEMBL1738579 0: 22.79%, 1: 77.21%
CHEMBL1738593 0: 17.65%, 1: 82.35%
CHEMBL1738599 0: 16.07%, 1: 83.93%
CHEMBL1738602 0: 42.70%, 1: 57.30%
CHEMBL1738610 0: 42.07%, 1: 57.93%
CHEMBL1738611 0: 2.23%, 1: 97.77%
CHEMBL1738632 0: 86.32%, 1: 13.68%
CHEMBL1738633 0: 4.05%, 1: 95.95%
CHEMBL1738639 0: 64.47%, 1: 35.53%
CHEMBL1738642 0: 34.82%, 1: 65.18%
CHEMBL1738670 0: 9.18%, 1: 90.82%
CHEMBL1738673 0: 12.98%, 1: 87.02%
CHEMBL1738679 0: 63.95%, 1: 36.05%
CHEMBL1738682 0: 62.45%, 1: 37.55%
CHEMBL1794296 0: 44.02%, 1: 55.98%
CHEMBL1794303 0: 2.71%, 1: 97.29%
CHEMBL1794320 0: 96.68%, 1: 3.32%
CHEMBL1794327 0: 91.59%, 1: 8.41%
CHEMBL1794336 0: 53.07%, 1: 46.93%
CHEMBL1794350 0: 3.44%, 1: 96.56%
CHEMBL1794355 0: 5.26%, 1: 94.74%
CHEMBL1794356 0: 13.92%, 1: 86.08%
CHEMBL1794358 0: 94.14%, 1: 5.86%
CHEMBL1794365 0: 7.12%, 1: 92.88%
CHEMBL1794383 0: 6.90%, 1: 93.10%
CHEMBL1794387 0: 65.04%, 1: 34.96%
CHEMBL1794393 0: 67.55%, 1: 32.45%
CHEMBL1794396 0: 3.96%, 1: 96.04%
CHEMBL1794410 0: 23.98%, 1: 76.02%
CHEMBL1794413 0: 6.02%, 1: 93.98%
CHEMBL1794438 0: 40.17%, 1: 59.83%
CHEMBL1794445 0: 87.84%, 1: 12.16%
CHEMBL1794452 0: 94.30%, 1: 5.70%
CHEMBL1794457 0: 92.98%, 1: 7.02%
CHEMBL1794460 0: 28.63%, 1: 71.37%
CHEMBL1794467 0: 18.39%, 1: 81.61%
CHEMBL1794475 0: 56.02%, 1: 43.98%
CHEMBL1794484 0: 44.93%, 1: 55.07%
CHEMBL1794494 0: 5.33%, 1: 94.67%
CHEMBL1794497 0: 8.47%, 1: 91.53%
CHEMBL1794499 0: 73.90%, 1: 26.10%
CHEMBL1794508 0: 94.63%, 1: 5.37%
CHEMBL1794516 0: 3.21%, 1: 96.79%
CHEMBL1794522 0: 58.65%, 1: 41.35%
CHEMBL1794528 0: 79.86%, 1: 20.14%
CHEMBL1794531 0: 92.03%, 1: 7.97%
CHEMBL1794548 0: 88.74%, 1: 11.26%
CHEMBL1794566 0: 6.05%, 1: 93.95%
CHEMBL1794567 0: 9.61%, 1: 90.39%
CHEMBL1794570 0: 92.79%, 1: 7.21%
CHEMBL1794571 0: 53.55%, 1: 46.45%
CHEMBL1794573 0: 10.54%, 1: 89.46%
CHEMBL1794574 0: 1.09%, 1: 98.91%
CHEMBL1794578 0: 46.99%, 1: 53.01%
CHEMBL1794581 0: 19.65%, 1: 80.35%
CHEMBL1863510 0: 2.14%, 1: 97.86%
CHEMBL1863512 0: 2.79%, 1: 97.21%
CHEMBL1909084 0: 99.28%, 1: 0.72%
CHEMBL1909085 0: 92.10%, 1: 7.90%
CHEMBL1909086 0: 91.52%, 1: 8.48%
CHEMBL1909087 0: 91.86%, 1: 8.14%
CHEMBL1909088 0: 87.97%, 1: 12.03%
CHEMBL1909089 0: 88.69%, 1: 11.31%
CHEMBL1909090 0: 90.81%, 1: 9.19%
CHEMBL1909091 0: 97.24%, 1: 2.76%
CHEMBL1909092 0: 97.14%, 1: 2.86%
CHEMBL1909093 0: 98.42%, 1: 1.58%
CHEMBL1909094 0: 90.85%, 1: 9.15%
CHEMBL1909095 0: 98.56%, 1: 1.44%
CHEMBL1909097 0: 99.28%, 1: 0.72%
CHEMBL1909102 0: 92.94%, 1: 7.06%
CHEMBL1909103 0: 97.23%, 1: 2.77%
CHEMBL1909104 0: 87.06%, 1: 12.94%
CHEMBL1909105 0: 88.70%, 1: 11.30%
CHEMBL1909106 0: 98.57%, 1: 1.43%
CHEMBL1909107 0: 97.86%, 1: 2.14%
CHEMBL1909108 0: 93.04%, 1: 6.96%
CHEMBL1909109 0: 90.35%, 1: 9.65%
CHEMBL1909110 0: 92.47%, 1: 7.53%
CHEMBL1909111 0: 94.03%, 1: 5.97%
CHEMBL1909112 0: 90.91%, 1: 9.09%
CHEMBL1909114 0: 96.50%, 1: 3.50%
CHEMBL1909115 0: 96.00%, 1: 4.00%
CHEMBL1909116 0: 96.98%, 1: 3.02%
CHEMBL1909121 0: 92.80%, 1: 7.20%
CHEMBL1909123 0: 99.16%, 1: 0.84%
CHEMBL1909124 0: 99.40%, 1: 0.60%
CHEMBL1909130 0: 95.56%, 1: 4.44%
CHEMBL1909131 0: 97.01%, 1: 2.99%
CHEMBL1909132 0: 96.15%, 1: 3.85%
CHEMBL1909134 0: 95.19%, 1: 4.81%
CHEMBL1909135 0: 95.76%, 1: 4.24%
CHEMBL1909136 0: 93.20%, 1: 6.80%
CHEMBL1909138 0: 96.16%, 1: 3.84%
CHEMBL1909139 0: 93.84%, 1: 6.16%
CHEMBL1909140 0: 93.87%, 1: 6.13%
CHEMBL1909141 0: 89.73%, 1: 10.27%
CHEMBL1909142 0: 99.04%, 1: 0.96%
CHEMBL1909143 0: 93.01%, 1: 6.99%
CHEMBL1909145 0: 97.97%, 1: 2.03%
CHEMBL1909148 0: 98.57%, 1: 1.43%
CHEMBL1909150 0: 95.10%, 1: 4.90%
CHEMBL1909156 0: 94.28%, 1: 5.72%
CHEMBL1909157 0: 96.38%, 1: 3.62%
CHEMBL1909158 0: 99.05%, 1: 0.95%
CHEMBL1909159 0: 93.18%, 1: 6.82%
CHEMBL1909165 0: 97.79%, 1: 2.21%
CHEMBL1909169 0: 98.32%, 1: 1.68%
CHEMBL1909170 0: 92.35%, 1: 7.65%
CHEMBL1909171 0: 93.29%, 1: 6.71%
CHEMBL1909172 0: 92.82%, 1: 7.18%
CHEMBL1909173 0: 92.38%, 1: 7.62%
CHEMBL1909174 0: 92.71%, 1: 7.29%
CHEMBL1909180 0: 98.20%, 1: 1.80%
CHEMBL1909181 0: 97.71%, 1: 2.29%
CHEMBL1909182 0: 96.99%, 1: 3.01%
CHEMBL1909184 0: 98.93%, 1: 1.07%
CHEMBL1909186 0: 99.52%, 1: 0.48%
CHEMBL1909190 0: 98.66%, 1: 1.34%
CHEMBL1909191 0: 94.99%, 1: 5.01%
CHEMBL1909192 0: 99.52%, 1: 0.48%
CHEMBL1909200 0: 97.97%, 1: 2.03%
CHEMBL1909201 0: 97.72%, 1: 2.28%
CHEMBL1909203 0: 98.05%, 1: 1.95%
CHEMBL1909204 0: 97.17%, 1: 2.83%
CHEMBL1909205 0: 98.67%, 1: 1.33%
CHEMBL1909206 0: 99.16%, 1: 0.84%
CHEMBL1909209 0: 92.34%, 1: 7.66%
CHEMBL1909210 0: 96.05%, 1: 3.95%
CHEMBL1909211 0: 88.80%, 1: 11.20%
CHEMBL1909212 0: 98.30%, 1: 1.70%
CHEMBL1909213 0: 99.28%, 1: 0.72%
CHEMBL1909214 0: 98.79%, 1: 1.21%
CHEMBL1909215 0: 95.61%, 1: 4.39%
CHEMBL1963686 0: 61.95%, 1: 38.05%
CHEMBL1963687 0: 64.42%, 1: 35.58%
CHEMBL1963688 0: 62.52%, 1: 37.48%
CHEMBL1963689 0: 89.69%, 1: 10.31%
CHEMBL1963690 0: 57.36%, 1: 42.64%
CHEMBL1963691 0: 49.33%, 1: 50.67%
CHEMBL1963692 0: 53.73%, 1: 46.27%
CHEMBL1963693 0: 71.00%, 1: 29.00%
CHEMBL1963694 0: 91.05%, 1: 8.95%
CHEMBL1963695 0: 74.90%, 1: 25.10%
CHEMBL1963696 0: 77.85%, 1: 22.15%
CHEMBL1963697 0: 74.06%, 1: 25.94%
CHEMBL1963698 0: 74.60%, 1: 25.40%
CHEMBL1963699 0: 83.18%, 1: 16.82%
CHEMBL1963701 0: 67.32%, 1: 32.68%
CHEMBL1963702 0: 83.82%, 1: 16.18%
CHEMBL1963703 0: 68.65%, 1: 31.35%
CHEMBL1963704 0: 65.28%, 1: 34.72%
CHEMBL1963705 0: 55.92%, 1: 44.08%
CHEMBL1963706 0: 53.38%, 1: 46.62%
CHEMBL1963707 0: 53.25%, 1: 46.75%
CHEMBL1963708 0: 48.77%, 1: 51.23%
CHEMBL1963710 0: 63.21%, 1: 36.79%
CHEMBL1963711 0: 94.72%, 1: 5.28%
CHEMBL1963712 0: 75.76%, 1: 24.24%
CHEMBL1963714 0: 74.21%, 1: 25.79%
CHEMBL1963715 0: 50.28%, 1: 49.72%
CHEMBL1963716 0: 91.91%, 1: 8.09%
CHEMBL1963717 0: 55.50%, 1: 44.50%
CHEMBL1963718 0: 65.45%, 1: 34.55%
CHEMBL1963719 0: 63.39%, 1: 36.61%
CHEMBL1963720 0: 69.73%, 1: 30.27%
CHEMBL1963721 0: 56.94%, 1: 43.06%
CHEMBL1963722 0: 49.40%, 1: 50.60%
CHEMBL1963723 0: 53.82%, 1: 46.18%
CHEMBL1963724 0: 67.32%, 1: 32.68%
CHEMBL1963725 0: 69.97%, 1: 30.03%
CHEMBL1963727 0: 56.59%, 1: 43.41%
CHEMBL1963728 0: 92.02%, 1: 7.98%
CHEMBL1963729 0: 84.64%, 1: 15.36%
CHEMBL1963731 0: 61.35%, 1: 38.65%
CHEMBL1963733 0: 79.77%, 1: 20.23%
CHEMBL1963734 0: 79.51%, 1: 20.49%
CHEMBL1963735 0: 71.66%, 1: 28.34%
CHEMBL1963736 0: 78.32%, 1: 21.68%
CHEMBL1963737 0: 86.79%, 1: 13.21%
CHEMBL1963738 0: 61.18%, 1: 38.82%
CHEMBL1963739 0: 84.32%, 1: 15.68%
CHEMBL1963740 0: 64.30%, 1: 35.70%
CHEMBL1963741 0: 67.03%, 1: 32.97%
CHEMBL1963742 0: 73.47%, 1: 26.53%
CHEMBL1963743 0: 66.24%, 1: 33.76%
CHEMBL1963744 0: 71.97%, 1: 28.03%
CHEMBL1963745 0: 67.16%, 1: 32.84%
CHEMBL1963746 0: 66.34%, 1: 33.66%
CHEMBL1963747 0: 81.33%, 1: 18.67%
CHEMBL1963748 0: 58.75%, 1: 41.25%
CHEMBL1963749 0: 55.02%, 1: 44.98%
CHEMBL1963750 0: 58.61%, 1: 41.39%
CHEMBL1963751 0: 70.90%, 1: 29.10%
CHEMBL1963752 0: 64.78%, 1: 35.22%
CHEMBL1963753 0: 88.02%, 1: 11.98%
CHEMBL1963754 0: 59.12%, 1: 40.88%
CHEMBL1963756 0: 61.66%, 1: 38.34%
CHEMBL1963757 0: 73.28%, 1: 26.72%
CHEMBL1963758 0: 82.56%, 1: 17.44%
CHEMBL1963759 0: 81.38%, 1: 18.62%
CHEMBL1963760 0: 86.36%, 1: 13.64%
CHEMBL1963761 0: 83.63%, 1: 16.37%
CHEMBL1963763 0: 72.14%, 1: 27.86%
CHEMBL1963764 0: 62.50%, 1: 37.50%
CHEMBL1963765 0: 86.41%, 1: 13.59%
CHEMBL1963766 0: 81.38%, 1: 18.62%
CHEMBL1963767 0: 77.76%, 1: 22.24%
CHEMBL1963768 0: 77.63%, 1: 22.37%
CHEMBL1963770 0: 89.44%, 1: 10.56%
CHEMBL1963771 0: 53.53%, 1: 46.47%
CHEMBL1963772 0: 48.99%, 1: 51.01%
CHEMBL1963773 0: 59.00%, 1: 41.00%
CHEMBL1963775 0: 76.92%, 1: 23.08%
CHEMBL1963776 0: 87.71%, 1: 12.29%
CHEMBL1963777 0: 63.92%, 1: 36.08%
CHEMBL1963778 0: 51.70%, 1: 48.30%
CHEMBL1963779 0: 54.69%, 1: 45.31%
CHEMBL1963780 0: 89.06%, 1: 10.94%
CHEMBL1963781 0: 94.31%, 1: 5.69%
CHEMBL1963782 0: 75.86%, 1: 24.14%
CHEMBL1963783 0: 57.36%, 1: 42.64%
CHEMBL1963785 0: 70.10%, 1: 29.90%
CHEMBL1963786 0: 50.08%, 1: 49.92%
CHEMBL1963787 0: 66.39%, 1: 33.61%
CHEMBL1963789 0: 67.34%, 1: 32.66%
CHEMBL1963790 0: 57.93%, 1: 42.07%
CHEMBL1963791 0: 82.08%, 1: 17.92%
CHEMBL1963792 0: 85.73%, 1: 14.27%
CHEMBL1963793 0: 65.48%, 1: 34.52%
CHEMBL1963794 0: 77.53%, 1: 22.47%
CHEMBL1963795 0: 46.98%, 1: 53.02%
CHEMBL1963796 0: 69.76%, 1: 30.24%
CHEMBL1963797 0: 83.64%, 1: 16.36%
CHEMBL1963798 0: 89.45%, 1: 10.55%
CHEMBL1963799 0: 43.54%, 1: 56.46%
CHEMBL1963800 0: 64.88%, 1: 35.12%
CHEMBL1963801 0: 75.90%, 1: 24.10%
CHEMBL1963802 0: 61.41%, 1: 38.59%
CHEMBL1963803 0: 87.44%, 1: 12.56%
CHEMBL1963804 0: 65.90%, 1: 34.10%
CHEMBL1963805 0: 53.77%, 1: 46.23%
CHEMBL1963806 0: 41.19%, 1: 58.81%
CHEMBL1963807 0: 36.83%, 1: 63.17%
CHEMBL1963808 0: 68.82%, 1: 31.18%
CHEMBL1963809 0: 79.97%, 1: 20.03%
CHEMBL1963810 0: 43.69%, 1: 56.31%
CHEMBL1963811 0: 73.98%, 1: 26.02%
CHEMBL1963812 0: 53.08%, 1: 46.92%
CHEMBL1963813 0: 79.19%, 1: 20.81%
CHEMBL1963814 0: 51.10%, 1: 48.90%
CHEMBL1963815 0: 71.80%, 1: 28.20%
CHEMBL1963816 0: 89.64%, 1: 10.36%
CHEMBL1963817 0: 71.90%, 1: 28.10%
CHEMBL1963818 0: 55.13%, 1: 44.87%
CHEMBL1963819 0: 62.64%, 1: 37.36%
CHEMBL1963820 0: 84.46%, 1: 15.54%
CHEMBL1963821 0: 79.31%, 1: 20.69%
CHEMBL1963822 0: 90.91%, 1: 9.09%
CHEMBL1963823 0: 76.61%, 1: 23.39%
CHEMBL1963824 0: 39.57%, 1: 60.43%
CHEMBL1963825 0: 51.12%, 1: 48.88%
CHEMBL1963826 0: 59.25%, 1: 40.75%
CHEMBL1963827 0: 50.74%, 1: 49.26%
CHEMBL1963828 0: 80.86%, 1: 19.14%
CHEMBL1963829 0: 86.41%, 1: 13.59%
CHEMBL1963831 0: 52.56%, 1: 47.44%
CHEMBL1963832 0: 72.98%, 1: 27.02%
CHEMBL1963833 0: 87.13%, 1: 12.87%
CHEMBL1963834 0: 59.69%, 1: 40.31%
CHEMBL1963836 0: 85.18%, 1: 14.82%
CHEMBL1963837 0: 26.01%, 1: 73.99%
CHEMBL1963838 0: 75.83%, 1: 24.17%
CHEMBL1963846 0: 85.07%, 1: 14.93%
CHEMBL1963867 0: 73.13%, 1: 26.87%
CHEMBL1963893 0: 85.61%, 1: 14.39%
CHEMBL1963898 0: 75.62%, 1: 24.38%
CHEMBL1963907 0: 64.35%, 1: 35.65%
CHEMBL1963910 0: 10.50%, 1: 89.50%
CHEMBL1963915 0: 15.00%, 1: 85.00%
CHEMBL1963916 0: 40.48%, 1: 59.52%
CHEMBL1963918 0: 73.35%, 1: 26.65%
CHEMBL1963930 0: 3.64%, 1: 96.36%
CHEMBL1963933 0: 93.91%, 1: 6.09%
CHEMBL1963934 0: 3.64%, 1: 96.36%
CHEMBL1963937 0: 39.27%, 1: 60.73%
CHEMBL1963938 0: 65.85%, 1: 34.15%
CHEMBL1963940 0: 33.79%, 1: 66.21%
CHEMBL1963947 0: 6.25%, 1: 93.75%
CHEMBL1963966 0: 3.29%, 1: 96.71%
CHEMBL1963968 0: 51.52%, 1: 48.48%
