wandb: Tracking run with wandb version 0.9.3
wandb: Run data is saved locally in wandb/run-20200723_060707-a1rbe07f
wandb: Syncing run chemprop_0.8_dropout_2_mp_steps
wandb: ⭐️ View project at https://app.wandb.ai/apappu97/molecule-metalearning-chemprop
wandb: 🚀 View run at https://app.wandb.ai/apappu97/molecule-metalearning-chemprop/runs/a1rbe07f
wandb: Run `wandb off` to turn off syncing.

Fold 0
Command line
python chemprop/train.py --data_path filtered_chembl/chembl_less_1024_more_128_645_tasks.csv --dataset_type classification --split_type scaffold_balanced --dropout 0.8 --depth 2 --num_folds 2 --epochs 30 --results_save_dir results/initial_hyperparameter_tuning/ --experiment_name chemprop_0.8_dropout_2_mp_steps
Args
{'ANIL': False,
 'FO_MAML': False,
 'activation': 'ReLU',
 'atom_messages': False,
 'batch_size': 50,
 'bias': False,
 'cache_cutoff': 10000,
 'checkpoint_dir': None,
 'checkpoint_path': None,
 'checkpoint_paths': None,
 'chembl_assay_metadata_pickle_path': None,
 'class_balance': False,
 'config_path': None,
 'crossval_index_dir': None,
 'crossval_index_file': None,
 'crossval_index_sets': None,
 'data_path': 'filtered_chembl/chembl_less_1024_more_128_645_tasks.csv',
 'dataset_type': 'classification',
 'depth': 2,
 'dropout': 0.8,
 'dummy': False,
 'ensemble_size': 1,
 'epochs': 30,
 'experiment_name': 'chemprop_0.8_dropout_2_mp_steps',
 'features_generator': None,
 'features_only': False,
 'features_path': None,
 'features_size': None,
 'ffn_hidden_size': 300,
 'ffn_num_layers': 2,
 'final_lr': 0.0001,
 'folds_file': None,
 'gpu': None,
 'hidden_size': 300,
 'init_lr': 0.0001,
 'inner_loop_lr': 0.05,
 'log_frequency': 10,
 'max_data_size': None,
 'max_lr': 0.001,
 'meta_batch_size': 3,
 'meta_learning': False,
 'meta_test_epochs': 20,
 'meta_test_lr': 0.001,
 'meta_test_split_sizes': (0.8, 0.1, 0.1),
 'meta_train_split_sizes': (0.8, 0.2, 0),
 'metric': 'auc',
 'minimize_score': False,
 'multiclass_num_classes': 3,
 'no_cuda': False,
 'no_features_scaling': False,
 'num_folds': 2,
 'num_inner_gradient_steps': 2,
 'num_lrs': 1,
 'num_tasks': None,
 'num_workers': 8,
 'outer_loop_lr': 0.003,
 'pytorch_seed': 0,
 'quiet': False,
 'results_save_dir': 'results/initial_hyperparameter_tuning/',
 'save_dir': '/tmp/2282320.5.gpu.q/tmp8m3jbj0m/fold_0',
 'save_smiles_splits': False,
 'seed': 0,
 'separate_test_features_path': None,
 'separate_test_path': None,
 'separate_val_features_path': None,
 'separate_val_path': None,
 'show_individual_scores': False,
 'smiles_column': None,
 'split_sizes': (0.8, 0.1, 0.1),
 'split_type': 'scaffold_balanced',
 'target_columns': None,
 'task_names': None,
 'test': False,
 'test_fold_index': None,
 'train_data_size': None,
 'undirected': False,
 'use_input_features': False,
 'val_fold_index': None,
 'warmup_epochs': 2.0}
Loading data
0it [00:00, ?it/s]639it [00:00, 6389.61it/s]1251it [00:00, 6303.99it/s]1868it [00:00, 6260.91it/s]2481it [00:00, 6219.28it/s]3095it [00:00, 6157.85it/s]3663it [00:00, 6003.37it/s]4190it [00:00, 5013.12it/s]4839it [00:00, 5379.95it/s]5458it [00:00, 5598.99it/s]6080it [00:01, 5770.68it/s]6700it [00:01, 5891.01it/s]7289it [00:01, 5836.89it/s]7934it [00:01, 6005.65it/s]8536it [00:01, 4399.68it/s]9164it [00:01, 4833.49it/s]9797it [00:01, 5200.82it/s]10428it [00:01, 5488.38it/s]11087it [00:01, 5777.86it/s]11720it [00:02, 5931.08it/s]12336it [00:02, 5277.21it/s]12955it [00:02, 5519.34it/s]13577it [00:02, 5710.32it/s]14232it [00:02, 5938.03it/s]14862it [00:02, 6042.18it/s]15497it [00:02, 6129.46it/s]16134it [00:02, 6198.94it/s]16760it [00:03, 2877.72it/s]17397it [00:03, 3439.98it/s]18050it [00:03, 4009.10it/s]18689it [00:03, 4512.34it/s]19328it [00:03, 4947.99it/s]19963it [00:03, 5298.36it/s]20596it [00:03, 5570.44it/s]21214it [00:04, 5102.35it/s]21848it [00:04, 5418.13it/s]22480it [00:04, 5659.36it/s]23110it [00:04, 5836.81it/s]23717it [00:04, 5904.67it/s]24366it [00:04, 6016.75it/s]25022it [00:04, 6168.24it/s]25649it [00:04, 5370.00it/s]26255it [00:04, 5558.17it/s]26883it [00:05, 5755.66it/s]27507it [00:05, 5891.80it/s]28158it [00:05, 6062.29it/s]28774it [00:05, 6026.68it/s]29384it [00:05, 5085.37it/s]30002it [00:05, 5368.87it/s]30564it [00:05, 4879.74it/s]31160it [00:05, 5159.68it/s]31788it [00:05, 5449.71it/s]32417it [00:06, 5675.81it/s]33077it [00:06, 5866.25it/s]33677it [00:06, 5294.18it/s]34290it [00:06, 5519.03it/s]34926it [00:06, 5745.45it/s]35565it [00:06, 5923.34it/s]36213it [00:06, 6064.85it/s]36883it [00:06, 6241.03it/s]37515it [00:06, 6239.91it/s]38145it [00:07, 5500.18it/s]38785it [00:07, 5740.90it/s]39423it [00:07, 5918.67it/s]40054it [00:07, 6011.42it/s]40720it [00:07, 6190.24it/s]41347it [00:07, 5509.45it/s]41918it [00:07, 4658.23it/s]42540it [00:07, 5036.76it/s]43185it [00:07, 5347.86it/s]43855it [00:08, 5691.99it/s]44451it [00:08, 5329.68it/s]45008it [00:08, 5345.28it/s]45631it [00:08, 5582.04it/s]46204it [00:08, 5003.73it/s]46832it [00:08, 5327.59it/s]47456it [00:08, 5570.32it/s]48097it [00:08, 5797.24it/s]48751it [00:08, 6001.12it/s]49377it [00:09, 6076.29it/s]49994it [00:09, 6093.67it/s]50610it [00:09, 5119.04it/s]51237it [00:09, 5417.13it/s]51898it [00:09, 5727.05it/s]52515it [00:09, 5851.53it/s]53142it [00:09, 5969.88it/s]53752it [00:09, 5975.38it/s]54359it [00:09, 5196.05it/s]55000it [00:10, 5507.87it/s]55612it [00:10, 5676.73it/s]56229it [00:10, 5815.92it/s]56855it [00:10, 5942.05it/s]57489it [00:10, 6048.93it/s]58147it [00:10, 6198.65it/s]58773it [00:10, 5427.81it/s]59405it [00:10, 5667.17it/s]60035it [00:10, 5841.50it/s]60668it [00:10, 5979.37it/s]61326it [00:11, 6145.64it/s]61865it [00:11, 5544.26it/s]
  0% 0/61865 [00:00<?, ?it/s]  2% 1231/61865 [00:01<01:14, 816.98it/s] 77% 47842/61865 [00:02<00:12, 1156.82it/s]100% 61865/61865 [00:02<00:00, 22822.75it/s]
  0% 0/61865 [00:00<?, ?it/s]  1% 573/61865 [00:00<00:10, 5725.06it/s]  2% 1182/61865 [00:00<00:10, 5828.82it/s]  3% 1746/61865 [00:00<00:10, 5770.78it/s]  4% 2296/61865 [00:00<00:10, 5686.43it/s]  5% 2832/61865 [00:00<00:10, 5583.54it/s]  5% 3400/61865 [00:00<00:10, 5611.72it/s]  6% 3958/61865 [00:00<00:10, 5600.07it/s]  7% 4526/61865 [00:00<00:10, 5622.41it/s]  8% 5056/61865 [00:00<00:10, 5500.38it/s]  9% 5584/61865 [00:01<00:10, 5275.95it/s] 10% 6102/61865 [00:01<00:10, 5245.39it/s] 11% 6618/61865 [00:01<00:10, 5137.76it/s] 12% 7146/61865 [00:01<00:10, 5179.48it/s] 12% 7660/61865 [00:01<00:10, 5081.50it/s] 13% 8166/61865 [00:01<00:10, 5038.39it/s] 14% 8669/61865 [00:01<00:13, 4081.24it/s] 15% 9192/61865 [00:01<00:12, 4368.73it/s] 16% 9711/61865 [00:01<00:11, 4584.95it/s] 17% 10211/61865 [00:02<00:10, 4698.58it/s] 17% 10716/61865 [00:02<00:10, 4798.32it/s] 18% 11235/61865 [00:02<00:10, 4907.83it/s] 19% 11738/61865 [00:02<00:10, 4943.01it/s] 20% 12265/61865 [00:02<00:09, 5035.95it/s] 21% 12784/61865 [00:02<00:09, 5079.60it/s] 21% 13299/61865 [00:02<00:09, 5099.30it/s] 22% 13832/61865 [00:02<00:09, 5164.79it/s] 23% 14351/61865 [00:02<00:09, 5127.45it/s] 24% 14866/61865 [00:02<00:09, 5057.34it/s] 25% 15388/61865 [00:03<00:09, 5103.13it/s] 26% 15911/61865 [00:03<00:08, 5139.75it/s] 27% 16433/61865 [00:03<00:08, 5163.17it/s] 27% 16972/61865 [00:03<00:08, 5227.51it/s] 28% 17507/61865 [00:03<00:08, 5263.40it/s] 29% 18051/61865 [00:03<00:08, 5312.02it/s] 30% 18583/61865 [00:03<00:08, 5274.08it/s] 31% 19111/61865 [00:03<00:08, 5230.03it/s] 32% 19647/61865 [00:03<00:08, 5267.89it/s] 33% 20175/61865 [00:03<00:08, 5185.91it/s] 33% 20695/61865 [00:04<00:07, 5171.17it/s] 34% 21214/61865 [00:04<00:07, 5174.98it/s] 35% 21732/61865 [00:04<00:07, 5118.97it/s] 36% 22267/61865 [00:04<00:07, 5183.92it/s] 37% 22797/61865 [00:04<00:07, 5216.46it/s] 38% 23319/61865 [00:04<00:07, 5212.44it/s] 39% 23851/61865 [00:04<00:07, 5242.47it/s] 39% 24391/61865 [00:04<00:07, 5286.02it/s] 40% 24920/61865 [00:04<00:07, 5258.39it/s] 41% 25447/61865 [00:04<00:06, 5253.57it/s] 42% 25973/61865 [00:05<00:06, 5222.76it/s] 43% 26496/61865 [00:05<00:06, 5184.68it/s] 44% 27030/61865 [00:05<00:06, 5227.84it/s] 45% 27565/61865 [00:05<00:06, 5262.51it/s] 45% 28092/61865 [00:05<00:06, 5252.82it/s] 46% 28618/61865 [00:05<00:06, 5210.71it/s] 47% 29140/61865 [00:05<00:06, 5130.39it/s] 48% 29671/61865 [00:05<00:06, 5180.62it/s] 49% 30200/61865 [00:05<00:06, 5210.90it/s] 50% 30727/61865 [00:05<00:05, 5228.05it/s] 51% 31251/61865 [00:06<00:05, 5184.97it/s] 51% 31789/61865 [00:06<00:05, 5239.78it/s] 52% 32314/61865 [00:06<00:05, 5224.07it/s] 53% 32837/61865 [00:06<00:05, 5218.84it/s] 54% 33365/61865 [00:06<00:05, 5235.15it/s] 55% 33889/61865 [00:06<00:05, 5206.79it/s] 56% 34424/61865 [00:06<00:05, 5244.66it/s] 56% 34949/61865 [00:06<00:05, 5238.98it/s] 57% 35474/61865 [00:06<00:05, 5174.94it/s] 58% 35993/61865 [00:06<00:04, 5176.95it/s] 59% 36511/61865 [00:07<00:04, 5136.80it/s] 60% 37048/61865 [00:07<00:04, 5202.39it/s] 61% 37588/61865 [00:07<00:04, 5260.09it/s] 62% 38122/61865 [00:07<00:04, 5282.60it/s] 62% 38651/61865 [00:07<00:04, 5250.22it/s] 63% 39177/61865 [00:07<00:04, 5244.17it/s] 64% 39717/61865 [00:07<00:04, 5288.28it/s] 65% 40247/61865 [00:07<00:04, 5264.56it/s] 66% 40774/61865 [00:07<00:04, 5222.26it/s] 67% 41297/61865 [00:07<00:03, 5205.43it/s] 68% 41822/61865 [00:08<00:03, 5216.91it/s] 68% 42344/61865 [00:08<00:03, 5205.46it/s] 69% 42865/61865 [00:08<00:03, 5191.32it/s] 70% 43385/61865 [00:08<00:03, 5039.63it/s] 71% 43917/61865 [00:08<00:03, 5120.37it/s] 72% 44448/61865 [00:08<00:03, 5173.75it/s] 73% 44986/61865 [00:08<00:03, 5230.84it/s] 74% 45510/61865 [00:08<00:03, 4881.02it/s] 74% 46025/61865 [00:08<00:03, 4957.32it/s] 75% 46540/61865 [00:09<00:03, 5013.19it/s] 76% 47071/61865 [00:09<00:02, 5095.32it/s] 77% 47584/61865 [00:09<00:02, 5101.97it/s] 78% 48096/61865 [00:09<00:02, 5089.56it/s] 79% 48607/61865 [00:09<00:02, 5073.04it/s] 79% 49117/61865 [00:09<00:02, 5078.87it/s] 80% 49626/61865 [00:09<00:02, 5060.64it/s] 81% 50133/61865 [00:09<00:02, 4972.54it/s] 82% 50631/61865 [00:09<00:02, 4959.62it/s] 83% 51128/61865 [00:09<00:02, 4921.59it/s] 83% 51621/61865 [00:10<00:02, 4898.47it/s] 84% 52112/61865 [00:10<00:01, 4892.09it/s] 85% 52602/61865 [00:10<00:01, 4868.48it/s] 86% 53102/61865 [00:10<00:01, 4905.85it/s] 87% 53599/61865 [00:10<00:01, 4921.31it/s] 87% 54093/61865 [00:10<00:01, 4926.50it/s] 88% 54596/61865 [00:10<00:01, 4955.14it/s] 89% 55092/61865 [00:10<00:01, 4949.68it/s] 90% 55588/61865 [00:10<00:01, 4796.01it/s] 91% 56084/61865 [00:10<00:01, 4842.78it/s] 91% 56593/61865 [00:11<00:01, 4913.40it/s] 92% 57086/61865 [00:11<00:01, 4661.30it/s] 93% 57556/61865 [00:11<00:01, 4298.51it/s] 94% 57994/61865 [00:11<00:00, 3981.92it/s] 94% 58403/61865 [00:11<00:00, 3803.23it/s] 95% 58844/61865 [00:11<00:00, 3965.64it/s] 96% 59396/61865 [00:11<00:00, 4330.80it/s] 97% 59892/61865 [00:11<00:00, 4501.44it/s] 98% 60363/61865 [00:11<00:00, 4561.05it/s] 98% 60912/61865 [00:12<00:00, 4804.01it/s] 99% 61471/61865 [00:12<00:00, 5013.64it/s]100% 61865/61865 [00:12<00:00, 5067.45it/s]
Number of tasks = 645
Splitting data with seed 0
  0% 0/61865 [00:00<?, ?it/s]  1% 568/61865 [00:00<00:10, 5671.82it/s]  2% 1109/61865 [00:00<00:10, 5586.94it/s]  3% 1633/61865 [00:00<00:10, 5478.03it/s]  3% 2132/61865 [00:00<00:11, 5321.01it/s]  4% 2612/61865 [00:00<00:11, 5152.56it/s]  5% 3146/61865 [00:00<00:11, 5206.86it/s]  6% 3681/61865 [00:00<00:11, 5246.41it/s]  7% 4161/61865 [00:00<00:11, 4959.65it/s]  8% 4688/61865 [00:00<00:11, 5047.78it/s]  8% 5174/61865 [00:01<00:11, 4978.56it/s]  9% 5659/61865 [00:01<00:11, 4851.20it/s] 10% 6136/61865 [00:01<00:11, 4790.69it/s] 11% 6610/61865 [00:01<00:11, 4734.51it/s] 12% 7121/61865 [00:01<00:11, 4839.83it/s] 12% 7603/61865 [00:01<00:11, 4723.72it/s] 13% 8093/61865 [00:01<00:11, 4765.07it/s] 14% 8569/61865 [00:01<00:11, 4542.97it/s] 15% 9037/61865 [00:01<00:11, 4583.22it/s] 15% 9497/61865 [00:01<00:11, 4379.55it/s] 16% 9938/61865 [00:02<00:12, 4016.69it/s] 17% 10388/61865 [00:02<00:12, 4138.53it/s] 17% 10809/61865 [00:02<00:12, 4143.51it/s] 18% 11296/61865 [00:02<00:11, 4334.66it/s] 19% 11785/61865 [00:02<00:11, 4487.01it/s] 20% 12295/61865 [00:02<00:10, 4650.42it/s] 21% 12795/61865 [00:02<00:10, 4749.00it/s] 22% 13305/61865 [00:02<00:10, 4846.41it/s] 22% 13813/61865 [00:02<00:09, 4913.30it/s] 23% 14307/61865 [00:03<00:09, 4876.13it/s] 24% 14797/61865 [00:03<00:09, 4818.58it/s] 25% 15285/61865 [00:03<00:09, 4833.69it/s] 25% 15775/61865 [00:03<00:09, 4852.08it/s] 26% 16261/61865 [00:03<00:09, 4734.24it/s] 27% 16736/61865 [00:03<00:10, 4115.65it/s] 28% 17163/61865 [00:03<00:11, 3935.96it/s] 28% 17569/61865 [00:03<00:12, 3593.78it/s] 29% 18090/61865 [00:03<00:11, 3962.27it/s] 30% 18585/61865 [00:04<00:10, 4213.51it/s] 31% 19082/61865 [00:04<00:09, 4413.57it/s] 32% 19540/61865 [00:04<00:11, 3592.55it/s] 32% 19936/61865 [00:04<00:13, 3172.44it/s] 33% 20288/61865 [00:04<00:14, 2916.45it/s] 34% 20780/61865 [00:04<00:12, 3321.72it/s] 34% 21236/61865 [00:04<00:11, 3614.80it/s] 35% 21635/61865 [00:04<00:10, 3719.12it/s] 36% 22033/61865 [00:05<00:11, 3330.32it/s] 36% 22540/61865 [00:05<00:10, 3711.36it/s] 37% 23046/61865 [00:05<00:09, 4031.65it/s] 38% 23558/61865 [00:05<00:08, 4304.92it/s] 39% 24069/61865 [00:05<00:08, 4516.63it/s] 40% 24572/61865 [00:05<00:08, 4658.73it/s] 41% 25068/61865 [00:05<00:07, 4744.79it/s] 41% 25559/61865 [00:05<00:07, 4792.77it/s] 42% 26048/61865 [00:05<00:07, 4821.10it/s] 43% 26537/61865 [00:05<00:07, 4840.55it/s] 44% 27046/61865 [00:06<00:07, 4909.26it/s] 45% 27548/61865 [00:06<00:06, 4937.32it/s] 45% 28050/61865 [00:06<00:06, 4959.29it/s] 46% 28548/61865 [00:06<00:06, 4904.56it/s] 47% 29040/61865 [00:06<00:06, 4859.54it/s] 48% 29539/61865 [00:06<00:06, 4894.98it/s] 49% 30049/61865 [00:06<00:06, 4951.70it/s] 49% 30545/61865 [00:06<00:06, 4953.16it/s] 50% 31041/61865 [00:06<00:07, 4402.95it/s] 51% 31493/61865 [00:07<00:08, 3640.45it/s] 52% 31888/61865 [00:07<00:08, 3542.64it/s] 52% 32377/61865 [00:07<00:07, 3860.48it/s] 53% 32857/61865 [00:07<00:07, 4100.88it/s] 54% 33362/61865 [00:07<00:06, 4343.78it/s] 55% 33841/61865 [00:07<00:06, 4467.52it/s] 56% 34355/61865 [00:07<00:05, 4649.26it/s] 56% 34832/61865 [00:07<00:05, 4563.83it/s] 57% 35297/61865 [00:07<00:06, 4249.84it/s] 58% 35774/61865 [00:08<00:05, 4392.40it/s] 59% 36222/61865 [00:08<00:06, 3925.67it/s] 59% 36662/61865 [00:08<00:06, 4056.22it/s] 60% 37080/61865 [00:08<00:06, 3636.41it/s] 61% 37460/61865 [00:08<00:07, 3164.93it/s] 61% 37799/61865 [00:08<00:07, 3066.09it/s] 62% 38154/61865 [00:08<00:07, 3187.30it/s] 62% 38599/61865 [00:08<00:06, 3467.35it/s] 63% 38966/61865 [00:08<00:06, 3524.59it/s] 64% 39330/61865 [00:09<00:06, 3480.56it/s] 64% 39687/61865 [00:09<00:07, 3115.23it/s] 65% 40012/61865 [00:09<00:07, 2792.99it/s] 65% 40307/61865 [00:09<00:07, 2747.33it/s] 66% 40593/61865 [00:09<00:08, 2620.88it/s] 66% 40864/61865 [00:09<00:08, 2504.05it/s] 66% 41123/61865 [00:09<00:08, 2504.79it/s] 67% 41389/61865 [00:09<00:08, 2548.37it/s] 68% 41818/61865 [00:10<00:06, 2900.67it/s] 68% 42304/61865 [00:10<00:05, 3298.48it/s] 69% 42781/61865 [00:10<00:05, 3633.84it/s] 70% 43279/61865 [00:10<00:04, 3954.18it/s] 71% 43775/61865 [00:10<00:04, 4208.59it/s] 71% 44223/61865 [00:10<00:04, 4273.32it/s] 72% 44670/61865 [00:10<00:04, 3920.78it/s] 73% 45081/61865 [00:10<00:04, 3731.14it/s] 73% 45470/61865 [00:10<00:04, 3511.13it/s] 74% 45835/61865 [00:11<00:04, 3385.97it/s] 75% 46184/61865 [00:11<00:04, 3220.83it/s] 75% 46515/61865 [00:11<00:04, 3177.26it/s] 76% 46840/61865 [00:11<00:05, 2857.37it/s] 76% 47137/61865 [00:11<00:05, 2718.30it/s] 77% 47418/61865 [00:11<00:05, 2691.86it/s] 77% 47694/61865 [00:11<00:05, 2598.04it/s] 78% 47959/61865 [00:11<00:05, 2484.82it/s] 78% 48213/61865 [00:11<00:05, 2445.73it/s] 78% 48534/61865 [00:12<00:05, 2633.14it/s] 79% 48804/61865 [00:12<00:05, 2473.80it/s] 80% 49221/61865 [00:12<00:04, 2809.57it/s] 80% 49617/61865 [00:12<00:03, 3076.73it/s] 81% 49947/61865 [00:12<00:03, 3113.42it/s] 81% 50274/61865 [00:12<00:04, 2615.20it/s] 82% 50713/61865 [00:12<00:03, 2975.95it/s] 83% 51058/61865 [00:12<00:03, 3103.70it/s] 83% 51453/61865 [00:12<00:03, 3313.15it/s] 84% 51870/61865 [00:13<00:02, 3530.12it/s] 85% 52325/61865 [00:13<00:02, 3783.86it/s] 85% 52722/61865 [00:13<00:02, 3306.40it/s] 86% 53077/61865 [00:13<00:03, 2809.42it/s] 86% 53388/61865 [00:13<00:03, 2342.53it/s] 87% 53717/61865 [00:13<00:03, 2563.38it/s] 88% 54155/61865 [00:13<00:02, 2920.40it/s] 88% 54591/61865 [00:14<00:02, 3241.14it/s] 89% 54953/61865 [00:14<00:02, 2603.60it/s] 89% 55260/61865 [00:14<00:02, 2543.69it/s] 90% 55637/61865 [00:14<00:02, 2817.48it/s] 91% 56006/61865 [00:14<00:01, 2992.58it/s] 91% 56427/61865 [00:14<00:01, 3276.34it/s] 92% 56781/61865 [00:14<00:01, 3197.66it/s] 92% 57120/61865 [00:14<00:01, 3047.96it/s] 93% 57440/61865 [00:15<00:01, 2748.08it/s] 93% 57731/61865 [00:15<00:02, 1951.86it/s] 94% 57970/61865 [00:15<00:02, 1776.40it/s] 94% 58181/61865 [00:15<00:02, 1788.60it/s] 94% 58384/61865 [00:15<00:02, 1552.16it/s] 95% 58608/61865 [00:15<00:01, 1679.92it/s] 95% 58850/61865 [00:15<00:01, 1848.99it/s] 96% 59165/61865 [00:16<00:01, 2110.07it/s] 96% 59524/61865 [00:16<00:00, 2403.77it/s] 97% 59885/61865 [00:16<00:00, 2521.47it/s] 97% 60162/61865 [00:16<00:00, 2219.70it/s] 98% 60408/61865 [00:16<00:00, 2275.82it/s] 98% 60653/61865 [00:16<00:00, 2313.45it/s] 98% 60897/61865 [00:16<00:00, 2326.72it/s] 99% 61416/61865 [00:16<00:00, 2788.05it/s]100% 61865/61865 [00:16<00:00, 3657.87it/s]
Total scaffolds = 30,615 | train scaffolds = 24,639 | val scaffolds = 3,133 | test scaffolds = 2,843
/home/apappu/thesis/molecule-metalearning/chemprop/chemprop/data/scaffold.py:152: RuntimeWarning: Mean of empty slice
  target_avgs.append(np.nanmean(targets, axis=0))
Label averages per scaffold, in decreasing order of scaffold frequency,capped at 10 scaffolds and 20 labels: [(array([nan, nan, nan, nan, nan, nan, nan, nan, nan, nan, nan, nan, nan,
       nan, nan, nan, nan, nan, nan, nan]), array([0, 0, 0, 0, 0, 0, 0, 0, 0, 0, 0, 0, 0, 0, 0, 0, 0, 0, 0, 0])), (array([nan, nan, nan, nan, nan, nan, nan, nan, nan, nan, nan, nan, nan,
       nan, nan, 0.5, nan, nan, nan, nan]), array([0, 0, 0, 0, 0, 0, 0, 0, 0, 0, 0, 0, 0, 0, 0, 2, 0, 0, 0, 0])), (array([nan, nan, nan, nan, nan, nan, nan, nan, nan, nan, nan, nan, nan,
       nan, nan, nan, nan, nan, nan, nan]), array([0, 0, 0, 0, 0, 0, 0, 0, 0, 0, 0, 0, 0, 0, 0, 0, 0, 0, 0, 0])), (array([nan, nan, nan, nan, nan, nan, nan, nan, nan, nan, nan, nan, nan,
       nan, nan, nan, nan, nan, nan, nan]), array([0, 0, 0, 0, 0, 0, 0, 0, 0, 0, 0, 0, 0, 0, 0, 0, 0, 0, 0, 0])), (array([nan, nan, nan, nan, nan, nan, nan, nan, nan, nan, nan, nan, nan,
       nan, nan, nan, nan, nan, nan, nan]), array([0, 0, 0, 0, 0, 0, 0, 0, 0, 0, 0, 0, 0, 0, 0, 0, 0, 0, 0, 0])), (array([nan, nan, nan, nan, nan, nan, nan, nan, nan, nan, nan, nan, nan,
       nan, nan, nan, nan, nan, nan, nan]), array([0, 0, 0, 0, 0, 0, 0, 0, 0, 0, 0, 0, 0, 0, 0, 0, 0, 0, 0, 0])), (array([nan, nan, nan, nan, nan, nan, nan, nan, nan, nan, nan, nan, nan,
       nan, nan, nan, nan, nan, nan, nan]), array([0, 0, 0, 0, 0, 0, 0, 0, 0, 0, 0, 0, 0, 0, 0, 0, 0, 0, 0, 0])), (array([nan, nan, nan, nan, nan, nan, nan, nan, nan, nan, nan, nan, nan,
       nan, nan, nan, nan, nan, nan, nan]), array([0, 0, 0, 0, 0, 0, 0, 0, 0, 0, 0, 0, 0, 0, 0, 0, 0, 0, 0, 0])), (array([nan, nan, nan, nan, nan, nan, nan, nan, nan, nan, nan, nan, nan,
       nan, nan, nan, nan, nan, nan, nan]), array([0, 0, 0, 0, 0, 0, 0, 0, 0, 0, 0, 0, 0, 0, 0, 0, 0, 0, 0, 0])), (array([nan, nan, nan, nan, nan, nan, nan, nan, nan, nan, nan, nan, nan,
       nan, nan, nan, nan, nan, nan, nan]), array([0, 0, 0, 0, 0, 0, 0, 0, 0, 0, 0, 0, 0, 0, 0, 0, 0, 0, 0, 0]))]
Class sizes
CHEMBL1033994 0: 41.98%, 1: 58.02%
CHEMBL1119333 0: 9.59%, 1: 90.41%
CHEMBL1217000 0: 52.41%, 1: 47.59%
CHEMBL1243965 0: 17.11%, 1: 82.89%
CHEMBL1243966 0: 41.96%, 1: 58.04%
CHEMBL1243967 0: 10.17%, 1: 89.83%
CHEMBL1243968 0: 15.06%, 1: 84.94%
CHEMBL1243970 0: 6.91%, 1: 93.09%
CHEMBL1243972 0: 9.92%, 1: 90.08%
CHEMBL1243976 0: 28.99%, 1: 71.01%
CHEMBL1246087 0: 33.88%, 1: 66.12%
CHEMBL1246088 0: 48.37%, 1: 51.63%
CHEMBL1613762 0: 2.45%, 1: 97.55%
CHEMBL1613779 0: 58.47%, 1: 41.53%
CHEMBL1613785 0: 43.22%, 1: 56.78%
CHEMBL1613787 0: 69.08%, 1: 30.92%
CHEMBL1613807 0: 95.99%, 1: 4.01%
CHEMBL1613813 0: 44.20%, 1: 55.80%
CHEMBL1613814 0: 53.85%, 1: 46.15%
CHEMBL1613817 0: 84.86%, 1: 15.14%
CHEMBL1613853 0: 41.86%, 1: 58.14%
CHEMBL1613861 0: 14.47%, 1: 85.53%
CHEMBL1613864 0: 5.19%, 1: 94.81%
CHEMBL1613867 0: 97.13%, 1: 2.87%
CHEMBL1613870 0: 15.80%, 1: 84.20%
CHEMBL1613871 0: 6.15%, 1: 93.85%
CHEMBL1613874 0: 65.78%, 1: 34.22%
CHEMBL1613876 0: 54.35%, 1: 45.65%
CHEMBL1613884 0: 21.51%, 1: 78.49%
CHEMBL1613890 0: 34.85%, 1: 65.15%
CHEMBL1613897 0: 46.64%, 1: 53.36%
CHEMBL1613898 0: 75.45%, 1: 24.55%
CHEMBL1613904 0: 50.77%, 1: 49.23%
CHEMBL1613907 0: 5.34%, 1: 94.66%
CHEMBL1613926 0: 30.15%, 1: 69.85%
CHEMBL1613928 0: 45.90%, 1: 54.10%
CHEMBL1613929 0: 81.25%, 1: 18.75%
CHEMBL1613941 0: 32.58%, 1: 67.42%
CHEMBL1613942 0: 41.43%, 1: 58.57%
CHEMBL1613947 0: 46.01%, 1: 53.99%
CHEMBL1613949 0: 60.13%, 1: 39.87%
CHEMBL1613950 0: 43.05%, 1: 56.95%
CHEMBL1613955 0: 54.04%, 1: 45.96%
CHEMBL1613962 0: 24.26%, 1: 75.74%
CHEMBL1613967 0: 44.59%, 1: 55.41%
CHEMBL1613981 0: 58.85%, 1: 41.15%
CHEMBL1613991 0: 14.98%, 1: 85.02%
CHEMBL1613997 0: 7.73%, 1: 92.27%
CHEMBL1614001 0: 98.28%, 1: 1.72%
CHEMBL1614004 0: 14.66%, 1: 85.34%
CHEMBL1614016 0: 12.22%, 1: 87.78%
CHEMBL1614030 0: 19.96%, 1: 80.04%
CHEMBL1614034 0: 2.63%, 1: 97.37%
CHEMBL1614035 0: 77.14%, 1: 22.86%
CHEMBL1614049 0: 39.63%, 1: 60.37%
CHEMBL1614053 0: 42.48%, 1: 57.52%
CHEMBL1614063 0: 95.18%, 1: 4.82%
CHEMBL1614065 0: 9.71%, 1: 90.29%
CHEMBL1614066 0: 94.74%, 1: 5.26%
CHEMBL1614069 0: 56.82%, 1: 43.18%
CHEMBL1614072 0: 50.36%, 1: 49.64%
CHEMBL1614084 0: 13.26%, 1: 86.74%
CHEMBL1614091 0: 4.43%, 1: 95.57%
CHEMBL1614092 0: 47.50%, 1: 52.50%
CHEMBL1614097 0: 46.99%, 1: 53.01%
CHEMBL1614098 0: 97.25%, 1: 2.75%
CHEMBL1614104 0: 7.74%, 1: 92.26%
CHEMBL1614105 0: 6.12%, 1: 93.88%
CHEMBL1614109 0: 59.87%, 1: 40.13%
CHEMBL1614128 0: 10.35%, 1: 89.65%
CHEMBL1614131 0: 97.14%, 1: 2.86%
CHEMBL1614132 0: 42.07%, 1: 57.93%
CHEMBL1614138 0: 67.83%, 1: 32.17%
CHEMBL1614155 0: 25.40%, 1: 74.60%
CHEMBL1614158 0: 74.52%, 1: 25.48%
CHEMBL1614167 0: 16.17%, 1: 83.83%
CHEMBL1614170 0: 68.86%, 1: 31.14%
CHEMBL1614171 0: 93.77%, 1: 6.23%
CHEMBL1614175 0: 80.66%, 1: 19.34%
CHEMBL1614185 0: 26.17%, 1: 73.83%
CHEMBL1614197 0: 5.26%, 1: 94.74%
CHEMBL1614199 0: 49.66%, 1: 50.34%
CHEMBL1614202 0: 7.32%, 1: 92.68%
CHEMBL1614215 0: 52.76%, 1: 47.24%
CHEMBL1614216 0: 48.52%, 1: 51.48%
CHEMBL1614218 0: 22.36%, 1: 77.64%
CHEMBL1614225 0: 62.50%, 1: 37.50%
CHEMBL1614244 0: 38.85%, 1: 61.15%
CHEMBL1614247 0: 44.34%, 1: 55.66%
CHEMBL1614252 0: 60.11%, 1: 39.89%
CHEMBL1614255 0: 61.26%, 1: 38.74%
CHEMBL1614259 0: 32.82%, 1: 67.18%
CHEMBL1614272 0: 67.71%, 1: 32.29%
CHEMBL1614276 0: 51.74%, 1: 48.26%
CHEMBL1614287 0: 85.53%, 1: 14.47%
CHEMBL1614288 0: 72.51%, 1: 27.49%
CHEMBL1614290 0: 4.51%, 1: 95.49%
CHEMBL1614295 0: 2.29%, 1: 97.71%
CHEMBL1614301 0: 19.74%, 1: 80.26%
CHEMBL1614304 0: 63.76%, 1: 36.24%
CHEMBL1614309 0: 27.66%, 1: 72.34%
CHEMBL1614311 0: 53.76%, 1: 46.24%
CHEMBL1614314 0: 94.70%, 1: 5.30%
CHEMBL1614319 0: 72.16%, 1: 27.84%
CHEMBL1614320 0: 29.79%, 1: 70.21%
CHEMBL1614321 0: 60.16%, 1: 39.84%
CHEMBL1614328 0: 46.64%, 1: 53.36%
CHEMBL1614329 0: 40.69%, 1: 59.31%
CHEMBL1614336 0: 47.01%, 1: 52.99%
CHEMBL1614344 0: 67.72%, 1: 32.28%
CHEMBL1614356 0: 43.90%, 1: 56.10%
CHEMBL1614359 0: 50.26%, 1: 49.74%
CHEMBL1614363 0: 53.19%, 1: 46.81%
CHEMBL1614385 0: 93.27%, 1: 6.73%
CHEMBL1614388 0: 56.19%, 1: 43.81%
CHEMBL1614393 0: 45.00%, 1: 55.00%
CHEMBL1614395 0: 11.32%, 1: 88.68%
CHEMBL1614403 0: 88.15%, 1: 11.85%
CHEMBL1614423 0: 57.84%, 1: 42.16%
CHEMBL1614425 0: 38.24%, 1: 61.76%
CHEMBL1614433 0: 60.77%, 1: 39.23%
CHEMBL1614434 0: 80.25%, 1: 19.75%
CHEMBL1614456 0: 3.36%, 1: 96.64%
CHEMBL1614466 0: 10.32%, 1: 89.68%
CHEMBL1614469 0: 24.90%, 1: 75.10%
CHEMBL1614477 0: 43.75%, 1: 56.25%
CHEMBL1614478 0: 12.50%, 1: 87.50%
CHEMBL1614480 0: 85.71%, 1: 14.29%
CHEMBL1614484 0: 9.01%, 1: 90.99%
CHEMBL1614492 0: 40.54%, 1: 59.46%
CHEMBL1614499 0: 44.47%, 1: 55.53%
CHEMBL1614503 0: 40.30%, 1: 59.70%
CHEMBL1614504 0: 17.80%, 1: 82.20%
CHEMBL1614509 0: 79.43%, 1: 20.57%
CHEMBL1614512 0: 62.79%, 1: 37.21%
CHEMBL1614514 0: 83.07%, 1: 16.93%
CHEMBL1614515 0: 19.61%, 1: 80.39%
CHEMBL1614516 0: 96.81%, 1: 3.19%
CHEMBL1614522 0: 28.55%, 1: 71.45%
CHEMBL1614524 0: 12.98%, 1: 87.02%
CHEMBL1614528 0: 40.91%, 1: 59.09%
CHEMBL1614547 0: 72.51%, 1: 27.49%
CHEMBL1614548 0: 17.95%, 1: 82.05%
CHEMBL1614549 0: 84.25%, 1: 15.75%
CHEMBL1614550 0: 9.30%, 1: 90.70%
CHEMBL1614554 0: 71.64%, 1: 28.36%
CHEMBL1676103 0: 39.85%, 1: 60.15%
CHEMBL1737860 0: 3.60%, 1: 96.40%
CHEMBL1737863 0: 36.27%, 1: 63.73%
CHEMBL1737865 0: 61.01%, 1: 38.99%
CHEMBL1737868 0: 79.41%, 1: 20.59%
CHEMBL1737910 0: 45.71%, 1: 54.29%
CHEMBL1737912 0: 26.51%, 1: 73.49%
CHEMBL1737942 0: 44.52%, 1: 55.48%
CHEMBL1737951 0: 51.83%, 1: 48.17%
CHEMBL1737961 0: 93.34%, 1: 6.66%
CHEMBL1737966 0: 21.36%, 1: 78.64%
CHEMBL1737967 0: 89.17%, 1: 10.83%
CHEMBL1737977 0: 13.87%, 1: 86.13%
CHEMBL1737978 0: 18.18%, 1: 81.82%
CHEMBL1737979 0: 8.94%, 1: 91.06%
CHEMBL1738019 0: 24.85%, 1: 75.15%
CHEMBL1738021 0: 10.87%, 1: 89.13%
CHEMBL1738025 0: 33.80%, 1: 66.20%
CHEMBL1738040 0: 73.48%, 1: 26.52%
CHEMBL1738043 0: 46.43%, 1: 53.57%
CHEMBL1738079 0: 3.88%, 1: 96.12%
CHEMBL1738080 0: 76.43%, 1: 23.57%
CHEMBL1738091 0: 89.77%, 1: 10.23%
CHEMBL1738097 0: 72.41%, 1: 27.59%
CHEMBL1738131 0: 68.59%, 1: 31.41%
CHEMBL1738164 0: 79.79%, 1: 20.21%
CHEMBL1738171 0: 85.45%, 1: 14.55%
CHEMBL1738183 0: 59.62%, 1: 40.38%
CHEMBL1738197 0: 36.90%, 1: 63.10%
CHEMBL1738202 0: 3.47%, 1: 96.53%
CHEMBL1738242 0: 16.55%, 1: 83.45%
CHEMBL1738249 0: 86.53%, 1: 13.47%
CHEMBL1738253 0: 7.33%, 1: 92.67%
CHEMBL1738319 0: 59.17%, 1: 40.83%
CHEMBL1738325 0: 96.86%, 1: 3.14%
CHEMBL1738362 0: 21.43%, 1: 78.57%
CHEMBL1738369 0: 56.34%, 1: 43.66%
CHEMBL1738371 0: 81.97%, 1: 18.03%
CHEMBL1738391 0: 68.38%, 1: 31.62%
CHEMBL1738400 0: 77.86%, 1: 22.14%
CHEMBL1738402 0: 54.19%, 1: 45.81%
CHEMBL1738407 0: 85.58%, 1: 14.42%
CHEMBL1738408 0: 2.18%, 1: 97.82%
CHEMBL1738414 0: 5.11%, 1: 94.89%
CHEMBL1738418 0: 68.85%, 1: 31.15%
CHEMBL1738422 0: 4.29%, 1: 95.71%
CHEMBL1738424 0: 77.50%, 1: 22.50%
CHEMBL1738430 0: 25.54%, 1: 74.46%
CHEMBL1738438 0: 2.76%, 1: 97.24%
CHEMBL1738482 0: 7.69%, 1: 92.31%
CHEMBL1738485 0: 17.65%, 1: 82.35%
CHEMBL1738494 0: 97.26%, 1: 2.74%
CHEMBL1738495 0: 1.70%, 1: 98.30%
CHEMBL1738497 0: 64.50%, 1: 35.50%
CHEMBL1738502 0: 15.20%, 1: 84.80%
CHEMBL1738510 0: 54.41%, 1: 45.59%
CHEMBL1738512 0: 3.05%, 1: 96.95%
CHEMBL1738513 0: 28.64%, 1: 71.36%
CHEMBL1738552 0: 64.70%, 1: 35.30%
CHEMBL1738575 0: 65.65%, 1: 34.35%
CHEMBL1738578 0: 23.30%, 1: 76.70%
CHEMBL1738579 0: 22.79%, 1: 77.21%
CHEMBL1738593 0: 17.65%, 1: 82.35%
CHEMBL1738599 0: 16.07%, 1: 83.93%
CHEMBL1738602 0: 42.70%, 1: 57.30%
CHEMBL1738610 0: 42.07%, 1: 57.93%
CHEMBL1738611 0: 2.23%, 1: 97.77%
CHEMBL1738632 0: 86.32%, 1: 13.68%
CHEMBL1738633 0: 4.05%, 1: 95.95%
CHEMBL1738639 0: 64.47%, 1: 35.53%
CHEMBL1738642 0: 34.82%, 1: 65.18%
CHEMBL1738670 0: 9.18%, 1: 90.82%
CHEMBL1738673 0: 12.98%, 1: 87.02%
CHEMBL1738679 0: 63.95%, 1: 36.05%
CHEMBL1738682 0: 62.45%, 1: 37.55%
CHEMBL1794296 0: 44.02%, 1: 55.98%
CHEMBL1794303 0: 2.71%, 1: 97.29%
CHEMBL1794320 0: 96.68%, 1: 3.32%
CHEMBL1794327 0: 91.59%, 1: 8.41%
CHEMBL1794336 0: 53.07%, 1: 46.93%
CHEMBL1794350 0: 3.44%, 1: 96.56%
CHEMBL1794355 0: 5.26%, 1: 94.74%
CHEMBL1794356 0: 13.92%, 1: 86.08%
CHEMBL1794358 0: 94.14%, 1: 5.86%
CHEMBL1794365 0: 7.12%, 1: 92.88%
CHEMBL1794383 0: 6.90%, 1: 93.10%
CHEMBL1794387 0: 65.04%, 1: 34.96%
CHEMBL1794393 0: 67.55%, 1: 32.45%
CHEMBL1794396 0: 3.96%, 1: 96.04%
CHEMBL1794410 0: 23.98%, 1: 76.02%
CHEMBL1794413 0: 6.02%, 1: 93.98%
CHEMBL1794438 0: 40.17%, 1: 59.83%
CHEMBL1794445 0: 87.84%, 1: 12.16%
CHEMBL1794452 0: 94.30%, 1: 5.70%
CHEMBL1794457 0: 92.98%, 1: 7.02%
CHEMBL1794460 0: 28.63%, 1: 71.37%
CHEMBL1794467 0: 18.39%, 1: 81.61%
CHEMBL1794475 0: 56.02%, 1: 43.98%
CHEMBL1794484 0: 44.93%, 1: 55.07%
CHEMBL1794494 0: 5.33%, 1: 94.67%
CHEMBL1794497 0: 8.47%, 1: 91.53%
CHEMBL1794499 0: 73.90%, 1: 26.10%
CHEMBL1794508 0: 94.63%, 1: 5.37%
CHEMBL1794516 0: 3.21%, 1: 96.79%
CHEMBL1794522 0: 58.65%, 1: 41.35%
CHEMBL1794528 0: 79.86%, 1: 20.14%
CHEMBL1794531 0: 92.03%, 1: 7.97%
CHEMBL1794548 0: 88.74%, 1: 11.26%
CHEMBL1794566 0: 6.05%, 1: 93.95%
CHEMBL1794567 0: 9.61%, 1: 90.39%
CHEMBL1794570 0: 92.79%, 1: 7.21%
CHEMBL1794571 0: 53.55%, 1: 46.45%
CHEMBL1794573 0: 10.54%, 1: 89.46%
CHEMBL1794574 0: 1.09%, 1: 98.91%
CHEMBL1794578 0: 46.99%, 1: 53.01%
CHEMBL1794581 0: 19.65%, 1: 80.35%
CHEMBL1863510 0: 2.14%, 1: 97.86%
CHEMBL1863512 0: 2.79%, 1: 97.21%
CHEMBL1909084 0: 99.28%, 1: 0.72%
CHEMBL1909085 0: 92.10%, 1: 7.90%
CHEMBL1909086 0: 91.52%, 1: 8.48%
CHEMBL1909087 0: 91.86%, 1: 8.14%
CHEMBL1909088 0: 87.97%, 1: 12.03%
CHEMBL1909089 0: 88.69%, 1: 11.31%
CHEMBL1909090 0: 90.81%, 1: 9.19%
CHEMBL1909091 0: 97.24%, 1: 2.76%
CHEMBL1909092 0: 97.14%, 1: 2.86%
CHEMBL1909093 0: 98.42%, 1: 1.58%
CHEMBL1909094 0: 90.85%, 1: 9.15%
CHEMBL1909095 0: 98.56%, 1: 1.44%
CHEMBL1909097 0: 99.28%, 1: 0.72%
CHEMBL1909102 0: 92.94%, 1: 7.06%
CHEMBL1909103 0: 97.23%, 1: 2.77%
CHEMBL1909104 0: 87.06%, 1: 12.94%
CHEMBL1909105 0: 88.70%, 1: 11.30%
CHEMBL1909106 0: 98.57%, 1: 1.43%
CHEMBL1909107 0: 97.86%, 1: 2.14%
CHEMBL1909108 0: 93.04%, 1: 6.96%
CHEMBL1909109 0: 90.35%, 1: 9.65%
CHEMBL1909110 0: 92.47%, 1: 7.53%
CHEMBL1909111 0: 94.03%, 1: 5.97%
CHEMBL1909112 0: 90.91%, 1: 9.09%
CHEMBL1909114 0: 96.50%, 1: 3.50%
CHEMBL1909115 0: 96.00%, 1: 4.00%
CHEMBL1909116 0: 96.98%, 1: 3.02%
CHEMBL1909121 0: 92.80%, 1: 7.20%
CHEMBL1909123 0: 99.16%, 1: 0.84%
CHEMBL1909124 0: 99.40%, 1: 0.60%
CHEMBL1909130 0: 95.56%, 1: 4.44%
CHEMBL1909131 0: 97.01%, 1: 2.99%
CHEMBL1909132 0: 96.15%, 1: 3.85%
CHEMBL1909134 0: 95.19%, 1: 4.81%
CHEMBL1909135 0: 95.76%, 1: 4.24%
CHEMBL1909136 0: 93.20%, 1: 6.80%
CHEMBL1909138 0: 96.16%, 1: 3.84%
CHEMBL1909139 0: 93.84%, 1: 6.16%
CHEMBL1909140 0: 93.87%, 1: 6.13%
CHEMBL1909141 0: 89.73%, 1: 10.27%
CHEMBL1909142 0: 99.04%, 1: 0.96%
CHEMBL1909143 0: 93.01%, 1: 6.99%
CHEMBL1909145 0: 97.97%, 1: 2.03%
CHEMBL1909148 0: 98.57%, 1: 1.43%
CHEMBL1909150 0: 95.10%, 1: 4.90%
CHEMBL1909156 0: 94.28%, 1: 5.72%
CHEMBL1909157 0: 96.38%, 1: 3.62%
CHEMBL1909158 0: 99.05%, 1: 0.95%
CHEMBL1909159 0: 93.18%, 1: 6.82%
CHEMBL1909165 0: 97.79%, 1: 2.21%
CHEMBL1909169 0: 98.32%, 1: 1.68%
CHEMBL1909170 0: 92.35%, 1: 7.65%
CHEMBL1909171 0: 93.29%, 1: 6.71%
CHEMBL1909172 0: 92.82%, 1: 7.18%
CHEMBL1909173 0: 92.38%, 1: 7.62%
CHEMBL1909174 0: 92.71%, 1: 7.29%
CHEMBL1909180 0: 98.20%, 1: 1.80%
CHEMBL1909181 0: 97.71%, 1: 2.29%
CHEMBL1909182 0: 96.99%, 1: 3.01%
CHEMBL1909184 0: 98.93%, 1: 1.07%
CHEMBL1909186 0: 99.52%, 1: 0.48%
CHEMBL1909190 0: 98.66%, 1: 1.34%
CHEMBL1909191 0: 94.99%, 1: 5.01%
CHEMBL1909192 0: 99.52%, 1: 0.48%
CHEMBL1909200 0: 97.97%, 1: 2.03%
CHEMBL1909201 0: 97.72%, 1: 2.28%
CHEMBL1909203 0: 98.05%, 1: 1.95%
CHEMBL1909204 0: 97.17%, 1: 2.83%
CHEMBL1909205 0: 98.67%, 1: 1.33%
CHEMBL1909206 0: 99.16%, 1: 0.84%
CHEMBL1909209 0: 92.34%, 1: 7.66%
CHEMBL1909210 0: 96.05%, 1: 3.95%
CHEMBL1909211 0: 88.80%, 1: 11.20%
CHEMBL1909212 0: 98.30%, 1: 1.70%
CHEMBL1909213 0: 99.28%, 1: 0.72%
CHEMBL1909214 0: 98.79%, 1: 1.21%
CHEMBL1909215 0: 95.61%, 1: 4.39%
CHEMBL1963686 0: 61.95%, 1: 38.05%
CHEMBL1963687 0: 64.42%, 1: 35.58%
CHEMBL1963688 0: 62.52%, 1: 37.48%
CHEMBL1963689 0: 89.69%, 1: 10.31%
CHEMBL1963690 0: 57.36%, 1: 42.64%
CHEMBL1963691 0: 49.33%, 1: 50.67%
CHEMBL1963692 0: 53.73%, 1: 46.27%
CHEMBL1963693 0: 71.00%, 1: 29.00%
CHEMBL1963694 0: 91.05%, 1: 8.95%
CHEMBL1963695 0: 74.90%, 1: 25.10%
CHEMBL1963696 0: 77.85%, 1: 22.15%
CHEMBL1963697 0: 74.06%, 1: 25.94%
CHEMBL1963698 0: 74.60%, 1: 25.40%
CHEMBL1963699 0: 83.18%, 1: 16.82%
CHEMBL1963701 0: 67.32%, 1: 32.68%
CHEMBL1963702 0: 83.82%, 1: 16.18%
CHEMBL1963703 0: 68.65%, 1: 31.35%
CHEMBL1963704 0: 65.28%, 1: 34.72%
CHEMBL1963705 0: 55.92%, 1: 44.08%
CHEMBL1963706 0: 53.38%, 1: 46.62%
CHEMBL1963707 0: 53.25%, 1: 46.75%
CHEMBL1963708 0: 48.77%, 1: 51.23%
CHEMBL1963710 0: 63.21%, 1: 36.79%
CHEMBL1963711 0: 94.72%, 1: 5.28%
CHEMBL1963712 0: 75.76%, 1: 24.24%
CHEMBL1963714 0: 74.21%, 1: 25.79%
CHEMBL1963715 0: 50.28%, 1: 49.72%
CHEMBL1963716 0: 91.91%, 1: 8.09%
CHEMBL1963717 0: 55.50%, 1: 44.50%
CHEMBL1963718 0: 65.45%, 1: 34.55%
CHEMBL1963719 0: 63.39%, 1: 36.61%
CHEMBL1963720 0: 69.73%, 1: 30.27%
CHEMBL1963721 0: 56.94%, 1: 43.06%
CHEMBL1963722 0: 49.40%, 1: 50.60%
CHEMBL1963723 0: 53.82%, 1: 46.18%
CHEMBL1963724 0: 67.32%, 1: 32.68%
CHEMBL1963725 0: 69.97%, 1: 30.03%
CHEMBL1963727 0: 56.59%, 1: 43.41%
CHEMBL1963728 0: 92.02%, 1: 7.98%
CHEMBL1963729 0: 84.64%, 1: 15.36%
CHEMBL1963731 0: 61.35%, 1: 38.65%
CHEMBL1963733 0: 79.77%, 1: 20.23%
CHEMBL1963734 0: 79.51%, 1: 20.49%
CHEMBL1963735 0: 71.66%, 1: 28.34%
CHEMBL1963736 0: 78.32%, 1: 21.68%
CHEMBL1963737 0: 86.79%, 1: 13.21%
CHEMBL1963738 0: 61.18%, 1: 38.82%
CHEMBL1963739 0: 84.32%, 1: 15.68%
CHEMBL1963740 0: 64.30%, 1: 35.70%
CHEMBL1963741 0: 67.03%, 1: 32.97%
CHEMBL1963742 0: 73.47%, 1: 26.53%
CHEMBL1963743 0: 66.24%, 1: 33.76%
CHEMBL1963744 0: 71.97%, 1: 28.03%
CHEMBL1963745 0: 67.16%, 1: 32.84%
CHEMBL1963746 0: 66.34%, 1: 33.66%
CHEMBL1963747 0: 81.33%, 1: 18.67%
CHEMBL1963748 0: 58.75%, 1: 41.25%
CHEMBL1963749 0: 55.02%, 1: 44.98%
CHEMBL1963750 0: 58.61%, 1: 41.39%
CHEMBL1963751 0: 70.90%, 1: 29.10%
CHEMBL1963752 0: 64.78%, 1: 35.22%
CHEMBL1963753 0: 88.02%, 1: 11.98%
CHEMBL1963754 0: 59.12%, 1: 40.88%
CHEMBL1963756 0: 61.66%, 1: 38.34%
CHEMBL1963757 0: 73.28%, 1: 26.72%
CHEMBL1963758 0: 82.56%, 1: 17.44%
CHEMBL1963759 0: 81.38%, 1: 18.62%
CHEMBL1963760 0: 86.36%, 1: 13.64%
CHEMBL1963761 0: 83.63%, 1: 16.37%
CHEMBL1963763 0: 72.14%, 1: 27.86%
CHEMBL1963764 0: 62.50%, 1: 37.50%
CHEMBL1963765 0: 86.41%, 1: 13.59%
CHEMBL1963766 0: 81.38%, 1: 18.62%
CHEMBL1963767 0: 77.76%, 1: 22.24%
CHEMBL1963768 0: 77.63%, 1: 22.37%
CHEMBL1963770 0: 89.44%, 1: 10.56%
CHEMBL1963771 0: 53.53%, 1: 46.47%
CHEMBL1963772 0: 48.99%, 1: 51.01%
CHEMBL1963773 0: 59.00%, 1: 41.00%
CHEMBL1963775 0: 76.92%, 1: 23.08%
CHEMBL1963776 0: 87.71%, 1: 12.29%
CHEMBL1963777 0: 63.92%, 1: 36.08%
CHEMBL1963778 0: 51.70%, 1: 48.30%
CHEMBL1963779 0: 54.69%, 1: 45.31%
CHEMBL1963780 0: 89.06%, 1: 10.94%
CHEMBL1963781 0: 94.31%, 1: 5.69%
CHEMBL1963782 0: 75.86%, 1: 24.14%
CHEMBL1963783 0: 57.36%, 1: 42.64%
CHEMBL1963785 0: 70.10%, 1: 29.90%
CHEMBL1963786 0: 50.08%, 1: 49.92%
CHEMBL1963787 0: 66.39%, 1: 33.61%
CHEMBL1963789 0: 67.34%, 1: 32.66%
CHEMBL1963790 0: 57.93%, 1: 42.07%
CHEMBL1963791 0: 82.08%, 1: 17.92%
CHEMBL1963792 0: 85.73%, 1: 14.27%
CHEMBL1963793 0: 65.48%, 1: 34.52%
CHEMBL1963794 0: 77.53%, 1: 22.47%
CHEMBL1963795 0: 46.98%, 1: 53.02%
CHEMBL1963796 0: 69.76%, 1: 30.24%
CHEMBL1963797 0: 83.64%, 1: 16.36%
CHEMBL1963798 0: 89.45%, 1: 10.55%
CHEMBL1963799 0: 43.54%, 1: 56.46%
CHEMBL1963800 0: 64.88%, 1: 35.12%
CHEMBL1963801 0: 75.90%, 1: 24.10%
CHEMBL1963802 0: 61.41%, 1: 38.59%
CHEMBL1963803 0: 87.44%, 1: 12.56%
CHEMBL1963804 0: 65.90%, 1: 34.10%
CHEMBL1963805 0: 53.77%, 1: 46.23%
CHEMBL1963806 0: 41.19%, 1: 58.81%
CHEMBL1963807 0: 36.83%, 1: 63.17%
CHEMBL1963808 0: 68.82%, 1: 31.18%
CHEMBL1963809 0: 79.97%, 1: 20.03%
CHEMBL1963810 0: 43.69%, 1: 56.31%
CHEMBL1963811 0: 73.98%, 1: 26.02%
CHEMBL1963812 0: 53.08%, 1: 46.92%
CHEMBL1963813 0: 79.19%, 1: 20.81%
CHEMBL1963814 0: 51.10%, 1: 48.90%
CHEMBL1963815 0: 71.80%, 1: 28.20%
CHEMBL1963816 0: 89.64%, 1: 10.36%
CHEMBL1963817 0: 71.90%, 1: 28.10%
CHEMBL1963818 0: 55.13%, 1: 44.87%
CHEMBL1963819 0: 62.64%, 1: 37.36%
CHEMBL1963820 0: 84.46%, 1: 15.54%
CHEMBL1963821 0: 79.31%, 1: 20.69%
CHEMBL1963822 0: 90.91%, 1: 9.09%
CHEMBL1963823 0: 76.61%, 1: 23.39%
CHEMBL1963824 0: 39.57%, 1: 60.43%
CHEMBL1963825 0: 51.12%, 1: 48.88%
CHEMBL1963826 0: 59.25%, 1: 40.75%
CHEMBL1963827 0: 50.74%, 1: 49.26%
CHEMBL1963828 0: 80.86%, 1: 19.14%
CHEMBL1963829 0: 86.41%, 1: 13.59%
CHEMBL1963831 0: 52.56%, 1: 47.44%
CHEMBL1963832 0: 72.98%, 1: 27.02%
CHEMBL1963833 0: 87.13%, 1: 12.87%
CHEMBL1963834 0: 59.69%, 1: 40.31%
CHEMBL1963836 0: 85.18%, 1: 14.82%
CHEMBL1963837 0: 26.01%, 1: 73.99%
CHEMBL1963838 0: 75.83%, 1: 24.17%
CHEMBL1963846 0: 85.07%, 1: 14.93%
CHEMBL1963867 0: 73.13%, 1: 26.87%
CHEMBL1963893 0: 85.61%, 1: 14.39%
CHEMBL1963898 0: 75.62%, 1: 24.38%
CHEMBL1963907 0: 64.35%, 1: 35.65%
CHEMBL1963910 0: 10.50%, 1: 89.50%
CHEMBL1963915 0: 15.00%, 1: 85.00%
CHEMBL1963916 0: 40.48%, 1: 59.52%
CHEMBL1963918 0: 73.35%, 1: 26.65%
CHEMBL1963930 0: 3.64%, 1: 96.36%
CHEMBL1963933 0: 93.91%, 1: 6.09%
CHEMBL1963934 0: 3.64%, 1: 96.36%
CHEMBL1963937 0: 39.27%, 1: 60.73%
CHEMBL1963938 0: 65.85%, 1: 34.15%
CHEMBL1963940 0: 33.79%, 1: 66.21%
CHEMBL1963947 0: 6.25%, 1: 93.75%
CHEMBL1963966 0: 3.29%, 1: 96.71%
CHEMBL1963968 0: 51.52%, 1: 48.48%
CHEMBL1963969 0: 25.83%, 1: 74.17%
CHEMBL1963971 0: 10.20%, 1: 89.80%
CHEMBL1963974 0: 88.26%, 1: 11.74%
CHEMBL1963983 0: 76.39%, 1: 23.61%
CHEMBL1964000 0: 76.77%, 1: 23.23%
CHEMBL1964005 0: 6.67%, 1: 93.33%
CHEMBL1964010 0: 76.06%, 1: 23.94%
CHEMBL1964015 0: 73.77%, 1: 26.23%
CHEMBL1964022 0: 76.61%, 1: 23.39%
CHEMBL1964023 0: 73.75%, 1: 26.25%
CHEMBL1964081 0: 47.98%, 1: 52.02%
CHEMBL1964095 0: 65.41%, 1: 34.59%
CHEMBL1964096 0: 11.36%, 1: 88.64%
CHEMBL1964100 0: 79.62%, 1: 20.38%
CHEMBL1964101 0: 34.62%, 1: 65.38%
CHEMBL1964102 0: 71.54%, 1: 28.46%
CHEMBL1964103 0: 51.58%, 1: 48.42%
CHEMBL1964104 0: 63.88%, 1: 36.12%
CHEMBL1964105 0: 64.53%, 1: 35.47%
CHEMBL1964106 0: 57.96%, 1: 42.04%
CHEMBL1964108 0: 69.62%, 1: 30.38%
CHEMBL1964111 0: 73.41%, 1: 26.59%
CHEMBL1964112 0: 87.59%, 1: 12.41%
CHEMBL1964114 0: 61.11%, 1: 38.89%
CHEMBL1964115 0: 43.36%, 1: 56.64%
CHEMBL1964116 0: 70.55%, 1: 29.45%
CHEMBL1964117 0: 63.66%, 1: 36.34%
CHEMBL1964118 0: 60.33%, 1: 39.67%
CHEMBL1964119 0: 57.23%, 1: 42.77%
CHEMBL2028073 0: 76.99%, 1: 23.01%
CHEMBL2028074 0: 74.88%, 1: 25.12%
CHEMBL2028075 0: 56.46%, 1: 43.54%
CHEMBL2028076 0: 85.04%, 1: 14.96%
CHEMBL2028077 0: 96.19%, 1: 3.81%
CHEMBL2095143 0: 93.77%, 1: 6.23%
CHEMBL2098499 0: 74.45%, 1: 25.55%
CHEMBL2114715 0: 60.31%, 1: 39.69%
CHEMBL2114716 0: 12.27%, 1: 87.73%
CHEMBL2114719 0: 77.41%, 1: 22.59%
CHEMBL2114725 0: 51.74%, 1: 48.26%
CHEMBL2114727 0: 16.96%, 1: 83.04%
CHEMBL2114728 0: 9.82%, 1: 90.18%
CHEMBL2114737 0: 87.93%, 1: 12.07%
CHEMBL2114742 0: 33.90%, 1: 66.10%
CHEMBL2114748 0: 59.44%, 1: 40.56%
CHEMBL2114752 0: 15.02%, 1: 84.98%
CHEMBL2114753 0: 8.36%, 1: 91.64%
CHEMBL2114761 0: 78.40%, 1: 21.60%
CHEMBL2114764 0: 42.92%, 1: 57.08%
CHEMBL2114771 0: 64.02%, 1: 35.98%
CHEMBL2114791 0: 1.99%, 1: 98.01%
CHEMBL2114797 0: 42.41%, 1: 57.59%
CHEMBL2114811 0: 10.16%, 1: 89.84%
CHEMBL2114814 0: 44.98%, 1: 55.02%
CHEMBL2114816 0: 37.94%, 1: 62.06%
CHEMBL2114818 0: 4.15%, 1: 95.85%
CHEMBL2114820 0: 16.31%, 1: 83.69%
CHEMBL2114821 0: 18.77%, 1: 81.23%
CHEMBL2114823 0: 20.90%, 1: 79.10%
CHEMBL2114825 0: 18.62%, 1: 81.38%
CHEMBL2114827 0: 93.80%, 1: 6.20%
CHEMBL2114829 0: 25.17%, 1: 74.83%
CHEMBL2114830 0: 20.17%, 1: 79.83%
CHEMBL2114839 0: 28.69%, 1: 71.31%
CHEMBL2114842 0: 62.00%, 1: 38.00%
CHEMBL2114844 0: 32.59%, 1: 67.41%
CHEMBL2114847 0: 13.84%, 1: 86.16%
CHEMBL2114850 0: 8.62%, 1: 91.38%
CHEMBL2114852 0: 3.84%, 1: 96.16%
CHEMBL2114857 0: 50.00%, 1: 50.00%
CHEMBL2114858 0: 32.36%, 1: 67.64%
CHEMBL2114863 0: 33.55%, 1: 66.45%
CHEMBL2114865 0: 3.43%, 1: 96.57%
CHEMBL2114872 0: 9.51%, 1: 90.49%
CHEMBL2114874 0: 28.03%, 1: 71.97%
CHEMBL2114882 0: 92.25%, 1: 7.75%
CHEMBL2114896 0: 51.22%, 1: 48.78%
CHEMBL2114899 0: 87.76%, 1: 12.24%
CHEMBL2114909 0: 1.94%, 1: 98.06%
