wandb: Tracking run with wandb version 0.9.3
wandb: Run data is saved locally in wandb/run-20200723_043751-rxneul2q
wandb: Syncing run chemprop_0.6_dropout_3_mp_steps
wandb: ⭐️ View project at https://app.wandb.ai/apappu97/molecule-metalearning-chemprop
wandb: 🚀 View run at https://app.wandb.ai/apappu97/molecule-metalearning-chemprop/runs/rxneul2q
wandb: Run `wandb off` to turn off syncing.

Fold 0
Command line
python chemprop/train.py --data_path filtered_chembl/chembl_less_1024_more_128_645_tasks.csv --dataset_type classification --split_type scaffold_balanced --dropout 0.6 --depth 3 --num_folds 2 --epochs 30 --results_save_dir results/initial_hyperparameter_tuning/ --experiment_name chemprop_0.6_dropout_3_mp_steps
Args
{'ANIL': False,
 'FO_MAML': False,
 'activation': 'ReLU',
 'atom_messages': False,
 'batch_size': 50,
 'bias': False,
 'cache_cutoff': 10000,
 'checkpoint_dir': None,
 'checkpoint_path': None,
 'checkpoint_paths': None,
 'chembl_assay_metadata_pickle_path': None,
 'class_balance': False,
 'config_path': None,
 'crossval_index_dir': None,
 'crossval_index_file': None,
 'crossval_index_sets': None,
 'data_path': 'filtered_chembl/chembl_less_1024_more_128_645_tasks.csv',
 'dataset_type': 'classification',
 'depth': 3,
 'dropout': 0.6,
 'dummy': False,
 'ensemble_size': 1,
 'epochs': 30,
 'experiment_name': 'chemprop_0.6_dropout_3_mp_steps',
 'features_generator': None,
 'features_only': False,
 'features_path': None,
 'features_size': None,
 'ffn_hidden_size': 300,
 'ffn_num_layers': 2,
 'final_lr': 0.0001,
 'folds_file': None,
 'gpu': None,
 'hidden_size': 300,
 'init_lr': 0.0001,
 'inner_loop_lr': 0.05,
 'log_frequency': 10,
 'max_data_size': None,
 'max_lr': 0.001,
 'meta_batch_size': 3,
 'meta_learning': False,
 'meta_test_epochs': 20,
 'meta_test_lr': 0.001,
 'meta_test_split_sizes': (0.8, 0.1, 0.1),
 'meta_train_split_sizes': (0.8, 0.2, 0),
 'metric': 'auc',
 'minimize_score': False,
 'multiclass_num_classes': 3,
 'no_cuda': False,
 'no_features_scaling': False,
 'num_folds': 2,
 'num_inner_gradient_steps': 2,
 'num_lrs': 1,
 'num_tasks': None,
 'num_workers': 8,
 'outer_loop_lr': 0.003,
 'pytorch_seed': 0,
 'quiet': False,
 'results_save_dir': 'results/initial_hyperparameter_tuning/',
 'save_dir': '/tmp/2282320.2.gpu.q/tmp0hiipapg/fold_0',
 'save_smiles_splits': False,
 'seed': 0,
 'separate_test_features_path': None,
 'separate_test_path': None,
 'separate_val_features_path': None,
 'separate_val_path': None,
 'show_individual_scores': False,
 'smiles_column': None,
 'split_sizes': (0.8, 0.1, 0.1),
 'split_type': 'scaffold_balanced',
 'target_columns': None,
 'task_names': None,
 'test': False,
 'test_fold_index': None,
 'train_data_size': None,
 'undirected': False,
 'use_input_features': False,
 'val_fold_index': None,
 'warmup_epochs': 2.0}
Loading data
0it [00:00, ?it/s]424it [00:00, 4233.20it/s]908it [00:00, 4396.58it/s]1367it [00:00, 4452.31it/s]1852it [00:00, 4564.33it/s]2336it [00:00, 4643.52it/s]2789it [00:00, 4607.90it/s]3269it [00:00, 4663.87it/s]3755it [00:00, 4719.82it/s]4204it [00:00, 4072.73it/s]4691it [00:01, 4282.55it/s]5177it [00:01, 4439.91it/s]5639it [00:01, 4491.74it/s]6132it [00:01, 4614.70it/s]6603it [00:01, 4641.31it/s]7096it [00:01, 4722.43it/s]7589it [00:01, 4781.45it/s]8069it [00:01, 4001.47it/s]8553it [00:01, 4218.80it/s]9028it [00:02, 4355.12it/s]9525it [00:02, 4522.84it/s]10023it [00:02, 4650.16it/s]10498it [00:02, 4668.44it/s]10996it [00:02, 4755.41it/s]11477it [00:02, 4749.90it/s]11974it [00:02, 4812.26it/s]12458it [00:02, 4205.97it/s]12933it [00:02, 4355.38it/s]13432it [00:02, 4526.41it/s]13914it [00:03, 4587.18it/s]14413it [00:03, 4699.59it/s]14909it [00:03, 4772.55it/s]15391it [00:03, 4750.03it/s]15883it [00:03, 4798.96it/s]16366it [00:03, 4162.43it/s]16799it [00:04, 2058.93it/s]17298it [00:04, 2499.11it/s]17754it [00:04, 2890.77it/s]18250it [00:04, 3303.32it/s]18748it [00:04, 3673.32it/s]19222it [00:04, 3937.60it/s]19720it [00:04, 4200.31it/s]20195it [00:04, 4349.25it/s]20692it [00:04, 4517.93it/s]21171it [00:05, 4043.50it/s]21645it [00:05, 4228.59it/s]22144it [00:05, 4430.48it/s]22621it [00:05, 4514.84it/s]23120it [00:05, 4646.20it/s]23617it [00:05, 4736.31it/s]24099it [00:05, 4727.85it/s]24596it [00:05, 4796.66it/s]25080it [00:05, 4134.97it/s]25577it [00:05, 4353.88it/s]26073it [00:06, 4519.00it/s]26544it [00:06, 4572.99it/s]27040it [00:06, 4681.41it/s]27516it [00:06, 4699.87it/s]28009it [00:06, 4765.62it/s]28506it [00:06, 4824.20it/s]28992it [00:06, 4755.46it/s]29470it [00:06, 4160.39it/s]29942it [00:06, 4312.43it/s]30437it [00:07, 4484.87it/s]30929it [00:07, 4606.33it/s]31400it [00:07, 4635.49it/s]31895it [00:07, 4723.45it/s]32373it [00:07, 4715.61it/s]32869it [00:07, 4786.25it/s]33372it [00:07, 4854.93it/s]33860it [00:07, 4166.59it/s]34356it [00:07, 4376.52it/s]34831it [00:08, 4480.01it/s]35324it [00:08, 4604.59it/s]35820it [00:08, 4703.35it/s]36298it [00:08, 4709.01it/s]36796it [00:08, 4786.36it/s]37279it [00:08, 4787.79it/s]37761it [00:08, 4193.04it/s]38260it [00:08, 4402.92it/s]38737it [00:08, 4504.87it/s]39234it [00:08, 4633.67it/s]39712it [00:09, 4674.26it/s]40195it [00:09, 4717.89it/s]40702it [00:09, 4817.84it/s]41188it [00:09, 4798.74it/s]41686it [00:09, 4850.88it/s]42173it [00:09, 4202.44it/s]42675it [00:09, 4416.54it/s]43181it [00:09, 4589.88it/s]43657it [00:09, 4638.72it/s]44156it [00:10, 4736.87it/s]44637it [00:10, 4746.89it/s]45136it [00:10, 4815.45it/s]45623it [00:10, 4798.93it/s]46106it [00:10, 4214.15it/s]46604it [00:10, 4416.87it/s]47083it [00:10, 4520.25it/s]47588it [00:10, 4665.27it/s]48066it [00:10, 4695.30it/s]48564it [00:10, 4777.08it/s]49064it [00:11, 4840.13it/s]49552it [00:11, 4830.98it/s]50052it [00:11, 4878.58it/s]50542it [00:11, 4205.63it/s]51028it [00:11, 4382.60it/s]51535it [00:11, 4567.53it/s]52009it [00:11, 4616.10it/s]52505it [00:11, 4711.84it/s]52983it [00:11, 4723.55it/s]53462it [00:12, 4741.89it/s]53945it [00:12, 4765.13it/s]54424it [00:12, 4084.38it/s]54907it [00:12, 4281.00it/s]55388it [00:12, 4425.54it/s]55843it [00:12, 4461.58it/s]56332it [00:12, 4580.73it/s]56807it [00:12, 4630.01it/s]57302it [00:12, 4721.24it/s]57806it [00:12, 4810.98it/s]58291it [00:13, 4796.30it/s]58773it [00:13, 4171.52it/s]59248it [00:13, 4329.14it/s]59749it [00:13, 4510.89it/s]60254it [00:13, 4658.28it/s]60733it [00:13, 4696.65it/s]61234it [00:13, 4785.68it/s]61718it [00:13, 4773.20it/s]61865it [00:13, 4465.36it/s]
  0% 0/61865 [00:00<?, ?it/s]  2% 1231/61865 [00:01<00:58, 1037.03it/s] 77% 47842/61865 [00:02<00:09, 1467.61it/s]100% 61865/61865 [00:02<00:00, 28095.66it/s]
  0% 0/61865 [00:00<?, ?it/s]  1% 480/61865 [00:00<00:12, 4794.00it/s]  2% 964/61865 [00:00<00:12, 4805.54it/s]  2% 1389/61865 [00:00<00:13, 4620.53it/s]  3% 1810/61865 [00:00<00:13, 4484.36it/s]  4% 2210/61865 [00:00<00:13, 4325.32it/s]  4% 2613/61865 [00:00<00:14, 4230.88it/s]  5% 3072/61865 [00:00<00:13, 4328.86it/s]  6% 3551/61865 [00:00<00:13, 4455.84it/s]  6% 3972/61865 [00:00<00:13, 4339.20it/s]  7% 4399/61865 [00:01<00:13, 4315.47it/s]  8% 4824/61865 [00:01<00:13, 4293.73it/s]  8% 5246/61865 [00:01<00:13, 4159.89it/s]  9% 5658/61865 [00:01<00:14, 4005.86it/s] 10% 6057/61865 [00:01<00:14, 3949.47it/s] 10% 6451/61865 [00:01<00:14, 3889.49it/s] 11% 6840/61865 [00:01<00:14, 3882.70it/s] 12% 7234/61865 [00:01<00:14, 3898.77it/s] 12% 7624/61865 [00:01<00:14, 3793.85it/s] 13% 8038/61865 [00:01<00:13, 3887.05it/s] 14% 8428/61865 [00:02<00:14, 3763.82it/s] 14% 8836/61865 [00:02<00:13, 3853.38it/s] 15% 9225/61865 [00:02<00:13, 3861.80it/s] 16% 9614/61865 [00:02<00:13, 3870.20it/s] 16% 10002/61865 [00:02<00:13, 3853.01it/s] 17% 10388/61865 [00:02<00:13, 3852.85it/s] 17% 10774/61865 [00:02<00:13, 3825.44it/s] 18% 11157/61865 [00:02<00:13, 3803.87it/s] 19% 11553/61865 [00:02<00:13, 3847.00it/s] 19% 11941/61865 [00:02<00:12, 3855.28it/s] 20% 12338/61865 [00:03<00:12, 3887.55it/s] 21% 12730/61865 [00:03<00:12, 3896.86it/s] 21% 13120/61865 [00:03<00:12, 3886.69it/s] 22% 13528/61865 [00:03<00:12, 3940.47it/s] 23% 13923/61865 [00:03<00:12, 3935.29it/s] 23% 14317/61865 [00:03<00:12, 3875.00it/s] 24% 14705/61865 [00:03<00:12, 3826.18it/s] 24% 15090/61865 [00:03<00:12, 3832.71it/s] 25% 15482/61865 [00:03<00:12, 3856.55it/s] 26% 15875/61865 [00:03<00:11, 3875.21it/s] 26% 16268/61865 [00:04<00:11, 3890.34it/s] 27% 16670/61865 [00:04<00:11, 3924.53it/s] 28% 17088/61865 [00:04<00:11, 3995.16it/s] 28% 17488/61865 [00:04<00:11, 3971.53it/s] 29% 17894/61865 [00:04<00:11, 3996.82it/s] 30% 18295/61865 [00:04<00:10, 4000.47it/s] 30% 18696/61865 [00:04<00:10, 3989.54it/s] 31% 19096/61865 [00:04<00:10, 3943.44it/s] 32% 19491/61865 [00:04<00:10, 3942.04it/s] 32% 19890/61865 [00:04<00:10, 3956.04it/s] 33% 20286/61865 [00:05<00:10, 3896.60it/s] 33% 20676/61865 [00:05<00:10, 3862.62it/s] 34% 21064/61865 [00:05<00:10, 3867.28it/s] 35% 21451/61865 [00:05<00:10, 3844.09it/s] 35% 21843/61865 [00:05<00:10, 3865.73it/s] 36% 22252/61865 [00:05<00:10, 3928.62it/s] 37% 22648/61865 [00:05<00:09, 3935.59it/s] 37% 23043/61865 [00:05<00:09, 3937.66it/s] 38% 23449/61865 [00:05<00:09, 3973.36it/s] 39% 23847/61865 [00:05<00:09, 3961.39it/s] 39% 24254/61865 [00:06<00:09, 3990.61it/s] 40% 24654/61865 [00:06<00:09, 3989.86it/s] 40% 25054/61865 [00:06<00:09, 3960.68it/s] 41% 25451/61865 [00:06<00:09, 3954.60it/s] 42% 25847/61865 [00:06<00:09, 3931.49it/s] 42% 26241/61865 [00:06<00:09, 3931.07it/s] 43% 26635/61865 [00:06<00:08, 3915.07it/s] 44% 27037/61865 [00:06<00:08, 3945.72it/s] 44% 27437/61865 [00:06<00:08, 3959.23it/s] 45% 27840/61865 [00:07<00:08, 3974.57it/s] 46% 28238/61865 [00:07<00:08, 3937.56it/s] 46% 28632/61865 [00:07<00:08, 3904.13it/s] 47% 29023/61865 [00:07<00:08, 3855.21it/s] 48% 29417/61865 [00:07<00:08, 3879.86it/s] 48% 29817/61865 [00:07<00:08, 3915.06it/s] 49% 30209/61865 [00:07<00:08, 3896.80it/s] 49% 30606/61865 [00:07<00:07, 3917.10it/s] 50% 31004/61865 [00:07<00:07, 3932.98it/s] 51% 31398/61865 [00:07<00:07, 3913.45it/s] 51% 31800/61865 [00:08<00:07, 3941.71it/s] 52% 32195/61865 [00:08<00:07, 3935.94it/s] 53% 32589/61865 [00:08<00:07, 3911.60it/s] 53% 32981/61865 [00:08<00:07, 3904.84it/s] 54% 33373/61865 [00:08<00:07, 3907.54it/s] 55% 33770/61865 [00:08<00:07, 3923.62it/s] 55% 34165/61865 [00:08<00:07, 3930.70it/s] 56% 34571/61865 [00:08<00:06, 3968.45it/s] 57% 34968/61865 [00:08<00:06, 3927.66it/s] 57% 35361/61865 [00:08<00:06, 3882.22it/s] 58% 35750/61865 [00:09<00:06, 3852.64it/s] 58% 36137/61865 [00:09<00:06, 3854.20it/s] 59% 36523/61865 [00:09<00:06, 3849.72it/s] 60% 36927/61865 [00:09<00:06, 3904.02it/s] 60% 37326/61865 [00:09<00:06, 3925.47it/s] 61% 37738/61865 [00:09<00:06, 3979.54it/s] 62% 38137/61865 [00:09<00:05, 3977.78it/s] 62% 38536/61865 [00:09<00:05, 3966.72it/s] 63% 38933/61865 [00:09<00:05, 3940.54it/s] 64% 39329/61865 [00:09<00:05, 3946.13it/s] 64% 39730/61865 [00:10<00:05, 3962.85it/s] 65% 40127/61865 [00:10<00:05, 3939.41it/s] 66% 40522/61865 [00:10<00:05, 3919.96it/s] 66% 40915/61865 [00:10<00:05, 3890.23it/s] 67% 41316/61865 [00:10<00:05, 3924.95it/s] 67% 41709/61865 [00:10<00:05, 3921.93it/s] 68% 42103/61865 [00:10<00:05, 3926.04it/s] 69% 42496/61865 [00:10<00:04, 3895.43it/s] 69% 42887/61865 [00:10<00:04, 3899.74it/s] 70% 43282/61865 [00:10<00:04, 3914.22it/s] 71% 43683/61865 [00:11<00:04, 3940.49it/s] 71% 44078/61865 [00:11<00:04, 3934.94it/s] 72% 44480/61865 [00:11<00:04, 3958.02it/s] 73% 44883/61865 [00:11<00:04, 3977.49it/s] 73% 45288/61865 [00:11<00:04, 3997.05it/s] 74% 45688/61865 [00:11<00:04, 3932.01it/s] 74% 46082/61865 [00:11<00:04, 3920.74it/s] 75% 46475/61865 [00:11<00:03, 3910.58it/s] 76% 46868/61865 [00:11<00:03, 3914.65it/s] 76% 47260/61865 [00:11<00:03, 3913.37it/s] 77% 47658/61865 [00:12<00:03, 3931.00it/s] 78% 48052/61865 [00:12<00:03, 3913.65it/s] 78% 48444/61865 [00:12<00:03, 3857.13it/s] 79% 48830/61865 [00:12<00:03, 3802.72it/s] 80% 49211/61865 [00:12<00:03, 3790.47it/s] 80% 49591/61865 [00:12<00:03, 3783.54it/s] 81% 49970/61865 [00:12<00:03, 3746.81it/s] 81% 50345/61865 [00:12<00:03, 3745.37it/s] 82% 50720/61865 [00:12<00:02, 3737.32it/s] 83% 51094/61865 [00:12<00:02, 3698.22it/s] 83% 51464/61865 [00:13<00:02, 3688.85it/s] 84% 51834/61865 [00:13<00:02, 3629.42it/s] 84% 52208/61865 [00:13<00:02, 3660.39it/s] 85% 52575/61865 [00:13<00:02, 3644.86it/s] 86% 52947/61865 [00:13<00:02, 3664.08it/s] 86% 53314/61865 [00:13<00:02, 3632.88it/s] 87% 53702/61865 [00:13<00:02, 3702.53it/s] 87% 54073/61865 [00:13<00:02, 3694.52it/s] 88% 54443/61865 [00:13<00:02, 3695.04it/s] 89% 54826/61865 [00:13<00:01, 3733.60it/s] 89% 55200/61865 [00:14<00:01, 3695.05it/s] 90% 55570/61865 [00:14<00:01, 3560.54it/s] 90% 55939/61865 [00:14<00:01, 3597.94it/s] 91% 56325/61865 [00:14<00:01, 3672.03it/s] 92% 56694/61865 [00:14<00:01, 3646.34it/s] 92% 57060/61865 [00:14<00:01, 3459.24it/s] 93% 57409/61865 [00:14<00:01, 3235.55it/s] 93% 57738/61865 [00:14<00:01, 3004.77it/s] 94% 58046/61865 [00:15<00:01, 2848.53it/s] 94% 58338/61865 [00:15<00:01, 2764.24it/s] 95% 58629/61865 [00:15<00:01, 2804.50it/s] 95% 59012/61865 [00:15<00:00, 3048.67it/s] 96% 59430/61865 [00:15<00:00, 3317.92it/s] 97% 59818/61865 [00:15<00:00, 3467.45it/s] 97% 60176/61865 [00:15<00:00, 3388.55it/s] 98% 60573/61865 [00:15<00:00, 3543.42it/s] 99% 60994/61865 [00:15<00:00, 3718.79it/s] 99% 61415/61865 [00:15<00:00, 3852.76it/s]100% 61812/61865 [00:16<00:00, 3885.66it/s]100% 61865/61865 [00:16<00:00, 3855.67it/s]
Number of tasks = 645
Splitting data with seed 0
  0% 0/61865 [00:00<?, ?it/s]  1% 475/61865 [00:00<00:12, 4736.19it/s]  2% 944/61865 [00:00<00:12, 4720.70it/s]  2% 1362/61865 [00:00<00:13, 4542.87it/s]  3% 1764/61865 [00:00<00:13, 4368.91it/s]  3% 2158/61865 [00:00<00:14, 4228.95it/s]  4% 2563/61865 [00:00<00:14, 4169.81it/s]  5% 2933/61865 [00:00<00:14, 4014.60it/s]  5% 3374/61865 [00:00<00:14, 4124.02it/s]  6% 3777/61865 [00:00<00:14, 4093.42it/s]  7% 4170/61865 [00:01<00:15, 3834.58it/s]  7% 4582/61865 [00:01<00:14, 3915.55it/s]  8% 4968/61865 [00:01<00:14, 3844.42it/s]  9% 5349/61865 [00:01<00:15, 3700.16it/s]  9% 5718/61865 [00:01<00:15, 3613.80it/s] 10% 6079/61865 [00:01<00:15, 3556.58it/s] 10% 6435/61865 [00:01<00:15, 3497.44it/s] 11% 6799/61865 [00:01<00:15, 3537.69it/s] 12% 7166/61865 [00:01<00:15, 3575.97it/s] 12% 7524/61865 [00:01<00:15, 3509.07it/s] 13% 7885/61865 [00:02<00:15, 3536.22it/s] 13% 8239/61865 [00:02<00:16, 3348.08it/s] 14% 8589/61865 [00:02<00:15, 3391.42it/s] 14% 8930/61865 [00:02<00:15, 3360.46it/s] 15% 9296/61865 [00:02<00:15, 3443.19it/s] 16% 9655/61865 [00:02<00:14, 3483.93it/s] 16% 10017/61865 [00:02<00:14, 3522.80it/s] 17% 10377/61865 [00:02<00:14, 3542.95it/s] 17% 10732/61865 [00:02<00:14, 3492.52it/s] 18% 11087/61865 [00:02<00:14, 3508.99it/s] 19% 11458/61865 [00:03<00:14, 3564.92it/s] 19% 11817/61865 [00:03<00:14, 3570.56it/s] 20% 12191/61865 [00:03<00:13, 3616.18it/s] 20% 12560/61865 [00:03<00:13, 3636.99it/s] 21% 12930/61865 [00:03<00:13, 3652.75it/s] 21% 13300/61865 [00:03<00:13, 3664.90it/s] 22% 13679/61865 [00:03<00:13, 3700.36it/s] 23% 14050/61865 [00:03<00:13, 3667.14it/s] 23% 14417/61865 [00:03<00:13, 3620.33it/s] 24% 14780/61865 [00:04<00:13, 3563.77it/s] 24% 15145/61865 [00:04<00:13, 3586.84it/s] 25% 15512/61865 [00:04<00:12, 3609.91it/s] 26% 15880/61865 [00:04<00:12, 3630.18it/s] 26% 16248/61865 [00:04<00:12, 3641.16it/s] 27% 16618/61865 [00:04<00:12, 3656.51it/s] 27% 17011/61865 [00:04<00:12, 3734.31it/s] 28% 17386/61865 [00:04<00:11, 3738.48it/s] 29% 17770/61865 [00:04<00:11, 3767.08it/s] 29% 18148/61865 [00:04<00:11, 3767.71it/s] 30% 18525/61865 [00:05<00:11, 3766.92it/s] 31% 18902/61865 [00:05<00:11, 3721.61it/s] 31% 19275/61865 [00:05<00:11, 3686.75it/s] 32% 19656/61865 [00:05<00:11, 3721.30it/s] 32% 20029/61865 [00:05<00:11, 3674.06it/s] 33% 20397/61865 [00:05<00:11, 3619.84it/s] 34% 20772/61865 [00:05<00:11, 3657.19it/s] 34% 21139/61865 [00:05<00:11, 3649.38it/s] 35% 21505/61865 [00:05<00:11, 3605.55it/s] 35% 21876/61865 [00:05<00:11, 3635.26it/s] 36% 22260/61865 [00:06<00:10, 3694.06it/s] 37% 22636/61865 [00:06<00:10, 3711.77it/s] 37% 23009/61865 [00:06<00:10, 3715.88it/s] 38% 23390/61865 [00:06<00:10, 3742.92it/s] 38% 23765/61865 [00:06<00:10, 3741.52it/s] 39% 24147/61865 [00:06<00:10, 3764.11it/s] 40% 24525/61865 [00:06<00:09, 3766.10it/s] 40% 24902/61865 [00:06<00:09, 3742.94it/s] 41% 25277/61865 [00:06<00:09, 3724.86it/s] 41% 25650/61865 [00:06<00:09, 3705.58it/s] 42% 26025/61865 [00:07<00:09, 3717.44it/s] 43% 26397/61865 [00:07<00:09, 3707.62it/s] 43% 26768/61865 [00:07<00:09, 3670.66it/s] 44% 27145/61865 [00:07<00:09, 3698.71it/s] 44% 27522/61865 [00:07<00:09, 3716.59it/s] 45% 27901/61865 [00:07<00:09, 3736.84it/s] 46% 28275/61865 [00:07<00:09, 3673.16it/s] 46% 28643/61865 [00:07<00:09, 3664.63it/s] 47% 29010/61865 [00:07<00:09, 3612.72it/s] 48% 29386/61865 [00:07<00:08, 3653.33it/s] 48% 29764/61865 [00:08<00:08, 3689.34it/s] 49% 30138/61865 [00:08<00:08, 3702.29it/s] 49% 30509/61865 [00:08<00:08, 3681.60it/s] 50% 30890/61865 [00:08<00:08, 3719.07it/s] 51% 31263/61865 [00:08<00:08, 3687.46it/s] 51% 31643/61865 [00:08<00:08, 3718.04it/s] 52% 32019/61865 [00:08<00:08, 3727.57it/s] 52% 32392/61865 [00:08<00:08, 3678.21it/s] 53% 32761/61865 [00:08<00:07, 3654.14it/s] 54% 33133/61865 [00:08<00:07, 3673.22it/s] 54% 33507/61865 [00:09<00:07, 3691.52it/s] 55% 33877/61865 [00:09<00:07, 3689.02it/s] 55% 34249/61865 [00:09<00:07, 3697.30it/s] 56% 34629/61865 [00:09<00:07, 3725.03it/s] 57% 35002/61865 [00:09<00:07, 3665.07it/s] 57% 35369/61865 [00:09<00:07, 3611.83it/s] 58% 35731/61865 [00:09<00:07, 3585.89it/s] 58% 36101/61865 [00:09<00:07, 3616.01it/s] 59% 36465/61865 [00:09<00:07, 3621.04it/s] 60% 36842/61865 [00:09<00:06, 3664.39it/s] 60% 37215/61865 [00:10<00:06, 3679.35it/s] 61% 37603/61865 [00:10<00:06, 3735.35it/s] 61% 37983/61865 [00:10<00:06, 3751.31it/s] 62% 38359/61865 [00:10<00:06, 3753.22it/s] 63% 38735/61865 [00:10<00:06, 3725.91it/s] 63% 39108/61865 [00:10<00:06, 3678.24it/s] 64% 39490/61865 [00:10<00:06, 3718.44it/s] 64% 39868/61865 [00:10<00:05, 3734.97it/s] 65% 40242/61865 [00:10<00:05, 3662.29it/s] 66% 40609/61865 [00:10<00:05, 3619.78it/s] 66% 40972/61865 [00:11<00:05, 3611.61it/s] 67% 41349/61865 [00:11<00:05, 3657.31it/s] 67% 41716/61865 [00:11<00:05, 3649.51it/s] 68% 42084/61865 [00:11<00:05, 3657.78it/s] 69% 42450/61865 [00:11<00:05, 3619.10it/s] 69% 42813/61865 [00:11<00:05, 3598.44it/s] 70% 43186/61865 [00:11<00:05, 3636.48it/s] 70% 43553/61865 [00:11<00:05, 3646.33it/s] 71% 43923/61865 [00:11<00:04, 3660.76it/s] 72% 44294/61865 [00:12<00:04, 3672.47it/s] 72% 44674/61865 [00:12<00:04, 3705.90it/s] 73% 45045/61865 [00:12<00:04, 3687.78it/s] 73% 45420/61865 [00:12<00:04, 3705.15it/s] 74% 45791/61865 [00:12<00:04, 3657.92it/s] 75% 46158/61865 [00:12<00:04, 3637.61it/s] 75% 46522/61865 [00:12<00:04, 3633.49it/s] 76% 46891/61865 [00:12<00:04, 3649.99it/s] 76% 47257/61865 [00:12<00:04, 3646.85it/s] 77% 47628/61865 [00:12<00:03, 3665.20it/s] 78% 47995/61865 [00:13<00:03, 3609.42it/s] 78% 48357/61865 [00:13<00:03, 3561.36it/s] 79% 48714/61865 [00:13<00:03, 3510.41it/s] 79% 49066/61865 [00:13<00:03, 3496.66it/s] 80% 49416/61865 [00:13<00:03, 3487.87it/s] 80% 49765/61865 [00:13<00:03, 3466.89it/s] 81% 50112/61865 [00:13<00:03, 3417.90it/s] 82% 50455/61865 [00:13<00:03, 3401.62it/s] 82% 50796/61865 [00:13<00:03, 3397.93it/s] 83% 51136/61865 [00:13<00:03, 3337.48it/s] 83% 51478/61865 [00:14<00:03, 3360.03it/s] 84% 51815/61865 [00:14<00:03, 3305.63it/s] 84% 52158/61865 [00:14<00:02, 3341.74it/s] 85% 52493/61865 [00:14<00:02, 3287.49it/s] 85% 52832/61865 [00:14<00:02, 3314.93it/s] 86% 53164/61865 [00:14<00:02, 3046.66it/s] 87% 53534/61865 [00:14<00:02, 3215.57it/s] 87% 53877/61865 [00:14<00:02, 3275.82it/s] 88% 54209/61865 [00:14<00:02, 3262.08it/s] 88% 54564/61865 [00:14<00:02, 3341.15it/s] 89% 54916/61865 [00:15<00:02, 3392.66it/s] 89% 55258/61865 [00:15<00:01, 3383.41it/s] 90% 55598/61865 [00:15<00:01, 3173.97it/s] 90% 55940/61865 [00:15<00:01, 3241.69it/s] 91% 56301/61865 [00:15<00:01, 3342.05it/s] 92% 56639/61865 [00:15<00:01, 3333.29it/s] 92% 56975/61865 [00:15<00:01, 3167.63it/s] 93% 57295/61865 [00:15<00:01, 2987.35it/s] 93% 57599/61865 [00:16<00:01, 2610.28it/s] 94% 57872/61865 [00:16<00:01, 2426.55it/s] 94% 58126/61865 [00:16<00:01, 2291.90it/s] 94% 58365/61865 [00:16<00:01, 2228.53it/s] 95% 58613/61865 [00:16<00:01, 2297.99it/s] 95% 58973/61865 [00:16<00:01, 2576.51it/s] 96% 59367/61865 [00:16<00:00, 2874.68it/s] 97% 59758/61865 [00:16<00:00, 3122.61it/s] 97% 60092/61865 [00:16<00:00, 2999.83it/s] 98% 60436/61865 [00:17<00:00, 3117.48it/s] 98% 60836/61865 [00:17<00:00, 3337.68it/s] 99% 61235/61865 [00:17<00:00, 3507.13it/s]100% 61635/61865 [00:17<00:00, 3639.50it/s]100% 61865/61865 [00:17<00:00, 3561.96it/s]
Total scaffolds = 30,615 | train scaffolds = 24,639 | val scaffolds = 3,133 | test scaffolds = 2,843
/home/apappu/thesis/molecule-metalearning/chemprop/chemprop/data/scaffold.py:152: RuntimeWarning: Mean of empty slice
  target_avgs.append(np.nanmean(targets, axis=0))
Label averages per scaffold, in decreasing order of scaffold frequency,capped at 10 scaffolds and 20 labels: [(array([nan, nan, nan, nan, nan, nan, nan, nan, nan, nan, nan, nan, nan,
       nan, nan, nan, nan, nan, nan, nan]), array([0, 0, 0, 0, 0, 0, 0, 0, 0, 0, 0, 0, 0, 0, 0, 0, 0, 0, 0, 0])), (array([nan, nan, nan, nan, nan, nan, nan, nan, nan, nan, nan, nan, nan,
       nan, nan, 0.5, nan, nan, nan, nan]), array([0, 0, 0, 0, 0, 0, 0, 0, 0, 0, 0, 0, 0, 0, 0, 2, 0, 0, 0, 0])), (array([nan, nan, nan, nan, nan, nan, nan, nan, nan, nan, nan, nan, nan,
       nan, nan, nan, nan, nan, nan, nan]), array([0, 0, 0, 0, 0, 0, 0, 0, 0, 0, 0, 0, 0, 0, 0, 0, 0, 0, 0, 0])), (array([nan, nan, nan, nan, nan, nan, nan, nan, nan, nan, nan, nan, nan,
       nan, nan, nan, nan, nan, nan, nan]), array([0, 0, 0, 0, 0, 0, 0, 0, 0, 0, 0, 0, 0, 0, 0, 0, 0, 0, 0, 0])), (array([nan, nan, nan, nan, nan, nan, nan, nan, nan, nan, nan, nan, nan,
       nan, nan, nan, nan, nan, nan, nan]), array([0, 0, 0, 0, 0, 0, 0, 0, 0, 0, 0, 0, 0, 0, 0, 0, 0, 0, 0, 0])), (array([nan, nan, nan, nan, nan, nan, nan, nan, nan, nan, nan, nan, nan,
       nan, nan, nan, nan, nan, nan, nan]), array([0, 0, 0, 0, 0, 0, 0, 0, 0, 0, 0, 0, 0, 0, 0, 0, 0, 0, 0, 0])), (array([nan, nan, nan, nan, nan, nan, nan, nan, nan, nan, nan, nan, nan,
       nan, nan, nan, nan, nan, nan, nan]), array([0, 0, 0, 0, 0, 0, 0, 0, 0, 0, 0, 0, 0, 0, 0, 0, 0, 0, 0, 0])), (array([nan, nan, nan, nan, nan, nan, nan, nan, nan, nan, nan, nan, nan,
       nan, nan, nan, nan, nan, nan, nan]), array([0, 0, 0, 0, 0, 0, 0, 0, 0, 0, 0, 0, 0, 0, 0, 0, 0, 0, 0, 0])), (array([nan, nan, nan, nan, nan, nan, nan, nan, nan, nan, nan, nan, nan,
       nan, nan, nan, nan, nan, nan, nan]), array([0, 0, 0, 0, 0, 0, 0, 0, 0, 0, 0, 0, 0, 0, 0, 0, 0, 0, 0, 0])), (array([nan, nan, nan, nan, nan, nan, nan, nan, nan, nan, nan, nan, nan,
       nan, nan, nan, nan, nan, nan, nan]), array([0, 0, 0, 0, 0, 0, 0, 0, 0, 0, 0, 0, 0, 0, 0, 0, 0, 0, 0, 0]))]
Class sizes
CHEMBL1033994 0: 41.98%, 1: 58.02%
CHEMBL1119333 0: 9.59%, 1: 90.41%
CHEMBL1217000 0: 52.41%, 1: 47.59%
CHEMBL1243965 0: 17.11%, 1: 82.89%
CHEMBL1243966 0: 41.96%, 1: 58.04%
CHEMBL1243967 0: 10.17%, 1: 89.83%
CHEMBL1243968 0: 15.06%, 1: 84.94%
CHEMBL1243970 0: 6.91%, 1: 93.09%
CHEMBL1243972 0: 9.92%, 1: 90.08%
CHEMBL1243976 0: 28.99%, 1: 71.01%
CHEMBL1246087 0: 33.88%, 1: 66.12%
CHEMBL1246088 0: 48.37%, 1: 51.63%
CHEMBL1613762 0: 2.45%, 1: 97.55%
CHEMBL1613779 0: 58.47%, 1: 41.53%
CHEMBL1613785 0: 43.22%, 1: 56.78%
CHEMBL1613787 0: 69.08%, 1: 30.92%
CHEMBL1613807 0: 95.99%, 1: 4.01%
CHEMBL1613813 0: 44.20%, 1: 55.80%
CHEMBL1613814 0: 53.85%, 1: 46.15%
CHEMBL1613817 0: 84.86%, 1: 15.14%
CHEMBL1613853 0: 41.86%, 1: 58.14%
CHEMBL1613861 0: 14.47%, 1: 85.53%
CHEMBL1613864 0: 5.19%, 1: 94.81%
CHEMBL1613867 0: 97.13%, 1: 2.87%
CHEMBL1613870 0: 15.80%, 1: 84.20%
CHEMBL1613871 0: 6.15%, 1: 93.85%
CHEMBL1613874 0: 65.78%, 1: 34.22%
CHEMBL1613876 0: 54.35%, 1: 45.65%
CHEMBL1613884 0: 21.51%, 1: 78.49%
CHEMBL1613890 0: 34.85%, 1: 65.15%
CHEMBL1613897 0: 46.64%, 1: 53.36%
CHEMBL1613898 0: 75.45%, 1: 24.55%
CHEMBL1613904 0: 50.77%, 1: 49.23%
CHEMBL1613907 0: 5.34%, 1: 94.66%
CHEMBL1613926 0: 30.15%, 1: 69.85%
CHEMBL1613928 0: 45.90%, 1: 54.10%
CHEMBL1613929 0: 81.25%, 1: 18.75%
CHEMBL1613941 0: 32.58%, 1: 67.42%
CHEMBL1613942 0: 41.43%, 1: 58.57%
CHEMBL1613947 0: 46.01%, 1: 53.99%
CHEMBL1613949 0: 60.13%, 1: 39.87%
CHEMBL1613950 0: 43.05%, 1: 56.95%
CHEMBL1613955 0: 54.04%, 1: 45.96%
CHEMBL1613962 0: 24.26%, 1: 75.74%
CHEMBL1613967 0: 44.59%, 1: 55.41%
CHEMBL1613981 0: 58.85%, 1: 41.15%
CHEMBL1613991 0: 14.98%, 1: 85.02%
CHEMBL1613997 0: 7.73%, 1: 92.27%
CHEMBL1614001 0: 98.28%, 1: 1.72%
CHEMBL1614004 0: 14.66%, 1: 85.34%
CHEMBL1614016 0: 12.22%, 1: 87.78%
CHEMBL1614030 0: 19.96%, 1: 80.04%
CHEMBL1614034 0: 2.63%, 1: 97.37%
CHEMBL1614035 0: 77.14%, 1: 22.86%
CHEMBL1614049 0: 39.63%, 1: 60.37%
CHEMBL1614053 0: 42.48%, 1: 57.52%
CHEMBL1614063 0: 95.18%, 1: 4.82%
CHEMBL1614065 0: 9.71%, 1: 90.29%
CHEMBL1614066 0: 94.74%, 1: 5.26%
CHEMBL1614069 0: 56.82%, 1: 43.18%
CHEMBL1614072 0: 50.36%, 1: 49.64%
CHEMBL1614084 0: 13.26%, 1: 86.74%
CHEMBL1614091 0: 4.43%, 1: 95.57%
CHEMBL1614092 0: 47.50%, 1: 52.50%
CHEMBL1614097 0: 46.99%, 1: 53.01%
CHEMBL1614098 0: 97.25%, 1: 2.75%
CHEMBL1614104 0: 7.74%, 1: 92.26%
CHEMBL1614105 0: 6.12%, 1: 93.88%
CHEMBL1614109 0: 59.87%, 1: 40.13%
CHEMBL1614128 0: 10.35%, 1: 89.65%
CHEMBL1614131 0: 97.14%, 1: 2.86%
CHEMBL1614132 0: 42.07%, 1: 57.93%
CHEMBL1614138 0: 67.83%, 1: 32.17%
CHEMBL1614155 0: 25.40%, 1: 74.60%
CHEMBL1614158 0: 74.52%, 1: 25.48%
CHEMBL1614167 0: 16.17%, 1: 83.83%
CHEMBL1614170 0: 68.86%, 1: 31.14%
CHEMBL1614171 0: 93.77%, 1: 6.23%
CHEMBL1614175 0: 80.66%, 1: 19.34%
CHEMBL1614185 0: 26.17%, 1: 73.83%
CHEMBL1614197 0: 5.26%, 1: 94.74%
CHEMBL1614199 0: 49.66%, 1: 50.34%
CHEMBL1614202 0: 7.32%, 1: 92.68%
CHEMBL1614215 0: 52.76%, 1: 47.24%
CHEMBL1614216 0: 48.52%, 1: 51.48%
CHEMBL1614218 0: 22.36%, 1: 77.64%
CHEMBL1614225 0: 62.50%, 1: 37.50%
CHEMBL1614244 0: 38.85%, 1: 61.15%
CHEMBL1614247 0: 44.34%, 1: 55.66%
CHEMBL1614252 0: 60.11%, 1: 39.89%
CHEMBL1614255 0: 61.26%, 1: 38.74%
CHEMBL1614259 0: 32.82%, 1: 67.18%
CHEMBL1614272 0: 67.71%, 1: 32.29%
CHEMBL1614276 0: 51.74%, 1: 48.26%
CHEMBL1614287 0: 85.53%, 1: 14.47%
CHEMBL1614288 0: 72.51%, 1: 27.49%
CHEMBL1614290 0: 4.51%, 1: 95.49%
CHEMBL1614295 0: 2.29%, 1: 97.71%
CHEMBL1614301 0: 19.74%, 1: 80.26%
CHEMBL1614304 0: 63.76%, 1: 36.24%
CHEMBL1614309 0: 27.66%, 1: 72.34%
CHEMBL1614311 0: 53.76%, 1: 46.24%
CHEMBL1614314 0: 94.70%, 1: 5.30%
CHEMBL1614319 0: 72.16%, 1: 27.84%
CHEMBL1614320 0: 29.79%, 1: 70.21%
CHEMBL1614321 0: 60.16%, 1: 39.84%
CHEMBL1614328 0: 46.64%, 1: 53.36%
CHEMBL1614329 0: 40.69%, 1: 59.31%
CHEMBL1614336 0: 47.01%, 1: 52.99%
CHEMBL1614344 0: 67.72%, 1: 32.28%
CHEMBL1614356 0: 43.90%, 1: 56.10%
CHEMBL1614359 0: 50.26%, 1: 49.74%
CHEMBL1614363 0: 53.19%, 1: 46.81%
CHEMBL1614385 0: 93.27%, 1: 6.73%
CHEMBL1614388 0: 56.19%, 1: 43.81%
CHEMBL1614393 0: 45.00%, 1: 55.00%
CHEMBL1614395 0: 11.32%, 1: 88.68%
CHEMBL1614403 0: 88.15%, 1: 11.85%
CHEMBL1614423 0: 57.84%, 1: 42.16%
CHEMBL1614425 0: 38.24%, 1: 61.76%
CHEMBL1614433 0: 60.77%, 1: 39.23%
CHEMBL1614434 0: 80.25%, 1: 19.75%
CHEMBL1614456 0: 3.36%, 1: 96.64%
CHEMBL1614466 0: 10.32%, 1: 89.68%
CHEMBL1614469 0: 24.90%, 1: 75.10%
CHEMBL1614477 0: 43.75%, 1: 56.25%
CHEMBL1614478 0: 12.50%, 1: 87.50%
CHEMBL1614480 0: 85.71%, 1: 14.29%
CHEMBL1614484 0: 9.01%, 1: 90.99%
CHEMBL1614492 0: 40.54%, 1: 59.46%
CHEMBL1614499 0: 44.47%, 1: 55.53%
CHEMBL1614503 0: 40.30%, 1: 59.70%
CHEMBL1614504 0: 17.80%, 1: 82.20%
CHEMBL1614509 0: 79.43%, 1: 20.57%
CHEMBL1614512 0: 62.79%, 1: 37.21%
CHEMBL1614514 0: 83.07%, 1: 16.93%
CHEMBL1614515 0: 19.61%, 1: 80.39%
CHEMBL1614516 0: 96.81%, 1: 3.19%
CHEMBL1614522 0: 28.55%, 1: 71.45%
CHEMBL1614524 0: 12.98%, 1: 87.02%
CHEMBL1614528 0: 40.91%, 1: 59.09%
CHEMBL1614547 0: 72.51%, 1: 27.49%
CHEMBL1614548 0: 17.95%, 1: 82.05%
CHEMBL1614549 0: 84.25%, 1: 15.75%
CHEMBL1614550 0: 9.30%, 1: 90.70%
CHEMBL1614554 0: 71.64%, 1: 28.36%
CHEMBL1676103 0: 39.85%, 1: 60.15%
CHEMBL1737860 0: 3.60%, 1: 96.40%
CHEMBL1737863 0: 36.27%, 1: 63.73%
CHEMBL1737865 0: 61.01%, 1: 38.99%
CHEMBL1737868 0: 79.41%, 1: 20.59%
CHEMBL1737910 0: 45.71%, 1: 54.29%
CHEMBL1737912 0: 26.51%, 1: 73.49%
CHEMBL1737942 0: 44.52%, 1: 55.48%
CHEMBL1737951 0: 51.83%, 1: 48.17%
CHEMBL1737961 0: 93.34%, 1: 6.66%
CHEMBL1737966 0: 21.36%, 1: 78.64%
CHEMBL1737967 0: 89.17%, 1: 10.83%
CHEMBL1737977 0: 13.87%, 1: 86.13%
CHEMBL1737978 0: 18.18%, 1: 81.82%
CHEMBL1737979 0: 8.94%, 1: 91.06%
CHEMBL1738019 0: 24.85%, 1: 75.15%
CHEMBL1738021 0: 10.87%, 1: 89.13%
CHEMBL1738025 0: 33.80%, 1: 66.20%
CHEMBL1738040 0: 73.48%, 1: 26.52%
CHEMBL1738043 0: 46.43%, 1: 53.57%
CHEMBL1738079 0: 3.88%, 1: 96.12%
CHEMBL1738080 0: 76.43%, 1: 23.57%
CHEMBL1738091 0: 89.77%, 1: 10.23%
CHEMBL1738097 0: 72.41%, 1: 27.59%
CHEMBL1738131 0: 68.59%, 1: 31.41%
CHEMBL1738164 0: 79.79%, 1: 20.21%
CHEMBL1738171 0: 85.45%, 1: 14.55%
CHEMBL1738183 0: 59.62%, 1: 40.38%
CHEMBL1738197 0: 36.90%, 1: 63.10%
CHEMBL1738202 0: 3.47%, 1: 96.53%
CHEMBL1738242 0: 16.55%, 1: 83.45%
CHEMBL1738249 0: 86.53%, 1: 13.47%
CHEMBL1738253 0: 7.33%, 1: 92.67%
CHEMBL1738319 0: 59.17%, 1: 40.83%
CHEMBL1738325 0: 96.86%, 1: 3.14%
CHEMBL1738362 0: 21.43%, 1: 78.57%
CHEMBL1738369 0: 56.34%, 1: 43.66%
CHEMBL1738371 0: 81.97%, 1: 18.03%
CHEMBL1738391 0: 68.38%, 1: 31.62%
CHEMBL1738400 0: 77.86%, 1: 22.14%
CHEMBL1738402 0: 54.19%, 1: 45.81%
CHEMBL1738407 0: 85.58%, 1: 14.42%
CHEMBL1738408 0: 2.18%, 1: 97.82%
CHEMBL1738414 0: 5.11%, 1: 94.89%
CHEMBL1738418 0: 68.85%, 1: 31.15%
CHEMBL1738422 0: 4.29%, 1: 95.71%
CHEMBL1738424 0: 77.50%, 1: 22.50%
CHEMBL1738430 0: 25.54%, 1: 74.46%
CHEMBL1738438 0: 2.76%, 1: 97.24%
CHEMBL1738482 0: 7.69%, 1: 92.31%
CHEMBL1738485 0: 17.65%, 1: 82.35%
CHEMBL1738494 0: 97.26%, 1: 2.74%
CHEMBL1738495 0: 1.70%, 1: 98.30%
CHEMBL1738497 0: 64.50%, 1: 35.50%
CHEMBL1738502 0: 15.20%, 1: 84.80%
CHEMBL1738510 0: 54.41%, 1: 45.59%
CHEMBL1738512 0: 3.05%, 1: 96.95%
CHEMBL1738513 0: 28.64%, 1: 71.36%
CHEMBL1738552 0: 64.70%, 1: 35.30%
CHEMBL1738575 0: 65.65%, 1: 34.35%
CHEMBL1738578 0: 23.30%, 1: 76.70%
CHEMBL1738579 0: 22.79%, 1: 77.21%
CHEMBL1738593 0: 17.65%, 1: 82.35%
CHEMBL1738599 0: 16.07%, 1: 83.93%
CHEMBL1738602 0: 42.70%, 1: 57.30%
CHEMBL1738610 0: 42.07%, 1: 57.93%
CHEMBL1738611 0: 2.23%, 1: 97.77%
CHEMBL1738632 0: 86.32%, 1: 13.68%
CHEMBL1738633 0: 4.05%, 1: 95.95%
CHEMBL1738639 0: 64.47%, 1: 35.53%
CHEMBL1738642 0: 34.82%, 1: 65.18%
CHEMBL1738670 0: 9.18%, 1: 90.82%
CHEMBL1738673 0: 12.98%, 1: 87.02%
CHEMBL1738679 0: 63.95%, 1: 36.05%
CHEMBL1738682 0: 62.45%, 1: 37.55%
CHEMBL1794296 0: 44.02%, 1: 55.98%
CHEMBL1794303 0: 2.71%, 1: 97.29%
CHEMBL1794320 0: 96.68%, 1: 3.32%
CHEMBL1794327 0: 91.59%, 1: 8.41%
CHEMBL1794336 0: 53.07%, 1: 46.93%
CHEMBL1794350 0: 3.44%, 1: 96.56%
CHEMBL1794355 0: 5.26%, 1: 94.74%
CHEMBL1794356 0: 13.92%, 1: 86.08%
CHEMBL1794358 0: 94.14%, 1: 5.86%
CHEMBL1794365 0: 7.12%, 1: 92.88%
CHEMBL1794383 0: 6.90%, 1: 93.10%
CHEMBL1794387 0: 65.04%, 1: 34.96%
CHEMBL1794393 0: 67.55%, 1: 32.45%
CHEMBL1794396 0: 3.96%, 1: 96.04%
CHEMBL1794410 0: 23.98%, 1: 76.02%
CHEMBL1794413 0: 6.02%, 1: 93.98%
CHEMBL1794438 0: 40.17%, 1: 59.83%
CHEMBL1794445 0: 87.84%, 1: 12.16%
CHEMBL1794452 0: 94.30%, 1: 5.70%
CHEMBL1794457 0: 92.98%, 1: 7.02%
CHEMBL1794460 0: 28.63%, 1: 71.37%
CHEMBL1794467 0: 18.39%, 1: 81.61%
CHEMBL1794475 0: 56.02%, 1: 43.98%
CHEMBL1794484 0: 44.93%, 1: 55.07%
CHEMBL1794494 0: 5.33%, 1: 94.67%
CHEMBL1794497 0: 8.47%, 1: 91.53%
CHEMBL1794499 0: 73.90%, 1: 26.10%
CHEMBL1794508 0: 94.63%, 1: 5.37%
CHEMBL1794516 0: 3.21%, 1: 96.79%
CHEMBL1794522 0: 58.65%, 1: 41.35%
CHEMBL1794528 0: 79.86%, 1: 20.14%
CHEMBL1794531 0: 92.03%, 1: 7.97%
CHEMBL1794548 0: 88.74%, 1: 11.26%
CHEMBL1794566 0: 6.05%, 1: 93.95%
CHEMBL1794567 0: 9.61%, 1: 90.39%
CHEMBL1794570 0: 92.79%, 1: 7.21%
CHEMBL1794571 0: 53.55%, 1: 46.45%
CHEMBL1794573 0: 10.54%, 1: 89.46%
CHEMBL1794574 0: 1.09%, 1: 98.91%
CHEMBL1794578 0: 46.99%, 1: 53.01%
CHEMBL1794581 0: 19.65%, 1: 80.35%
CHEMBL1863510 0: 2.14%, 1: 97.86%
CHEMBL1863512 0: 2.79%, 1: 97.21%
CHEMBL1909084 0: 99.28%, 1: 0.72%
CHEMBL1909085 0: 92.10%, 1: 7.90%
CHEMBL1909086 0: 91.52%, 1: 8.48%
CHEMBL1909087 0: 91.86%, 1: 8.14%
CHEMBL1909088 0: 87.97%, 1: 12.03%
CHEMBL1909089 0: 88.69%, 1: 11.31%
CHEMBL1909090 0: 90.81%, 1: 9.19%
CHEMBL1909091 0: 97.24%, 1: 2.76%
CHEMBL1909092 0: 97.14%, 1: 2.86%
CHEMBL1909093 0: 98.42%, 1: 1.58%
CHEMBL1909094 0: 90.85%, 1: 9.15%
CHEMBL1909095 0: 98.56%, 1: 1.44%
CHEMBL1909097 0: 99.28%, 1: 0.72%
CHEMBL1909102 0: 92.94%, 1: 7.06%
CHEMBL1909103 0: 97.23%, 1: 2.77%
CHEMBL1909104 0: 87.06%, 1: 12.94%
CHEMBL1909105 0: 88.70%, 1: 11.30%
CHEMBL1909106 0: 98.57%, 1: 1.43%
CHEMBL1909107 0: 97.86%, 1: 2.14%
CHEMBL1909108 0: 93.04%, 1: 6.96%
CHEMBL1909109 0: 90.35%, 1: 9.65%
CHEMBL1909110 0: 92.47%, 1: 7.53%
CHEMBL1909111 0: 94.03%, 1: 5.97%
CHEMBL1909112 0: 90.91%, 1: 9.09%
CHEMBL1909114 0: 96.50%, 1: 3.50%
CHEMBL1909115 0: 96.00%, 1: 4.00%
CHEMBL1909116 0: 96.98%, 1: 3.02%
CHEMBL1909121 0: 92.80%, 1: 7.20%
CHEMBL1909123 0: 99.16%, 1: 0.84%
CHEMBL1909124 0: 99.40%, 1: 0.60%
CHEMBL1909130 0: 95.56%, 1: 4.44%
CHEMBL1909131 0: 97.01%, 1: 2.99%
CHEMBL1909132 0: 96.15%, 1: 3.85%
CHEMBL1909134 0: 95.19%, 1: 4.81%
CHEMBL1909135 0: 95.76%, 1: 4.24%
CHEMBL1909136 0: 93.20%, 1: 6.80%
CHEMBL1909138 0: 96.16%, 1: 3.84%
CHEMBL1909139 0: 93.84%, 1: 6.16%
CHEMBL1909140 0: 93.87%, 1: 6.13%
CHEMBL1909141 0: 89.73%, 1: 10.27%
CHEMBL1909142 0: 99.04%, 1: 0.96%
CHEMBL1909143 0: 93.01%, 1: 6.99%
CHEMBL1909145 0: 97.97%, 1: 2.03%
CHEMBL1909148 0: 98.57%, 1: 1.43%
CHEMBL1909150 0: 95.10%, 1: 4.90%
CHEMBL1909156 0: 94.28%, 1: 5.72%
CHEMBL1909157 0: 96.38%, 1: 3.62%
CHEMBL1909158 0: 99.05%, 1: 0.95%
CHEMBL1909159 0: 93.18%, 1: 6.82%
CHEMBL1909165 0: 97.79%, 1: 2.21%
CHEMBL1909169 0: 98.32%, 1: 1.68%
CHEMBL1909170 0: 92.35%, 1: 7.65%
CHEMBL1909171 0: 93.29%, 1: 6.71%
CHEMBL1909172 0: 92.82%, 1: 7.18%
CHEMBL1909173 0: 92.38%, 1: 7.62%
CHEMBL1909174 0: 92.71%, 1: 7.29%
CHEMBL1909180 0: 98.20%, 1: 1.80%
CHEMBL1909181 0: 97.71%, 1: 2.29%
CHEMBL1909182 0: 96.99%, 1: 3.01%
CHEMBL1909184 0: 98.93%, 1: 1.07%
CHEMBL1909186 0: 99.52%, 1: 0.48%
CHEMBL1909190 0: 98.66%, 1: 1.34%
CHEMBL1909191 0: 94.99%, 1: 5.01%
CHEMBL1909192 0: 99.52%, 1: 0.48%
CHEMBL1909200 0: 97.97%, 1: 2.03%
CHEMBL1909201 0: 97.72%, 1: 2.28%
CHEMBL1909203 0: 98.05%, 1: 1.95%
CHEMBL1909204 0: 97.17%, 1: 2.83%
CHEMBL1909205 0: 98.67%, 1: 1.33%
CHEMBL1909206 0: 99.16%, 1: 0.84%
CHEMBL1909209 0: 92.34%, 1: 7.66%
CHEMBL1909210 0: 96.05%, 1: 3.95%
CHEMBL1909211 0: 88.80%, 1: 11.20%
CHEMBL1909212 0: 98.30%, 1: 1.70%
CHEMBL1909213 0: 99.28%, 1: 0.72%
CHEMBL1909214 0: 98.79%, 1: 1.21%
CHEMBL1909215 0: 95.61%, 1: 4.39%
CHEMBL1963686 0: 61.95%, 1: 38.05%
CHEMBL1963687 0: 64.42%, 1: 35.58%
CHEMBL1963688 0: 62.52%, 1: 37.48%
CHEMBL1963689 0: 89.69%, 1: 10.31%
CHEMBL1963690 0: 57.36%, 1: 42.64%
CHEMBL1963691 0: 49.33%, 1: 50.67%
CHEMBL1963692 0: 53.73%, 1: 46.27%
CHEMBL1963693 0: 71.00%, 1: 29.00%
CHEMBL1963694 0: 91.05%, 1: 8.95%
CHEMBL1963695 0: 74.90%, 1: 25.10%
CHEMBL1963696 0: 77.85%, 1: 22.15%
CHEMBL1963697 0: 74.06%, 1: 25.94%
CHEMBL1963698 0: 74.60%, 1: 25.40%
CHEMBL1963699 0: 83.18%, 1: 16.82%
CHEMBL1963701 0: 67.32%, 1: 32.68%
CHEMBL1963702 0: 83.82%, 1: 16.18%
CHEMBL1963703 0: 68.65%, 1: 31.35%
CHEMBL1963704 0: 65.28%, 1: 34.72%
CHEMBL1963705 0: 55.92%, 1: 44.08%
CHEMBL1963706 0: 53.38%, 1: 46.62%
CHEMBL1963707 0: 53.25%, 1: 46.75%
CHEMBL1963708 0: 48.77%, 1: 51.23%
CHEMBL1963710 0: 63.21%, 1: 36.79%
CHEMBL1963711 0: 94.72%, 1: 5.28%
CHEMBL1963712 0: 75.76%, 1: 24.24%
CHEMBL1963714 0: 74.21%, 1: 25.79%
CHEMBL1963715 0: 50.28%, 1: 49.72%
CHEMBL1963716 0: 91.91%, 1: 8.09%
CHEMBL1963717 0: 55.50%, 1: 44.50%
CHEMBL1963718 0: 65.45%, 1: 34.55%
CHEMBL1963719 0: 63.39%, 1: 36.61%
CHEMBL1963720 0: 69.73%, 1: 30.27%
CHEMBL1963721 0: 56.94%, 1: 43.06%
CHEMBL1963722 0: 49.40%, 1: 50.60%
CHEMBL1963723 0: 53.82%, 1: 46.18%
CHEMBL1963724 0: 67.32%, 1: 32.68%
CHEMBL1963725 0: 69.97%, 1: 30.03%
CHEMBL1963727 0: 56.59%, 1: 43.41%
CHEMBL1963728 0: 92.02%, 1: 7.98%
CHEMBL1963729 0: 84.64%, 1: 15.36%
CHEMBL1963731 0: 61.35%, 1: 38.65%
CHEMBL1963733 0: 79.77%, 1: 20.23%
CHEMBL1963734 0: 79.51%, 1: 20.49%
CHEMBL1963735 0: 71.66%, 1: 28.34%
CHEMBL1963736 0: 78.32%, 1: 21.68%
CHEMBL1963737 0: 86.79%, 1: 13.21%
CHEMBL1963738 0: 61.18%, 1: 38.82%
CHEMBL1963739 0: 84.32%, 1: 15.68%
CHEMBL1963740 0: 64.30%, 1: 35.70%
CHEMBL1963741 0: 67.03%, 1: 32.97%
CHEMBL1963742 0: 73.47%, 1: 26.53%
CHEMBL1963743 0: 66.24%, 1: 33.76%
CHEMBL1963744 0: 71.97%, 1: 28.03%
CHEMBL1963745 0: 67.16%, 1: 32.84%
CHEMBL1963746 0: 66.34%, 1: 33.66%
CHEMBL1963747 0: 81.33%, 1: 18.67%
CHEMBL1963748 0: 58.75%, 1: 41.25%
CHEMBL1963749 0: 55.02%, 1: 44.98%
CHEMBL1963750 0: 58.61%, 1: 41.39%
CHEMBL1963751 0: 70.90%, 1: 29.10%
CHEMBL1963752 0: 64.78%, 1: 35.22%
CHEMBL1963753 0: 88.02%, 1: 11.98%
CHEMBL1963754 0: 59.12%, 1: 40.88%
CHEMBL1963756 0: 61.66%, 1: 38.34%
CHEMBL1963757 0: 73.28%, 1: 26.72%
CHEMBL1963758 0: 82.56%, 1: 17.44%
CHEMBL1963759 0: 81.38%, 1: 18.62%
CHEMBL1963760 0: 86.36%, 1: 13.64%
CHEMBL1963761 0: 83.63%, 1: 16.37%
CHEMBL1963763 0: 72.14%, 1: 27.86%
CHEMBL1963764 0: 62.50%, 1: 37.50%
CHEMBL1963765 0: 86.41%, 1: 13.59%
CHEMBL1963766 0: 81.38%, 1: 18.62%
CHEMBL1963767 0: 77.76%, 1: 22.24%
CHEMBL1963768 0: 77.63%, 1: 22.37%
CHEMBL1963770 0: 89.44%, 1: 10.56%
CHEMBL1963771 0: 53.53%, 1: 46.47%
CHEMBL1963772 0: 48.99%, 1: 51.01%
CHEMBL1963773 0: 59.00%, 1: 41.00%
CHEMBL1963775 0: 76.92%, 1: 23.08%
CHEMBL1963776 0: 87.71%, 1: 12.29%
CHEMBL1963777 0: 63.92%, 1: 36.08%
CHEMBL1963778 0: 51.70%, 1: 48.30%
CHEMBL1963779 0: 54.69%, 1: 45.31%
CHEMBL1963780 0: 89.06%, 1: 10.94%
CHEMBL1963781 0: 94.31%, 1: 5.69%
CHEMBL1963782 0: 75.86%, 1: 24.14%
CHEMBL1963783 0: 57.36%, 1: 42.64%
CHEMBL1963785 0: 70.10%, 1: 29.90%
CHEMBL1963786 0: 50.08%, 1: 49.92%
CHEMBL1963787 0: 66.39%, 1: 33.61%
CHEMBL1963789 0: 67.34%, 1: 32.66%
CHEMBL1963790 0: 57.93%, 1: 42.07%
CHEMBL1963791 0: 82.08%, 1: 17.92%
CHEMBL1963792 0: 85.73%, 1: 14.27%
CHEMBL1963793 0: 65.48%, 1: 34.52%
CHEMBL1963794 0: 77.53%, 1: 22.47%
CHEMBL1963795 0: 46.98%, 1: 53.02%
CHEMBL1963796 0: 69.76%, 1: 30.24%
CHEMBL1963797 0: 83.64%, 1: 16.36%
CHEMBL1963798 0: 89.45%, 1: 10.55%
CHEMBL1963799 0: 43.54%, 1: 56.46%
CHEMBL1963800 0: 64.88%, 1: 35.12%
CHEMBL1963801 0: 75.90%, 1: 24.10%
CHEMBL1963802 0: 61.41%, 1: 38.59%
CHEMBL1963803 0: 87.44%, 1: 12.56%
CHEMBL1963804 0: 65.90%, 1: 34.10%
CHEMBL1963805 0: 53.77%, 1: 46.23%
CHEMBL1963806 0: 41.19%, 1: 58.81%
CHEMBL1963807 0: 36.83%, 1: 63.17%
CHEMBL1963808 0: 68.82%, 1: 31.18%
CHEMBL1963809 0: 79.97%, 1: 20.03%
CHEMBL1963810 0: 43.69%, 1: 56.31%
CHEMBL1963811 0: 73.98%, 1: 26.02%
CHEMBL1963812 0: 53.08%, 1: 46.92%
CHEMBL1963813 0: 79.19%, 1: 20.81%
CHEMBL1963814 0: 51.10%, 1: 48.90%
CHEMBL1963815 0: 71.80%, 1: 28.20%
CHEMBL1963816 0: 89.64%, 1: 10.36%
CHEMBL1963817 0: 71.90%, 1: 28.10%
CHEMBL1963818 0: 55.13%, 1: 44.87%
CHEMBL1963819 0: 62.64%, 1: 37.36%
CHEMBL1963820 0: 84.46%, 1: 15.54%
CHEMBL1963821 0: 79.31%, 1: 20.69%
CHEMBL1963822 0: 90.91%, 1: 9.09%
CHEMBL1963823 0: 76.61%, 1: 23.39%
CHEMBL1963824 0: 39.57%, 1: 60.43%
CHEMBL1963825 0: 51.12%, 1: 48.88%
CHEMBL1963826 0: 59.25%, 1: 40.75%
CHEMBL1963827 0: 50.74%, 1: 49.26%
CHEMBL1963828 0: 80.86%, 1: 19.14%
CHEMBL1963829 0: 86.41%, 1: 13.59%
CHEMBL1963831 0: 52.56%, 1: 47.44%
CHEMBL1963832 0: 72.98%, 1: 27.02%
CHEMBL1963833 0: 87.13%, 1: 12.87%
CHEMBL1963834 0: 59.69%, 1: 40.31%
CHEMBL1963836 0: 85.18%, 1: 14.82%
