wandb: Tracking run with wandb version 0.9.3
wandb: Run data is saved locally in wandb/run-20200721_025650-2ex8xdlr
wandb: Syncing run chemprop_0.4_dropout_5_mp_steps
wandb: ⭐️ View project at https://app.wandb.ai/apappu97/molecule-metalearning-chemprop
wandb: 🚀 View run at https://app.wandb.ai/apappu97/molecule-metalearning-chemprop/runs/2ex8xdlr
wandb: Run `wandb off` to turn off syncing.

Fold 0
Command line
python chemprop/train.py --data_path filtered_chembl/chembl_less_1024_more_128_645_tasks.csv --dataset_type classification --split_type scaffold_balanced --dropout 0.4 --depth 5 --num_folds 2 --epochs 30 --results_save_dir results/initial_hyperparameter_tuning/ --experiment_name chemprop_0.4_dropout_5_mp_steps
Args
{'ANIL': False,
 'FO_MAML': False,
 'activation': 'ReLU',
 'atom_messages': False,
 'batch_size': 50,
 'bias': False,
 'cache_cutoff': 10000,
 'checkpoint_dir': None,
 'checkpoint_path': None,
 'checkpoint_paths': None,
 'chembl_assay_metadata_pickle_path': None,
 'class_balance': False,
 'config_path': None,
 'crossval_index_dir': None,
 'crossval_index_file': None,
 'crossval_index_sets': None,
 'data_path': 'filtered_chembl/chembl_less_1024_more_128_645_tasks.csv',
 'dataset_type': 'classification',
 'depth': 5,
 'dropout': 0.4,
 'dummy': False,
 'ensemble_size': 1,
 'epochs': 30,
 'experiment_name': 'chemprop_0.4_dropout_5_mp_steps',
 'features_generator': None,
 'features_only': False,
 'features_path': None,
 'features_size': None,
 'ffn_hidden_size': 300,
 'ffn_num_layers': 2,
 'final_lr': 0.0001,
 'folds_file': None,
 'gpu': None,
 'hidden_size': 300,
 'init_lr': 0.0001,
 'inner_loop_lr': 0.05,
 'log_frequency': 10,
 'max_data_size': None,
 'max_lr': 0.001,
 'meta_batch_size': 3,
 'meta_learning': False,
 'meta_test_split_sizes': (0.8, 0.1, 0.1),
 'meta_train_split_sizes': (0.8, 0.2, 0),
 'metric': 'auc',
 'minimize_score': False,
 'multiclass_num_classes': 3,
 'no_cuda': False,
 'no_features_scaling': False,
 'num_folds': 2,
 'num_inner_gradient_steps': 2,
 'num_lrs': 1,
 'num_tasks': None,
 'num_workers': 8,
 'outer_loop_lr': 0.003,
 'pytorch_seed': 0,
 'quiet': False,
 'results_save_dir': 'results/initial_hyperparameter_tuning/',
 'save_dir': '/tmp/2273220.32.gpu.q/tmp0zg_xdea/fold_0',
 'save_smiles_splits': False,
 'seed': 0,
 'separate_test_features_path': None,
 'separate_test_path': None,
 'separate_val_features_path': None,
 'separate_val_path': None,
 'show_individual_scores': False,
 'smiles_column': None,
 'split_sizes': (0.8, 0.1, 0.1),
 'split_type': 'scaffold_balanced',
 'target_columns': None,
 'task_names': None,
 'test': False,
 'test_fold_index': None,
 'train_data_size': None,
 'undirected': False,
 'use_input_features': False,
 'val_fold_index': None,
 'warmup_epochs': 2.0}
Loading data
0it [00:00, ?it/s]618it [00:00, 6178.78it/s]1238it [00:00, 6184.25it/s]1864it [00:00, 6204.57it/s]2488it [00:00, 6212.94it/s]3102it [00:00, 6189.55it/s]3731it [00:00, 6218.20it/s]4281it [00:00, 5007.96it/s]4903it [00:00, 5318.32it/s]5536it [00:00, 5584.80it/s]6165it [00:01, 5777.42it/s]6798it [00:01, 5931.64it/s]7433it [00:01, 6049.49it/s]8064it [00:01, 6124.32it/s]8679it [00:01, 5346.17it/s]9345it [00:01, 5681.51it/s]9933it [00:01, 5720.90it/s]10576it [00:01, 5915.19it/s]11226it [00:01, 6078.89it/s]11877it [00:02, 6199.60it/s]12518it [00:02, 5439.28it/s]13192it [00:02, 5771.35it/s]13841it [00:02, 5968.85it/s]14486it [00:02, 6104.46it/s]15132it [00:02, 6205.62it/s]15773it [00:02, 6264.01it/s]16418it [00:02, 6317.08it/s]17055it [00:03, 2461.78it/s]17545it [00:03, 2893.30it/s]18113it [00:03, 3392.29it/s]18674it [00:03, 3847.98it/s]19197it [00:03, 4172.87it/s]19723it [00:03, 4447.32it/s]20246it [00:03, 4649.95it/s]20816it [00:04, 4919.17it/s]21353it [00:04, 4327.73it/s]21830it [00:04, 4155.54it/s]22278it [00:04, 4106.49it/s]22841it [00:04, 4469.08it/s]23474it [00:04, 4901.24it/s]24016it [00:04, 4990.83it/s]24633it [00:04, 5294.22it/s]25183it [00:04, 5339.50it/s]25732it [00:05, 4757.42it/s]26277it [00:05, 4945.83it/s]26828it [00:05, 5100.78it/s]27409it [00:05, 5293.26it/s]27970it [00:05, 5382.63it/s]28517it [00:05, 5358.90it/s]29093it [00:05, 5472.58it/s]29645it [00:05, 4574.91it/s]30136it [00:06, 4669.86it/s]30632it [00:06, 4752.60it/s]31189it [00:06, 4971.10it/s]31699it [00:06, 4978.27it/s]32206it [00:06, 4710.14it/s]32725it [00:06, 4797.34it/s]33255it [00:06, 4935.99it/s]33770it [00:06, 4277.09it/s]34397it [00:06, 4726.57it/s]34962it [00:06, 4968.63it/s]35512it [00:07, 5058.69it/s]36098it [00:07, 5274.94it/s]36693it [00:07, 5459.13it/s]37286it [00:07, 5591.53it/s]37905it [00:07, 5756.42it/s]38489it [00:07, 4800.14it/s]39109it [00:07, 5147.28it/s]39689it [00:07, 5325.15it/s]40244it [00:07, 5377.21it/s]40833it [00:08, 5519.52it/s]41410it [00:08, 5590.15it/s]41978it [00:08, 5575.34it/s]42542it [00:08, 4924.33it/s]43148it [00:08, 5216.70it/s]43773it [00:08, 5487.17it/s]44340it [00:08, 5539.37it/s]44909it [00:08, 5583.65it/s]45476it [00:08, 5563.48it/s]46038it [00:09, 5440.32it/s]46587it [00:09, 4623.18it/s]47127it [00:09, 4829.15it/s]47680it [00:09, 5018.30it/s]48282it [00:09, 5280.46it/s]48854it [00:09, 5403.29it/s]49444it [00:09, 5541.27it/s]50007it [00:09, 5199.12it/s]50538it [00:09, 4190.14it/s]51112it [00:10, 4559.02it/s]51625it [00:10, 4713.76it/s]52158it [00:10, 4881.23it/s]52749it [00:10, 5149.00it/s]53308it [00:10, 5270.90it/s]53849it [00:10, 5219.00it/s]54381it [00:10, 5198.76it/s]54908it [00:10, 4501.93it/s]55423it [00:10, 4676.95it/s]55950it [00:11, 4840.15it/s]56557it [00:11, 5152.38it/s]57087it [00:11, 5140.46it/s]57612it [00:11, 5145.03it/s]58187it [00:11, 5300.36it/s]58772it [00:11, 5452.62it/s]59323it [00:11, 4823.38it/s]59932it [00:11, 5138.12it/s]60583it [00:11, 5483.21it/s]61166it [00:12, 5581.53it/s]61761it [00:12, 5685.96it/s]61865it [00:12, 5096.57it/s]
  0% 0/61865 [00:00<?, ?it/s]  3% 1581/61865 [00:01<01:11, 848.06it/s] 78% 48194/61865 [00:03<00:11, 1194.20it/s]100% 61865/61865 [00:03<00:00, 16505.94it/s]
  0% 0/61865 [00:00<?, ?it/s]  1% 549/61865 [00:00<00:11, 5486.15it/s]  2% 1136/61865 [00:00<00:10, 5593.34it/s]  3% 1608/61865 [00:00<00:11, 5295.48it/s]  3% 2092/61865 [00:00<00:11, 5147.33it/s]  4% 2549/61865 [00:00<00:11, 4959.24it/s]  5% 3066/61865 [00:00<00:11, 5019.23it/s]  6% 3646/61865 [00:00<00:11, 5228.28it/s]  7% 4143/61865 [00:00<00:11, 5147.21it/s]  8% 4722/61865 [00:00<00:10, 5322.75it/s]  8% 5242/61865 [00:01<00:10, 5283.65it/s]  9% 5758/61865 [00:01<00:10, 5136.97it/s] 10% 6268/61865 [00:01<00:10, 5123.26it/s] 11% 6775/61865 [00:01<00:10, 5085.97it/s] 12% 7307/61865 [00:01<00:10, 5152.89it/s] 13% 7820/61865 [00:01<00:10, 5012.13it/s] 13% 8336/61865 [00:01<00:10, 5052.62it/s] 14% 8854/61865 [00:01<00:10, 5089.66it/s] 15% 9380/61865 [00:01<00:10, 5137.25it/s] 16% 9894/61865 [00:01<00:10, 5111.66it/s] 17% 10410/61865 [00:02<00:10, 5124.78it/s] 18% 10923/61865 [00:02<00:09, 5123.41it/s] 18% 11441/61865 [00:02<00:09, 5136.83it/s] 19% 11966/61865 [00:02<00:09, 5170.10it/s] 20% 12484/61865 [00:02<00:09, 5156.70it/s] 21% 13008/61865 [00:02<00:09, 5180.09it/s] 22% 13539/61865 [00:02<00:09, 5215.73it/s] 23% 14061/61865 [00:02<00:09, 5208.85it/s] 24% 14582/61865 [00:02<00:09, 5127.35it/s] 24% 15096/61865 [00:02<00:09, 4930.82it/s] 25% 15598/61865 [00:03<00:09, 4910.86it/s] 26% 16101/61865 [00:03<00:09, 4942.75it/s] 27% 16597/61865 [00:03<00:09, 4678.70it/s] 28% 17069/61865 [00:03<00:09, 4624.65it/s] 28% 17557/61865 [00:03<00:09, 4697.01it/s] 29% 18029/61865 [00:03<00:09, 4668.17it/s] 30% 18498/61865 [00:03<00:09, 4639.31it/s] 31% 18964/61865 [00:03<00:09, 4301.46it/s] 31% 19431/61865 [00:03<00:09, 4404.20it/s] 32% 19916/61865 [00:04<00:09, 4527.81it/s] 33% 20373/61865 [00:04<00:09, 4163.47it/s] 34% 20803/61865 [00:04<00:09, 4202.25it/s] 34% 21237/61865 [00:04<00:09, 4240.44it/s] 35% 21671/61865 [00:04<00:09, 4269.45it/s] 36% 22139/61865 [00:04<00:09, 4382.71it/s] 37% 22581/61865 [00:04<00:09, 4066.94it/s] 37% 22995/61865 [00:04<00:09, 4037.95it/s] 38% 23404/61865 [00:04<00:09, 3904.91it/s] 39% 23819/61865 [00:04<00:09, 3974.32it/s] 39% 24267/61865 [00:05<00:09, 4113.41it/s] 40% 24740/61865 [00:05<00:08, 4280.09it/s] 41% 25221/61865 [00:05<00:08, 4424.98it/s] 42% 25726/61865 [00:05<00:07, 4594.29it/s] 42% 26191/61865 [00:05<00:07, 4461.81it/s] 43% 26642/61865 [00:05<00:08, 4260.48it/s] 44% 27154/61865 [00:05<00:07, 4483.72it/s] 45% 27641/61865 [00:05<00:07, 4592.84it/s] 45% 28114/61865 [00:05<00:07, 4631.46it/s] 46% 28581/61865 [00:06<00:08, 4144.77it/s] 47% 29008/61865 [00:06<00:08, 3790.23it/s] 48% 29402/61865 [00:06<00:09, 3373.48it/s] 48% 29758/61865 [00:06<00:10, 2918.97it/s] 49% 30074/61865 [00:06<00:10, 2955.58it/s] 49% 30455/61865 [00:06<00:09, 3168.54it/s] 50% 30822/61865 [00:06<00:09, 3303.18it/s] 50% 31166/61865 [00:06<00:10, 3030.52it/s] 51% 31519/61865 [00:07<00:09, 3164.63it/s] 52% 31919/61865 [00:07<00:08, 3374.29it/s] 52% 32279/61865 [00:07<00:08, 3437.62it/s] 53% 32632/61865 [00:07<00:08, 3460.00it/s] 53% 33095/61865 [00:07<00:07, 3742.05it/s] 54% 33480/61865 [00:07<00:08, 3236.50it/s] 55% 33824/61865 [00:07<00:10, 2709.35it/s] 55% 34180/61865 [00:07<00:09, 2918.17it/s] 56% 34497/61865 [00:07<00:10, 2696.86it/s] 56% 34788/61865 [00:08<00:12, 2254.75it/s] 57% 35040/61865 [00:08<00:13, 1992.74it/s] 57% 35264/61865 [00:08<00:14, 1814.66it/s] 57% 35466/61865 [00:08<00:14, 1858.63it/s] 58% 35718/61865 [00:08<00:12, 2015.55it/s] 58% 35934/61865 [00:08<00:12, 2014.99it/s] 58% 36146/61865 [00:08<00:13, 1863.99it/s] 59% 36342/61865 [00:09<00:15, 1673.80it/s] 59% 36609/61865 [00:09<00:13, 1883.99it/s] 60% 37017/61865 [00:09<00:11, 2245.67it/s] 60% 37386/61865 [00:09<00:09, 2543.81it/s] 61% 37682/61865 [00:09<00:09, 2598.03it/s] 62% 38058/61865 [00:09<00:08, 2863.20it/s] 62% 38418/61865 [00:09<00:07, 3050.16it/s] 63% 38806/61865 [00:09<00:07, 3257.26it/s] 63% 39153/61865 [00:09<00:06, 3313.02it/s] 64% 39499/61865 [00:10<00:07, 3155.76it/s] 64% 39827/61865 [00:10<00:07, 2759.87it/s] 65% 40124/61865 [00:10<00:07, 2795.48it/s] 66% 40548/61865 [00:10<00:06, 3112.69it/s] 66% 41047/61865 [00:10<00:05, 3507.22it/s] 67% 41578/61865 [00:10<00:05, 3904.86it/s] 68% 42108/61865 [00:10<00:04, 4225.86it/s] 69% 42614/61865 [00:10<00:04, 4444.51it/s] 70% 43152/61865 [00:10<00:03, 4687.76it/s] 71% 43678/61865 [00:10<00:03, 4845.79it/s] 71% 44210/61865 [00:11<00:03, 4978.82it/s] 72% 44737/61865 [00:11<00:03, 5062.64it/s] 73% 45269/61865 [00:11<00:03, 5136.24it/s] 74% 45790/61865 [00:11<00:03, 5130.12it/s] 75% 46308/61865 [00:11<00:03, 5136.76it/s] 76% 46825/61865 [00:11<00:02, 5067.11it/s] 77% 47353/61865 [00:11<00:02, 5126.22it/s] 77% 47877/61865 [00:11<00:02, 5157.43it/s] 78% 48395/61865 [00:11<00:02, 5152.50it/s] 79% 48914/61865 [00:11<00:02, 5163.27it/s] 80% 49432/61865 [00:12<00:02, 5054.40it/s] 81% 49939/61865 [00:12<00:02, 4883.49it/s] 82% 50430/61865 [00:12<00:02, 4770.56it/s] 82% 50924/61865 [00:12<00:02, 4818.86it/s] 83% 51408/61865 [00:12<00:02, 4708.99it/s] 84% 51884/61865 [00:12<00:02, 4723.38it/s] 85% 52393/61865 [00:12<00:01, 4826.41it/s] 85% 52885/61865 [00:12<00:01, 4852.79it/s] 86% 53374/61865 [00:12<00:01, 4861.71it/s] 87% 53875/61865 [00:13<00:01, 4902.99it/s] 88% 54371/61865 [00:13<00:01, 4917.53it/s] 89% 54864/61865 [00:13<00:01, 4830.67it/s] 89% 55353/61865 [00:13<00:01, 4847.66it/s] 90% 55839/61865 [00:13<00:01, 4763.48it/s] 91% 56361/61865 [00:13<00:01, 4889.79it/s] 92% 56852/61865 [00:13<00:01, 4809.22it/s] 93% 57335/61865 [00:13<00:01, 4463.81it/s] 93% 57788/61865 [00:13<00:00, 4125.64it/s] 94% 58210/61865 [00:14<00:00, 3881.00it/s] 95% 58608/61865 [00:14<00:00, 3862.33it/s] 96% 59135/61865 [00:14<00:00, 4198.29it/s] 96% 59695/61865 [00:14<00:00, 4538.37it/s] 97% 60166/61865 [00:14<00:00, 4498.67it/s] 98% 60716/61865 [00:14<00:00, 4756.85it/s] 99% 61282/61865 [00:14<00:00, 4993.61it/s]100% 61842/61865 [00:14<00:00, 5157.94it/s]100% 61865/61865 [00:14<00:00, 4201.06it/s]
Number of tasks = 645
Splitting data with seed 0
  0% 0/61865 [00:00<?, ?it/s]  1% 566/61865 [00:00<00:10, 5644.70it/s]  2% 1117/61865 [00:00<00:10, 5601.85it/s]  3% 1649/61865 [00:00<00:10, 5510.53it/s]  3% 2142/61865 [00:00<00:11, 5319.85it/s]  4% 2638/61865 [00:00<00:11, 5203.65it/s]  5% 3149/61865 [00:00<00:11, 5174.72it/s]  6% 3631/61865 [00:00<00:11, 5059.18it/s]  7% 4092/61865 [00:00<00:12, 4767.86it/s]  7% 4544/61865 [00:00<00:12, 4690.59it/s]  8% 4994/61865 [00:01<00:12, 4618.91it/s]  9% 5443/61865 [00:01<00:13, 4338.61it/s]  9% 5872/61865 [00:01<00:13, 4233.30it/s] 10% 6292/61865 [00:01<00:13, 4129.38it/s] 11% 6704/61865 [00:01<00:13, 4076.02it/s] 12% 7125/61865 [00:01<00:13, 4114.83it/s] 12% 7536/61865 [00:01<00:13, 4102.43it/s] 13% 7946/61865 [00:01<00:13, 4019.69it/s] 13% 8348/61865 [00:01<00:14, 3674.93it/s] 14% 8722/61865 [00:02<00:15, 3432.57it/s] 15% 9073/61865 [00:02<00:16, 3172.82it/s] 15% 9400/61865 [00:02<00:17, 2937.24it/s] 16% 9717/61865 [00:02<00:17, 3000.41it/s] 16% 10031/61865 [00:02<00:17, 3038.98it/s] 17% 10347/61865 [00:02<00:16, 3071.93it/s] 17% 10658/61865 [00:02<00:16, 3060.03it/s] 18% 10972/61865 [00:02<00:16, 3083.48it/s] 18% 11378/61865 [00:02<00:15, 3322.50it/s] 19% 11717/61865 [00:02<00:15, 3304.33it/s] 20% 12116/61865 [00:03<00:14, 3482.62it/s] 20% 12541/61865 [00:03<00:13, 3681.87it/s] 21% 12940/61865 [00:03<00:12, 3769.04it/s] 22% 13323/61865 [00:03<00:13, 3721.93it/s] 22% 13729/61865 [00:03<00:12, 3815.28it/s] 23% 14136/61865 [00:03<00:12, 3886.72it/s] 23% 14528/61865 [00:03<00:12, 3807.33it/s] 24% 14911/61865 [00:03<00:12, 3784.88it/s] 25% 15352/61865 [00:03<00:11, 3952.67it/s] 26% 15787/61865 [00:03<00:11, 4061.14it/s] 26% 16227/61865 [00:04<00:10, 4157.03it/s] 27% 16731/61865 [00:04<00:10, 4386.27it/s] 28% 17244/61865 [00:04<00:09, 4583.51it/s] 29% 17758/61865 [00:04<00:09, 4736.14it/s] 30% 18268/61865 [00:04<00:09, 4837.67it/s] 30% 18767/61865 [00:04<00:08, 4881.05it/s] 31% 19259/61865 [00:04<00:08, 4881.55it/s] 32% 19752/61865 [00:04<00:08, 4895.53it/s] 33% 20244/61865 [00:04<00:08, 4868.81it/s] 34% 20734/61865 [00:05<00:08, 4877.47it/s] 34% 21223/61865 [00:05<00:08, 4871.51it/s] 35% 21711/61865 [00:05<00:08, 4865.09it/s] 36% 22224/61865 [00:05<00:08, 4940.32it/s] 37% 22721/61865 [00:05<00:07, 4946.62it/s] 38% 23229/61865 [00:05<00:07, 4984.08it/s] 38% 23728/61865 [00:05<00:07, 4847.55it/s] 39% 24239/61865 [00:05<00:07, 4922.77it/s] 40% 24751/61865 [00:05<00:07, 4978.38it/s] 41% 25250/61865 [00:05<00:07, 4968.88it/s] 42% 25748/61865 [00:06<00:07, 4967.68it/s] 42% 26246/61865 [00:06<00:07, 4933.07it/s] 43% 26740/61865 [00:06<00:07, 4912.06it/s] 44% 27254/61865 [00:06<00:06, 4977.43it/s] 45% 27753/61865 [00:06<00:06, 4975.74it/s] 46% 28251/61865 [00:06<00:06, 4910.99it/s] 46% 28746/61865 [00:06<00:06, 4921.40it/s] 47% 29239/61865 [00:06<00:06, 4870.29it/s] 48% 29743/61865 [00:06<00:06, 4917.63it/s] 49% 30249/61865 [00:06<00:06, 4958.57it/s] 50% 30746/61865 [00:07<00:06, 4903.54it/s] 50% 31237/61865 [00:07<00:06, 4896.30it/s] 51% 31740/61865 [00:07<00:06, 4934.28it/s] 52% 32240/61865 [00:07<00:05, 4951.74it/s] 53% 32736/61865 [00:07<00:05, 4915.89it/s] 54% 33228/61865 [00:07<00:05, 4905.93it/s] 55% 33729/61865 [00:07<00:05, 4935.44it/s] 55% 34237/61865 [00:07<00:05, 4977.29it/s] 56% 34735/61865 [00:07<00:05, 4944.15it/s] 57% 35230/61865 [00:07<00:05, 4899.40it/s] 58% 35721/61865 [00:08<00:05, 4789.52it/s] 59% 36218/61865 [00:08<00:05, 4839.00it/s] 59% 36712/61865 [00:08<00:05, 4865.76it/s] 60% 37214/61865 [00:08<00:05, 4909.45it/s] 61% 37735/61865 [00:08<00:04, 4995.79it/s] 62% 38236/61865 [00:08<00:04, 4879.32it/s] 63% 38725/61865 [00:08<00:04, 4766.62it/s] 63% 39213/61865 [00:08<00:04, 4798.48it/s] 64% 39713/61865 [00:08<00:04, 4856.17it/s] 65% 40200/61865 [00:08<00:04, 4819.78it/s] 66% 40683/61865 [00:09<00:04, 4785.33it/s] 67% 41177/61865 [00:09<00:04, 4830.03it/s] 67% 41661/61865 [00:09<00:04, 4739.86it/s] 68% 42148/61865 [00:09<00:04, 4775.93it/s] 69% 42627/61865 [00:09<00:04, 4747.38it/s] 70% 43116/61865 [00:09<00:03, 4786.43it/s] 70% 43600/61865 [00:09<00:03, 4801.44it/s] 71% 44083/61865 [00:09<00:03, 4807.86it/s] 72% 44564/61865 [00:09<00:03, 4764.64it/s] 73% 45041/61865 [00:09<00:03, 4765.22it/s] 74% 45518/61865 [00:10<00:03, 4667.35it/s] 74% 45986/61865 [00:10<00:03, 4506.53it/s] 75% 46460/61865 [00:10<00:03, 4567.76it/s] 76% 46950/61865 [00:10<00:03, 4660.88it/s] 77% 47431/61865 [00:10<00:03, 4704.18it/s] 77% 47903/61865 [00:10<00:02, 4699.30it/s] 78% 48374/61865 [00:10<00:02, 4674.41it/s] 79% 48842/61865 [00:10<00:02, 4638.15it/s] 80% 49307/61865 [00:10<00:02, 4592.31it/s] 80% 49767/61865 [00:11<00:02, 4556.45it/s] 81% 50224/61865 [00:11<00:02, 4480.89it/s] 82% 50673/61865 [00:11<00:02, 4446.84it/s] 83% 51119/61865 [00:11<00:02, 4405.67it/s] 83% 51560/61865 [00:11<00:02, 4389.67it/s] 84% 52000/61865 [00:11<00:02, 4352.64it/s] 85% 52436/61865 [00:11<00:02, 4318.53it/s] 85% 52882/61865 [00:11<00:02, 4359.85it/s] 86% 53319/61865 [00:11<00:02, 4100.81it/s] 87% 53788/61865 [00:11<00:01, 4260.36it/s] 88% 54218/61865 [00:12<00:01, 4212.52it/s] 88% 54669/61865 [00:12<00:01, 4297.06it/s] 89% 55102/61865 [00:12<00:01, 4297.70it/s] 90% 55534/61865 [00:12<00:01, 4135.17it/s] 90% 55951/61865 [00:12<00:01, 4113.60it/s] 91% 56429/61865 [00:12<00:01, 4291.92it/s] 92% 56862/61865 [00:12<00:01, 4174.76it/s] 93% 57283/61865 [00:12<00:01, 3945.61it/s] 93% 57683/61865 [00:12<00:01, 3447.27it/s] 94% 58043/61865 [00:13<00:01, 3083.94it/s] 94% 58369/61865 [00:13<00:01, 2972.42it/s] 95% 58714/61865 [00:13<00:01, 3100.29it/s] 96% 59222/61865 [00:13<00:00, 3509.93it/s] 97% 59733/61865 [00:13<00:00, 3872.53it/s] 97% 60150/61865 [00:13<00:00, 3693.28it/s] 98% 60573/61865 [00:13<00:00, 3838.88it/s] 99% 61091/61865 [00:13<00:00, 4161.63it/s]100% 61616/61865 [00:13<00:00, 4437.13it/s]100% 61865/61865 [00:14<00:00, 4418.59it/s]
Total scaffolds = 30,615 | train scaffolds = 24,639 | val scaffolds = 3,133 | test scaffolds = 2,843
/home/apappu/thesis/molecule-metalearning/chemprop/chemprop/data/scaffold.py:152: RuntimeWarning: Mean of empty slice
  target_avgs.append(np.nanmean(targets, axis=0))
Label averages per scaffold, in decreasing order of scaffold frequency,capped at 10 scaffolds and 20 labels: [(array([nan, nan, nan, nan, nan, nan, nan, nan, nan, nan, nan, nan, nan,
       nan, nan, nan, nan, nan, nan, nan]), array([0, 0, 0, 0, 0, 0, 0, 0, 0, 0, 0, 0, 0, 0, 0, 0, 0, 0, 0, 0])), (array([nan, nan, nan, nan, nan, nan, nan, nan, nan, nan, nan, nan, nan,
       nan, nan, 0.5, nan, nan, nan, nan]), array([0, 0, 0, 0, 0, 0, 0, 0, 0, 0, 0, 0, 0, 0, 0, 2, 0, 0, 0, 0])), (array([nan, nan, nan, nan, nan, nan, nan, nan, nan, nan, nan, nan, nan,
       nan, nan, nan, nan, nan, nan, nan]), array([0, 0, 0, 0, 0, 0, 0, 0, 0, 0, 0, 0, 0, 0, 0, 0, 0, 0, 0, 0])), (array([nan, nan, nan, nan, nan, nan, nan, nan, nan, nan, nan, nan, nan,
       nan, nan, nan, nan, nan, nan, nan]), array([0, 0, 0, 0, 0, 0, 0, 0, 0, 0, 0, 0, 0, 0, 0, 0, 0, 0, 0, 0])), (array([nan, nan, nan, nan, nan, nan, nan, nan, nan, nan, nan, nan, nan,
       nan, nan, nan, nan, nan, nan, nan]), array([0, 0, 0, 0, 0, 0, 0, 0, 0, 0, 0, 0, 0, 0, 0, 0, 0, 0, 0, 0])), (array([nan, nan, nan, nan, nan, nan, nan, nan, nan, nan, nan, nan, nan,
       nan, nan, nan, nan, nan, nan, nan]), array([0, 0, 0, 0, 0, 0, 0, 0, 0, 0, 0, 0, 0, 0, 0, 0, 0, 0, 0, 0])), (array([nan, nan, nan, nan, nan, nan, nan, nan, nan, nan, nan, nan, nan,
       nan, nan, nan, nan, nan, nan, nan]), array([0, 0, 0, 0, 0, 0, 0, 0, 0, 0, 0, 0, 0, 0, 0, 0, 0, 0, 0, 0])), (array([nan, nan, nan, nan, nan, nan, nan, nan, nan, nan, nan, nan, nan,
       nan, nan, nan, nan, nan, nan, nan]), array([0, 0, 0, 0, 0, 0, 0, 0, 0, 0, 0, 0, 0, 0, 0, 0, 0, 0, 0, 0])), (array([nan, nan, nan, nan, nan, nan, nan, nan, nan, nan, nan, nan, nan,
       nan, nan, nan, nan, nan, nan, nan]), array([0, 0, 0, 0, 0, 0, 0, 0, 0, 0, 0, 0, 0, 0, 0, 0, 0, 0, 0, 0])), (array([nan, nan, nan, nan, nan, nan, nan, nan, nan, nan, nan, nan, nan,
       nan, nan, nan, nan, nan, nan, nan]), array([0, 0, 0, 0, 0, 0, 0, 0, 0, 0, 0, 0, 0, 0, 0, 0, 0, 0, 0, 0]))]
Class sizes
CHEMBL1033994 0: 41.98%, 1: 58.02%
CHEMBL1119333 0: 9.59%, 1: 90.41%
CHEMBL1217000 0: 52.41%, 1: 47.59%
CHEMBL1243965 0: 17.11%, 1: 82.89%
CHEMBL1243966 0: 41.96%, 1: 58.04%
CHEMBL1243967 0: 10.17%, 1: 89.83%
CHEMBL1243968 0: 15.06%, 1: 84.94%
CHEMBL1243970 0: 6.91%, 1: 93.09%
CHEMBL1243972 0: 9.92%, 1: 90.08%
CHEMBL1243976 0: 28.99%, 1: 71.01%
CHEMBL1246087 0: 33.88%, 1: 66.12%
CHEMBL1246088 0: 48.37%, 1: 51.63%
CHEMBL1613762 0: 2.45%, 1: 97.55%
CHEMBL1613779 0: 58.47%, 1: 41.53%
CHEMBL1613785 0: 43.22%, 1: 56.78%
CHEMBL1613787 0: 69.08%, 1: 30.92%
CHEMBL1613807 0: 95.99%, 1: 4.01%
CHEMBL1613813 0: 44.20%, 1: 55.80%
CHEMBL1613814 0: 53.85%, 1: 46.15%
CHEMBL1613817 0: 84.86%, 1: 15.14%
CHEMBL1613853 0: 41.86%, 1: 58.14%
CHEMBL1613861 0: 14.47%, 1: 85.53%
CHEMBL1613864 0: 5.19%, 1: 94.81%
CHEMBL1613867 0: 97.13%, 1: 2.87%
CHEMBL1613870 0: 15.80%, 1: 84.20%
CHEMBL1613871 0: 6.15%, 1: 93.85%
CHEMBL1613874 0: 65.78%, 1: 34.22%
CHEMBL1613876 0: 54.35%, 1: 45.65%
CHEMBL1613884 0: 21.51%, 1: 78.49%
CHEMBL1613890 0: 34.85%, 1: 65.15%
CHEMBL1613897 0: 46.64%, 1: 53.36%
CHEMBL1613898 0: 75.45%, 1: 24.55%
CHEMBL1613904 0: 50.77%, 1: 49.23%
CHEMBL1613907 0: 5.34%, 1: 94.66%
CHEMBL1613926 0: 30.15%, 1: 69.85%
CHEMBL1613928 0: 45.90%, 1: 54.10%
CHEMBL1613929 0: 81.25%, 1: 18.75%
CHEMBL1613941 0: 32.58%, 1: 67.42%
CHEMBL1613942 0: 41.43%, 1: 58.57%
CHEMBL1613947 0: 46.01%, 1: 53.99%
CHEMBL1613949 0: 60.13%, 1: 39.87%
CHEMBL1613950 0: 43.05%, 1: 56.95%
CHEMBL1613955 0: 54.04%, 1: 45.96%
CHEMBL1613962 0: 24.26%, 1: 75.74%
CHEMBL1613967 0: 44.59%, 1: 55.41%
CHEMBL1613981 0: 58.85%, 1: 41.15%
CHEMBL1613991 0: 14.98%, 1: 85.02%
CHEMBL1613997 0: 7.73%, 1: 92.27%
CHEMBL1614001 0: 98.28%, 1: 1.72%
CHEMBL1614004 0: 14.66%, 1: 85.34%
CHEMBL1614016 0: 12.22%, 1: 87.78%
CHEMBL1614030 0: 19.96%, 1: 80.04%
CHEMBL1614034 0: 2.63%, 1: 97.37%
CHEMBL1614035 0: 77.14%, 1: 22.86%
CHEMBL1614049 0: 39.63%, 1: 60.37%
CHEMBL1614053 0: 42.48%, 1: 57.52%
CHEMBL1614063 0: 95.18%, 1: 4.82%
CHEMBL1614065 0: 9.71%, 1: 90.29%
CHEMBL1614066 0: 94.74%, 1: 5.26%
CHEMBL1614069 0: 56.82%, 1: 43.18%
CHEMBL1614072 0: 50.36%, 1: 49.64%
CHEMBL1614084 0: 13.26%, 1: 86.74%
CHEMBL1614091 0: 4.43%, 1: 95.57%
CHEMBL1614092 0: 47.50%, 1: 52.50%
CHEMBL1614097 0: 46.99%, 1: 53.01%
CHEMBL1614098 0: 97.25%, 1: 2.75%
CHEMBL1614104 0: 7.74%, 1: 92.26%
CHEMBL1614105 0: 6.12%, 1: 93.88%
CHEMBL1614109 0: 59.87%, 1: 40.13%
CHEMBL1614128 0: 10.35%, 1: 89.65%
CHEMBL1614131 0: 97.14%, 1: 2.86%
CHEMBL1614132 0: 42.07%, 1: 57.93%
CHEMBL1614138 0: 67.83%, 1: 32.17%
CHEMBL1614155 0: 25.40%, 1: 74.60%
CHEMBL1614158 0: 74.52%, 1: 25.48%
CHEMBL1614167 0: 16.17%, 1: 83.83%
CHEMBL1614170 0: 68.86%, 1: 31.14%
CHEMBL1614171 0: 93.77%, 1: 6.23%
CHEMBL1614175 0: 80.66%, 1: 19.34%
CHEMBL1614185 0: 26.17%, 1: 73.83%
CHEMBL1614197 0: 5.26%, 1: 94.74%
CHEMBL1614199 0: 49.66%, 1: 50.34%
CHEMBL1614202 0: 7.32%, 1: 92.68%
CHEMBL1614215 0: 52.76%, 1: 47.24%
CHEMBL1614216 0: 48.52%, 1: 51.48%
CHEMBL1614218 0: 22.36%, 1: 77.64%
CHEMBL1614225 0: 62.50%, 1: 37.50%
CHEMBL1614244 0: 38.85%, 1: 61.15%
CHEMBL1614247 0: 44.34%, 1: 55.66%
CHEMBL1614252 0: 60.11%, 1: 39.89%
CHEMBL1614255 0: 61.26%, 1: 38.74%
CHEMBL1614259 0: 32.82%, 1: 67.18%
CHEMBL1614272 0: 67.71%, 1: 32.29%
CHEMBL1614276 0: 51.74%, 1: 48.26%
CHEMBL1614287 0: 85.53%, 1: 14.47%
CHEMBL1614288 0: 72.51%, 1: 27.49%
CHEMBL1614290 0: 4.51%, 1: 95.49%
CHEMBL1614295 0: 2.29%, 1: 97.71%
CHEMBL1614301 0: 19.74%, 1: 80.26%
CHEMBL1614304 0: 63.76%, 1: 36.24%
CHEMBL1614309 0: 27.66%, 1: 72.34%
CHEMBL1614311 0: 53.76%, 1: 46.24%
CHEMBL1614314 0: 94.70%, 1: 5.30%
CHEMBL1614319 0: 72.16%, 1: 27.84%
CHEMBL1614320 0: 29.79%, 1: 70.21%
CHEMBL1614321 0: 60.16%, 1: 39.84%
CHEMBL1614328 0: 46.64%, 1: 53.36%
CHEMBL1614329 0: 40.69%, 1: 59.31%
CHEMBL1614336 0: 47.01%, 1: 52.99%
CHEMBL1614344 0: 67.72%, 1: 32.28%
CHEMBL1614356 0: 43.90%, 1: 56.10%
CHEMBL1614359 0: 50.26%, 1: 49.74%
CHEMBL1614363 0: 53.19%, 1: 46.81%
CHEMBL1614385 0: 93.27%, 1: 6.73%
CHEMBL1614388 0: 56.19%, 1: 43.81%
CHEMBL1614393 0: 45.00%, 1: 55.00%
CHEMBL1614395 0: 11.32%, 1: 88.68%
CHEMBL1614403 0: 88.15%, 1: 11.85%
CHEMBL1614423 0: 57.84%, 1: 42.16%
CHEMBL1614425 0: 38.24%, 1: 61.76%
CHEMBL1614433 0: 60.77%, 1: 39.23%
CHEMBL1614434 0: 80.25%, 1: 19.75%
CHEMBL1614456 0: 3.36%, 1: 96.64%
CHEMBL1614466 0: 10.32%, 1: 89.68%
CHEMBL1614469 0: 24.90%, 1: 75.10%
CHEMBL1614477 0: 43.75%, 1: 56.25%
CHEMBL1614478 0: 12.50%, 1: 87.50%
CHEMBL1614480 0: 85.71%, 1: 14.29%
CHEMBL1614484 0: 9.01%, 1: 90.99%
CHEMBL1614492 0: 40.54%, 1: 59.46%
CHEMBL1614499 0: 44.47%, 1: 55.53%
CHEMBL1614503 0: 40.30%, 1: 59.70%
CHEMBL1614504 0: 17.80%, 1: 82.20%
CHEMBL1614509 0: 79.43%, 1: 20.57%
CHEMBL1614512 0: 62.79%, 1: 37.21%
CHEMBL1614514 0: 83.07%, 1: 16.93%
CHEMBL1614515 0: 19.61%, 1: 80.39%
CHEMBL1614516 0: 96.81%, 1: 3.19%
CHEMBL1614522 0: 28.55%, 1: 71.45%
CHEMBL1614524 0: 12.98%, 1: 87.02%
CHEMBL1614528 0: 40.91%, 1: 59.09%
CHEMBL1614547 0: 72.51%, 1: 27.49%
CHEMBL1614548 0: 17.95%, 1: 82.05%
CHEMBL1614549 0: 84.25%, 1: 15.75%
CHEMBL1614550 0: 9.30%, 1: 90.70%
CHEMBL1614554 0: 71.64%, 1: 28.36%
CHEMBL1676103 0: 39.85%, 1: 60.15%
CHEMBL1737860 0: 3.60%, 1: 96.40%
CHEMBL1737863 0: 36.27%, 1: 63.73%
CHEMBL1737865 0: 61.01%, 1: 38.99%
CHEMBL1737868 0: 79.41%, 1: 20.59%
CHEMBL1737910 0: 45.71%, 1: 54.29%
CHEMBL1737912 0: 26.51%, 1: 73.49%
CHEMBL1737942 0: 44.52%, 1: 55.48%
CHEMBL1737951 0: 51.83%, 1: 48.17%
CHEMBL1737961 0: 93.34%, 1: 6.66%
CHEMBL1737966 0: 21.36%, 1: 78.64%
CHEMBL1737967 0: 89.17%, 1: 10.83%
CHEMBL1737977 0: 13.87%, 1: 86.13%
CHEMBL1737978 0: 18.18%, 1: 81.82%
CHEMBL1737979 0: 8.94%, 1: 91.06%
CHEMBL1738019 0: 24.85%, 1: 75.15%
CHEMBL1738021 0: 10.87%, 1: 89.13%
CHEMBL1738025 0: 33.80%, 1: 66.20%
CHEMBL1738040 0: 73.48%, 1: 26.52%
CHEMBL1738043 0: 46.43%, 1: 53.57%
CHEMBL1738079 0: 3.88%, 1: 96.12%
CHEMBL1738080 0: 76.43%, 1: 23.57%
CHEMBL1738091 0: 89.77%, 1: 10.23%
CHEMBL1738097 0: 72.41%, 1: 27.59%
CHEMBL1738131 0: 68.59%, 1: 31.41%
CHEMBL1738164 0: 79.79%, 1: 20.21%
CHEMBL1738171 0: 85.45%, 1: 14.55%
CHEMBL1738183 0: 59.62%, 1: 40.38%
CHEMBL1738197 0: 36.90%, 1: 63.10%
CHEMBL1738202 0: 3.47%, 1: 96.53%
CHEMBL1738242 0: 16.55%, 1: 83.45%
CHEMBL1738249 0: 86.53%, 1: 13.47%
CHEMBL1738253 0: 7.33%, 1: 92.67%
CHEMBL1738319 0: 59.17%, 1: 40.83%
CHEMBL1738325 0: 96.86%, 1: 3.14%
CHEMBL1738362 0: 21.43%, 1: 78.57%
CHEMBL1738369 0: 56.34%, 1: 43.66%
CHEMBL1738371 0: 81.97%, 1: 18.03%
CHEMBL1738391 0: 68.38%, 1: 31.62%
CHEMBL1738400 0: 77.86%, 1: 22.14%
CHEMBL1738402 0: 54.19%, 1: 45.81%
CHEMBL1738407 0: 85.58%, 1: 14.42%
CHEMBL1738408 0: 2.18%, 1: 97.82%
CHEMBL1738414 0: 5.11%, 1: 94.89%
CHEMBL1738418 0: 68.85%, 1: 31.15%
CHEMBL1738422 0: 4.29%, 1: 95.71%
CHEMBL1738424 0: 77.50%, 1: 22.50%
CHEMBL1738430 0: 25.54%, 1: 74.46%
CHEMBL1738438 0: 2.76%, 1: 97.24%
CHEMBL1738482 0: 7.69%, 1: 92.31%
CHEMBL1738485 0: 17.65%, 1: 82.35%
CHEMBL1738494 0: 97.26%, 1: 2.74%
CHEMBL1738495 0: 1.70%, 1: 98.30%
CHEMBL1738497 0: 64.50%, 1: 35.50%
CHEMBL1738502 0: 15.20%, 1: 84.80%
CHEMBL1738510 0: 54.41%, 1: 45.59%
CHEMBL1738512 0: 3.05%, 1: 96.95%
CHEMBL1738513 0: 28.64%, 1: 71.36%
CHEMBL1738552 0: 64.70%, 1: 35.30%
CHEMBL1738575 0: 65.65%, 1: 34.35%
CHEMBL1738578 0: 23.30%, 1: 76.70%
CHEMBL1738579 0: 22.79%, 1: 77.21%
CHEMBL1738593 0: 17.65%, 1: 82.35%
CHEMBL1738599 0: 16.07%, 1: 83.93%
CHEMBL1738602 0: 42.70%, 1: 57.30%
CHEMBL1738610 0: 42.07%, 1: 57.93%
CHEMBL1738611 0: 2.23%, 1: 97.77%
CHEMBL1738632 0: 86.32%, 1: 13.68%
CHEMBL1738633 0: 4.05%, 1: 95.95%
CHEMBL1738639 0: 64.47%, 1: 35.53%
CHEMBL1738642 0: 34.82%, 1: 65.18%
CHEMBL1738670 0: 9.18%, 1: 90.82%
CHEMBL1738673 0: 12.98%, 1: 87.02%
CHEMBL1738679 0: 63.95%, 1: 36.05%
CHEMBL1738682 0: 62.45%, 1: 37.55%
CHEMBL1794296 0: 44.02%, 1: 55.98%
CHEMBL1794303 0: 2.71%, 1: 97.29%
CHEMBL1794320 0: 96.68%, 1: 3.32%
CHEMBL1794327 0: 91.59%, 1: 8.41%
CHEMBL1794336 0: 53.07%, 1: 46.93%
CHEMBL1794350 0: 3.44%, 1: 96.56%
CHEMBL1794355 0: 5.26%, 1: 94.74%
CHEMBL1794356 0: 13.92%, 1: 86.08%
CHEMBL1794358 0: 94.14%, 1: 5.86%
CHEMBL1794365 0: 7.12%, 1: 92.88%
CHEMBL1794383 0: 6.90%, 1: 93.10%
CHEMBL1794387 0: 65.04%, 1: 34.96%
CHEMBL1794393 0: 67.55%, 1: 32.45%
CHEMBL1794396 0: 3.96%, 1: 96.04%
CHEMBL1794410 0: 23.98%, 1: 76.02%
CHEMBL1794413 0: 6.02%, 1: 93.98%
CHEMBL1794438 0: 40.17%, 1: 59.83%
CHEMBL1794445 0: 87.84%, 1: 12.16%
CHEMBL1794452 0: 94.30%, 1: 5.70%
CHEMBL1794457 0: 92.98%, 1: 7.02%
CHEMBL1794460 0: 28.63%, 1: 71.37%
CHEMBL1794467 0: 18.39%, 1: 81.61%
CHEMBL1794475 0: 56.02%, 1: 43.98%
CHEMBL1794484 0: 44.93%, 1: 55.07%
CHEMBL1794494 0: 5.33%, 1: 94.67%
CHEMBL1794497 0: 8.47%, 1: 91.53%
CHEMBL1794499 0: 73.90%, 1: 26.10%
CHEMBL1794508 0: 94.63%, 1: 5.37%
CHEMBL1794516 0: 3.21%, 1: 96.79%
CHEMBL1794522 0: 58.65%, 1: 41.35%
CHEMBL1794528 0: 79.86%, 1: 20.14%
CHEMBL1794531 0: 92.03%, 1: 7.97%
CHEMBL1794548 0: 88.74%, 1: 11.26%
CHEMBL1794566 0: 6.05%, 1: 93.95%
CHEMBL1794567 0: 9.61%, 1: 90.39%
CHEMBL1794570 0: 92.79%, 1: 7.21%
CHEMBL1794571 0: 53.55%, 1: 46.45%
CHEMBL1794573 0: 10.54%, 1: 89.46%
CHEMBL1794574 0: 1.09%, 1: 98.91%
CHEMBL1794578 0: 46.99%, 1: 53.01%
CHEMBL1794581 0: 19.65%, 1: 80.35%
CHEMBL1863510 0: 2.14%, 1: 97.86%
CHEMBL1863512 0: 2.79%, 1: 97.21%
CHEMBL1909084 0: 99.28%, 1: 0.72%
CHEMBL1909085 0: 92.10%, 1: 7.90%
CHEMBL1909086 0: 91.52%, 1: 8.48%
CHEMBL1909087 0: 91.86%, 1: 8.14%
CHEMBL1909088 0: 87.97%, 1: 12.03%
CHEMBL1909089 0: 88.69%, 1: 11.31%
CHEMBL1909090 0: 90.81%, 1: 9.19%
CHEMBL1909091 0: 97.24%, 1: 2.76%
CHEMBL1909092 0: 97.14%, 1: 2.86%
CHEMBL1909093 0: 98.42%, 1: 1.58%
CHEMBL1909094 0: 90.85%, 1: 9.15%
CHEMBL1909095 0: 98.56%, 1: 1.44%
CHEMBL1909097 0: 99.28%, 1: 0.72%
CHEMBL1909102 0: 92.94%, 1: 7.06%
CHEMBL1909103 0: 97.23%, 1: 2.77%
CHEMBL1909104 0: 87.06%, 1: 12.94%
CHEMBL1909105 0: 88.70%, 1: 11.30%
CHEMBL1909106 0: 98.57%, 1: 1.43%
CHEMBL1909107 0: 97.86%, 1: 2.14%
CHEMBL1909108 0: 93.04%, 1: 6.96%
CHEMBL1909109 0: 90.35%, 1: 9.65%
CHEMBL1909110 0: 92.47%, 1: 7.53%
CHEMBL1909111 0: 94.03%, 1: 5.97%
CHEMBL1909112 0: 90.91%, 1: 9.09%
CHEMBL1909114 0: 96.50%, 1: 3.50%
CHEMBL1909115 0: 96.00%, 1: 4.00%
CHEMBL1909116 0: 96.98%, 1: 3.02%
CHEMBL1909121 0: 92.80%, 1: 7.20%
CHEMBL1909123 0: 99.16%, 1: 0.84%
CHEMBL1909124 0: 99.40%, 1: 0.60%
CHEMBL1909130 0: 95.56%, 1: 4.44%
CHEMBL1909131 0: 97.01%, 1: 2.99%
CHEMBL1909132 0: 96.15%, 1: 3.85%
CHEMBL1909134 0: 95.19%, 1: 4.81%
CHEMBL1909135 0: 95.76%, 1: 4.24%
CHEMBL1909136 0: 93.20%, 1: 6.80%
CHEMBL1909138 0: 96.16%, 1: 3.84%
CHEMBL1909139 0: 93.84%, 1: 6.16%
CHEMBL1909140 0: 93.87%, 1: 6.13%
CHEMBL1909141 0: 89.73%, 1: 10.27%
CHEMBL1909142 0: 99.04%, 1: 0.96%
CHEMBL1909143 0: 93.01%, 1: 6.99%
CHEMBL1909145 0: 97.97%, 1: 2.03%
CHEMBL1909148 0: 98.57%, 1: 1.43%
CHEMBL1909150 0: 95.10%, 1: 4.90%
CHEMBL1909156 0: 94.28%, 1: 5.72%
CHEMBL1909157 0: 96.38%, 1: 3.62%
CHEMBL1909158 0: 99.05%, 1: 0.95%
CHEMBL1909159 0: 93.18%, 1: 6.82%
CHEMBL1909165 0: 97.79%, 1: 2.21%
CHEMBL1909169 0: 98.32%, 1: 1.68%
CHEMBL1909170 0: 92.35%, 1: 7.65%
CHEMBL1909171 0: 93.29%, 1: 6.71%
CHEMBL1909172 0: 92.82%, 1: 7.18%
CHEMBL1909173 0: 92.38%, 1: 7.62%
CHEMBL1909174 0: 92.71%, 1: 7.29%
CHEMBL1909180 0: 98.20%, 1: 1.80%
CHEMBL1909181 0: 97.71%, 1: 2.29%
CHEMBL1909182 0: 96.99%, 1: 3.01%
CHEMBL1909184 0: 98.93%, 1: 1.07%
CHEMBL1909186 0: 99.52%, 1: 0.48%
CHEMBL1909190 0: 98.66%, 1: 1.34%
CHEMBL1909191 0: 94.99%, 1: 5.01%
CHEMBL1909192 0: 99.52%, 1: 0.48%
CHEMBL1909200 0: 97.97%, 1: 2.03%
CHEMBL1909201 0: 97.72%, 1: 2.28%
CHEMBL1909203 0: 98.05%, 1: 1.95%
CHEMBL1909204 0: 97.17%, 1: 2.83%
CHEMBL1909205 0: 98.67%, 1: 1.33%
CHEMBL1909206 0: 99.16%, 1: 0.84%
CHEMBL1909209 0: 92.34%, 1: 7.66%
CHEMBL1909210 0: 96.05%, 1: 3.95%
CHEMBL1909211 0: 88.80%, 1: 11.20%
CHEMBL1909212 0: 98.30%, 1: 1.70%
CHEMBL1909213 0: 99.28%, 1: 0.72%
CHEMBL1909214 0: 98.79%, 1: 1.21%
CHEMBL1909215 0: 95.61%, 1: 4.39%
CHEMBL1963686 0: 61.95%, 1: 38.05%
CHEMBL1963687 0: 64.42%, 1: 35.58%
CHEMBL1963688 0: 62.52%, 1: 37.48%
CHEMBL1963689 0: 89.69%, 1: 10.31%
CHEMBL1963690 0: 57.36%, 1: 42.64%
CHEMBL1963691 0: 49.33%, 1: 50.67%
CHEMBL1963692 0: 53.73%, 1: 46.27%
CHEMBL1963693 0: 71.00%, 1: 29.00%
CHEMBL1963694 0: 91.05%, 1: 8.95%
CHEMBL1963695 0: 74.90%, 1: 25.10%
CHEMBL1963696 0: 77.85%, 1: 22.15%
CHEMBL1963697 0: 74.06%, 1: 25.94%
CHEMBL1963698 0: 74.60%, 1: 25.40%
CHEMBL1963699 0: 83.18%, 1: 16.82%
CHEMBL1963701 0: 67.32%, 1: 32.68%
CHEMBL1963702 0: 83.82%, 1: 16.18%
CHEMBL1963703 0: 68.65%, 1: 31.35%
CHEMBL1963704 0: 65.28%, 1: 34.72%
CHEMBL1963705 0: 55.92%, 1: 44.08%
CHEMBL1963706 0: 53.38%, 1: 46.62%
CHEMBL1963707 0: 53.25%, 1: 46.75%
CHEMBL1963708 0: 48.77%, 1: 51.23%
CHEMBL1963710 0: 63.21%, 1: 36.79%
CHEMBL1963711 0: 94.72%, 1: 5.28%
CHEMBL1963712 0: 75.76%, 1: 24.24%
CHEMBL1963714 0: 74.21%, 1: 25.79%
CHEMBL1963715 0: 50.28%, 1: 49.72%
CHEMBL1963716 0: 91.91%, 1: 8.09%
CHEMBL1963717 0: 55.50%, 1: 44.50%
CHEMBL1963718 0: 65.45%, 1: 34.55%
CHEMBL1963719 0: 63.39%, 1: 36.61%
CHEMBL1963720 0: 69.73%, 1: 30.27%
CHEMBL1963721 0: 56.94%, 1: 43.06%
CHEMBL1963722 0: 49.40%, 1: 50.60%
CHEMBL1963723 0: 53.82%, 1: 46.18%
CHEMBL1963724 0: 67.32%, 1: 32.68%
CHEMBL1963725 0: 69.97%, 1: 30.03%
CHEMBL1963727 0: 56.59%, 1: 43.41%
CHEMBL1963728 0: 92.02%, 1: 7.98%
CHEMBL1963729 0: 84.64%, 1: 15.36%
CHEMBL1963731 0: 61.35%, 1: 38.65%
CHEMBL1963733 0: 79.77%, 1: 20.23%
CHEMBL1963734 0: 79.51%, 1: 20.49%
CHEMBL1963735 0: 71.66%, 1: 28.34%
CHEMBL1963736 0: 78.32%, 1: 21.68%
CHEMBL1963737 0: 86.79%, 1: 13.21%
CHEMBL1963738 0: 61.18%, 1: 38.82%
CHEMBL1963739 0: 84.32%, 1: 15.68%
CHEMBL1963740 0: 64.30%, 1: 35.70%
CHEMBL1963741 0: 67.03%, 1: 32.97%
CHEMBL1963742 0: 73.47%, 1: 26.53%
CHEMBL1963743 0: 66.24%, 1: 33.76%
CHEMBL1963744 0: 71.97%, 1: 28.03%
CHEMBL1963745 0: 67.16%, 1: 32.84%
CHEMBL1963746 0: 66.34%, 1: 33.66%
CHEMBL1963747 0: 81.33%, 1: 18.67%
CHEMBL1963748 0: 58.75%, 1: 41.25%
CHEMBL1963749 0: 55.02%, 1: 44.98%
CHEMBL1963750 0: 58.61%, 1: 41.39%
CHEMBL1963751 0: 70.90%, 1: 29.10%
CHEMBL1963752 0: 64.78%, 1: 35.22%
CHEMBL1963753 0: 88.02%, 1: 11.98%
CHEMBL1963754 0: 59.12%, 1: 40.88%
CHEMBL1963756 0: 61.66%, 1: 38.34%
CHEMBL1963757 0: 73.28%, 1: 26.72%
CHEMBL1963758 0: 82.56%, 1: 17.44%
CHEMBL1963759 0: 81.38%, 1: 18.62%
CHEMBL1963760 0: 86.36%, 1: 13.64%
CHEMBL1963761 0: 83.63%, 1: 16.37%
CHEMBL1963763 0: 72.14%, 1: 27.86%
CHEMBL1963764 0: 62.50%, 1: 37.50%
CHEMBL1963765 0: 86.41%, 1: 13.59%
CHEMBL1963766 0: 81.38%, 1: 18.62%
CHEMBL1963767 0: 77.76%, 1: 22.24%
CHEMBL1963768 0: 77.63%, 1: 22.37%
CHEMBL1963770 0: 89.44%, 1: 10.56%
CHEMBL1963771 0: 53.53%, 1: 46.47%
CHEMBL1963772 0: 48.99%, 1: 51.01%
CHEMBL1963773 0: 59.00%, 1: 41.00%
CHEMBL1963775 0: 76.92%, 1: 23.08%
CHEMBL1963776 0: 87.71%, 1: 12.29%
CHEMBL1963777 0: 63.92%, 1: 36.08%
CHEMBL1963778 0: 51.70%, 1: 48.30%
CHEMBL1963779 0: 54.69%, 1: 45.31%
CHEMBL1963780 0: 89.06%, 1: 10.94%
CHEMBL1963781 0: 94.31%, 1: 5.69%
CHEMBL1963782 0: 75.86%, 1: 24.14%
CHEMBL1963783 0: 57.36%, 1: 42.64%
CHEMBL1963785 0: 70.10%, 1: 29.90%
CHEMBL1963786 0: 50.08%, 1: 49.92%
CHEMBL1963787 0: 66.39%, 1: 33.61%
CHEMBL1963789 0: 67.34%, 1: 32.66%
CHEMBL1963790 0: 57.93%, 1: 42.07%
CHEMBL1963791 0: 82.08%, 1: 17.92%
CHEMBL1963792 0: 85.73%, 1: 14.27%
CHEMBL1963793 0: 65.48%, 1: 34.52%
CHEMBL1963794 0: 77.53%, 1: 22.47%
CHEMBL1963795 0: 46.98%, 1: 53.02%
CHEMBL1963796 0: 69.76%, 1: 30.24%
CHEMBL1963797 0: 83.64%, 1: 16.36%
CHEMBL1963798 0: 89.45%, 1: 10.55%
CHEMBL1963799 0: 43.54%, 1: 56.46%
CHEMBL1963800 0: 64.88%, 1: 35.12%
CHEMBL1963801 0: 75.90%, 1: 24.10%
CHEMBL1963802 0: 61.41%, 1: 38.59%
CHEMBL1963803 0: 87.44%, 1: 12.56%
CHEMBL1963804 0: 65.90%, 1: 34.10%
CHEMBL1963805 0: 53.77%, 1: 46.23%
CHEMBL1963806 0: 41.19%, 1: 58.81%
CHEMBL1963807 0: 36.83%, 1: 63.17%
CHEMBL1963808 0: 68.82%, 1: 31.18%
CHEMBL1963809 0: 79.97%, 1: 20.03%
CHEMBL1963810 0: 43.69%, 1: 56.31%
CHEMBL1963811 0: 73.98%, 1: 26.02%
CHEMBL1963812 0: 53.08%, 1: 46.92%
CHEMBL1963813 0: 79.19%, 1: 20.81%
CHEMBL1963814 0: 51.10%, 1: 48.90%
CHEMBL1963815 0: 71.80%, 1: 28.20%
CHEMBL1963816 0: 89.64%, 1: 10.36%
CHEMBL1963817 0: 71.90%, 1: 28.10%
CHEMBL1963818 0: 55.13%, 1: 44.87%
CHEMBL1963819 0: 62.64%, 1: 37.36%
CHEMBL1963820 0: 84.46%, 1: 15.54%
CHEMBL1963821 0: 79.31%, 1: 20.69%
CHEMBL1963822 0: 90.91%, 1: 9.09%
CHEMBL1963823 0: 76.61%, 1: 23.39%
CHEMBL1963824 0: 39.57%, 1: 60.43%
CHEMBL1963825 0: 51.12%, 1: 48.88%
CHEMBL1963826 0: 59.25%, 1: 40.75%
CHEMBL1963827 0: 50.74%, 1: 49.26%
CHEMBL1963828 0: 80.86%, 1: 19.14%
CHEMBL1963829 0: 86.41%, 1: 13.59%
CHEMBL1963831 0: 52.56%, 1: 47.44%
CHEMBL1963832 0: 72.98%, 1: 27.02%
CHEMBL1963833 0: 87.13%, 1: 12.87%
CHEMBL1963834 0: 59.69%, 1: 40.31%
CHEMBL1963836 0: 85.18%, 1: 14.82%
CHEMBL1963837 0: 26.01%, 1: 73.99%
CHEMBL1963838 0: 75.83%, 1: 24.17%
CHEMBL1963846 0: 85.07%, 1: 14.93%
CHEMBL1963867 0: 73.13%, 1: 26.87%
CHEMBL1963893 0: 85.61%, 1: 14.39%
CHEMBL1963898 0: 75.62%, 1: 24.38%
CHEMBL1963907 0: 64.35%, 1: 35.65%
CHEMBL1963910 0: 10.50%, 1: 89.50%
CHEMBL1963915 0: 15.00%, 1: 85.00%
CHEMBL1963916 0: 40.48%, 1: 59.52%
CHEMBL1963918 0: 73.35%, 1: 26.65%
CHEMBL1963930 0: 3.64%, 1: 96.36%
CHEMBL1963933 0: 93.91%, 1: 6.09%
CHEMBL1963934 0: 3.64%, 1: 96.36%
CHEMBL1963937 0: 39.27%, 1: 60.73%
CHEMBL1963938 0: 65.85%, 1: 34.15%
CHEMBL1963940 0: 33.79%, 1: 66.21%
CHEMBL1963947 0: 6.25%, 1: 93.75%
CHEMBL1963966 0: 3.29%, 1: 96.71%
CHEMBL1963968 0: 51.52%, 1: 48.48%
CHEMBL1963969 0: 25.83%, 1: 74.17%
CHEMBL1963971 0: 10.20%, 1: 89.80%
CHEMBL1963974 0: 88.26%, 1: 11.74%
CHEMBL1963983 0: 76.39%, 1: 23.61%
CHEMBL1964000 0: 76.77%, 1: 23.23%
CHEMBL1964005 0: 6.67%, 1: 93.33%
CHEMBL1964010 0: 76.06%, 1: 23.94%
CHEMBL1964015 0: 73.77%, 1: 26.23%
CHEMBL1964022 0: 76.61%, 1: 23.39%
CHEMBL1964023 0: 73.75%, 1: 26.25%
CHEMBL1964081 0: 47.98%, 1: 52.02%
CHEMBL1964095 0: 65.41%, 1: 34.59%
CHEMBL1964096 0: 11.36%, 1: 88.64%
CHEMBL1964100 0: 79.62%, 1: 20.38%
CHEMBL1964101 0: 34.62%, 1: 65.38%
CHEMBL1964102 0: 71.54%, 1: 28.46%
CHEMBL1964103 0: 51.58%, 1: 48.42%
CHEMBL1964104 0: 63.88%, 1: 36.12%
CHEMBL1964105 0: 64.53%, 1: 35.47%
CHEMBL1964106 0: 57.96%, 1: 42.04%
CHEMBL1964108 0: 69.62%, 1: 30.38%
CHEMBL1964111 0: 73.41%, 1: 26.59%
CHEMBL1964112 0: 87.59%, 1: 12.41%
CHEMBL1964114 0: 61.11%, 1: 38.89%
CHEMBL1964115 0: 43.36%, 1: 56.64%
CHEMBL1964116 0: 70.55%, 1: 29.45%
CHEMBL1964117 0: 63.66%, 1: 36.34%
CHEMBL1964118 0: 60.33%, 1: 39.67%
CHEMBL1964119 0: 57.23%, 1: 42.77%
CHEMBL2028073 0: 76.99%, 1: 23.01%
CHEMBL2028074 0: 74.88%, 1: 25.12%
CHEMBL2028075 0: 56.46%, 1: 43.54%
CHEMBL2028076 0: 85.04%, 1: 14.96%
CHEMBL2028077 0: 96.19%, 1: 3.81%
CHEMBL2095143 0: 93.77%, 1: 6.23%
CHEMBL2098499 0: 74.45%, 1: 25.55%
CHEMBL2114715 0: 60.31%, 1: 39.69%
CHEMBL2114716 0: 12.27%, 1: 87.73%
CHEMBL2114719 0: 77.41%, 1: 22.59%
CHEMBL2114725 0: 51.74%, 1: 48.26%
CHEMBL2114727 0: 16.96%, 1: 83.04%
CHEMBL2114728 0: 9.82%, 1: 90.18%
CHEMBL2114737 0: 87.93%, 1: 12.07%
CHEMBL2114742 0: 33.90%, 1: 66.10%
CHEMBL2114748 0: 59.44%, 1: 40.56%
CHEMBL2114752 0: 15.02%, 1: 84.98%
CHEMBL2114753 0: 8.36%, 1: 91.64%
CHEMBL2114761 0: 78.40%, 1: 21.60%
CHEMBL2114764 0: 42.92%, 1: 57.08%
CHEMBL2114771 0: 64.02%, 1: 35.98%
CHEMBL2114791 0: 1.99%, 1: 98.01%
CHEMBL2114797 0: 42.41%, 1: 57.59%
CHEMBL2114811 0: 10.16%, 1: 89.84%
CHEMBL2114814 0: 44.98%, 1: 55.02%
CHEMBL2114816 0: 37.94%, 1: 62.06%
CHEMBL2114818 0: 4.15%, 1: 95.85%
CHEMBL2114820 0: 16.31%, 1: 83.69%
CHEMBL2114821 0: 18.77%, 1: 81.23%
CHEMBL2114823 0: 20.90%, 1: 79.10%
CHEMBL2114825 0: 18.62%, 1: 81.38%
CHEMBL2114827 0: 93.80%, 1: 6.20%
CHEMBL2114829 0: 25.17%, 1: 74.83%
CHEMBL2114830 0: 20.17%, 1: 79.83%
CHEMBL2114839 0: 28.69%, 1: 71.31%
CHEMBL2114842 0: 62.00%, 1: 38.00%
CHEMBL2114844 0: 32.59%, 1: 67.41%
CHEMBL2114847 0: 13.84%, 1: 86.16%
