wandb: Tracking run with wandb version 0.9.3
wandb: Run data is saved locally in wandb/run-20200723_065807-cj3zfs9y
wandb: Syncing run chemprop_0.8_dropout_4_mp_steps
wandb: ⭐️ View project at https://app.wandb.ai/apappu97/molecule-metalearning-chemprop
wandb: 🚀 View run at https://app.wandb.ai/apappu97/molecule-metalearning-chemprop/runs/cj3zfs9y
wandb: Run `wandb off` to turn off syncing.

Fold 0
Command line
python chemprop/train.py --data_path filtered_chembl/chembl_less_1024_more_128_645_tasks.csv --dataset_type classification --split_type scaffold_balanced --dropout 0.8 --depth 4 --num_folds 2 --epochs 30 --results_save_dir results/initial_hyperparameter_tuning/ --experiment_name chemprop_0.8_dropout_4_mp_steps
Args
{'ANIL': False,
 'FO_MAML': False,
 'activation': 'ReLU',
 'atom_messages': False,
 'batch_size': 50,
 'bias': False,
 'cache_cutoff': 10000,
 'checkpoint_dir': None,
 'checkpoint_path': None,
 'checkpoint_paths': None,
 'chembl_assay_metadata_pickle_path': None,
 'class_balance': False,
 'config_path': None,
 'crossval_index_dir': None,
 'crossval_index_file': None,
 'crossval_index_sets': None,
 'data_path': 'filtered_chembl/chembl_less_1024_more_128_645_tasks.csv',
 'dataset_type': 'classification',
 'depth': 4,
 'dropout': 0.8,
 'dummy': False,
 'ensemble_size': 1,
 'epochs': 30,
 'experiment_name': 'chemprop_0.8_dropout_4_mp_steps',
 'features_generator': None,
 'features_only': False,
 'features_path': None,
 'features_size': None,
 'ffn_hidden_size': 300,
 'ffn_num_layers': 2,
 'final_lr': 0.0001,
 'folds_file': None,
 'gpu': None,
 'hidden_size': 300,
 'init_lr': 0.0001,
 'inner_loop_lr': 0.05,
 'log_frequency': 10,
 'max_data_size': None,
 'max_lr': 0.001,
 'meta_batch_size': 3,
 'meta_learning': False,
 'meta_test_epochs': 20,
 'meta_test_lr': 0.001,
 'meta_test_split_sizes': (0.8, 0.1, 0.1),
 'meta_train_split_sizes': (0.8, 0.2, 0),
 'metric': 'auc',
 'minimize_score': False,
 'multiclass_num_classes': 3,
 'no_cuda': False,
 'no_features_scaling': False,
 'num_folds': 2,
 'num_inner_gradient_steps': 2,
 'num_lrs': 1,
 'num_tasks': None,
 'num_workers': 8,
 'outer_loop_lr': 0.003,
 'pytorch_seed': 0,
 'quiet': False,
 'results_save_dir': 'results/initial_hyperparameter_tuning/',
 'save_dir': '/tmp/2282320.7.gpu.q/tmpeea5omib/fold_0',
 'save_smiles_splits': False,
 'seed': 0,
 'separate_test_features_path': None,
 'separate_test_path': None,
 'separate_val_features_path': None,
 'separate_val_path': None,
 'show_individual_scores': False,
 'smiles_column': None,
 'split_sizes': (0.8, 0.1, 0.1),
 'split_type': 'scaffold_balanced',
 'target_columns': None,
 'task_names': None,
 'test': False,
 'test_fold_index': None,
 'train_data_size': None,
 'undirected': False,
 'use_input_features': False,
 'val_fold_index': None,
 'warmup_epochs': 2.0}
Loading data
0it [00:00, ?it/s]374it [00:00, 3739.66it/s]790it [00:00, 3855.24it/s]1129it [00:00, 3701.29it/s]1376it [00:00, 3215.90it/s]1782it [00:00, 3429.10it/s]2211it [00:00, 3648.26it/s]2635it [00:00, 3806.55it/s]3054it [00:00, 3913.65it/s]3444it [00:00, 3894.04it/s]3825it [00:01, 3260.22it/s]4288it [00:01, 3576.07it/s]4791it [00:01, 3915.12it/s]5283it [00:01, 4169.83it/s]5757it [00:01, 4324.83it/s]6236it [00:01, 4411.43it/s]6710it [00:01, 4503.80it/s]7183it [00:01, 4567.16it/s]7693it [00:01, 4714.62it/s]8170it [00:02, 4169.82it/s]8664it [00:02, 4372.58it/s]9115it [00:02, 4396.40it/s]9582it [00:02, 4473.67it/s]10070it [00:02, 4588.11it/s]10535it [00:02, 4583.85it/s]11071it [00:02, 4791.05it/s]11584it [00:02, 4887.87it/s]12090it [00:02, 4935.99it/s]12587it [00:02, 4166.99it/s]13074it [00:03, 4353.93it/s]13552it [00:03, 4472.79it/s]14028it [00:03, 4555.21it/s]14519it [00:03, 4653.98it/s]14992it [00:03, 4650.41it/s]15466it [00:03, 4674.67it/s]15938it [00:03, 4669.13it/s]16408it [00:03, 3996.20it/s]16827it [00:04, 1900.65it/s]17311it [00:04, 2323.61it/s]17774it [00:04, 2731.73it/s]18298it [00:04, 3189.71it/s]18790it [00:04, 3561.69it/s]19306it [00:04, 3925.21it/s]19777it [00:04, 4126.21it/s]20247it [00:05, 4273.29it/s]20733it [00:05, 4433.12it/s]21207it [00:05, 4072.98it/s]21713it [00:05, 4325.03it/s]22234it [00:05, 4557.08it/s]22713it [00:05, 4623.87it/s]23190it [00:05, 4644.23it/s]23665it [00:05, 4667.22it/s]24142it [00:05, 4696.73it/s]24637it [00:05, 4768.32it/s]25118it [00:06, 4094.66it/s]25615it [00:06, 4322.95it/s]26105it [00:06, 4424.28it/s]26572it [00:06, 4493.62it/s]27051it [00:06, 4578.10it/s]27545it [00:06, 4680.95it/s]28076it [00:06, 4852.97it/s]28584it [00:06, 4916.42it/s]29103it [00:06, 4994.48it/s]29606it [00:07, 4113.87it/s]30099it [00:07, 4328.24it/s]30587it [00:07, 4477.77it/s]31064it [00:07, 4560.27it/s]31547it [00:07, 4635.94it/s]32026it [00:07, 4638.31it/s]32500it [00:07, 4667.71it/s]32997it [00:07, 4754.02it/s]33476it [00:07, 4098.22it/s]34008it [00:08, 4400.37it/s]34516it [00:08, 4583.19it/s]35039it [00:08, 4758.18it/s]35539it [00:08, 4826.55it/s]36031it [00:08, 4851.18it/s]36523it [00:08, 4855.32it/s]37013it [00:08, 4748.05it/s]37556it [00:08, 4933.41it/s]38054it [00:08, 4310.21it/s]38556it [00:09, 4500.96it/s]39021it [00:09, 4492.72it/s]39514it [00:09, 4614.77it/s]39984it [00:09, 4604.77it/s]40518it [00:09, 4800.44it/s]41057it [00:09, 4961.20it/s]41559it [00:09, 4947.86it/s]42058it [00:09, 4240.07it/s]42518it [00:09, 4340.35it/s]43016it [00:09, 4512.05it/s]43491it [00:10, 4580.35it/s]44009it [00:10, 4743.17it/s]44527it [00:10, 4864.93it/s]45020it [00:10, 4815.07it/s]45506it [00:10, 4812.74it/s]45991it [00:10, 4136.29it/s]46463it [00:10, 4293.06it/s]46993it [00:10, 4550.29it/s]47502it [00:10, 4697.67it/s]48027it [00:11, 4848.24it/s]48521it [00:11, 4818.97it/s]49032it [00:11, 4902.06it/s]49528it [00:11, 4874.78it/s]50040it [00:11, 4943.58it/s]50537it [00:11, 4262.69it/s]51039it [00:11, 4464.02it/s]51523it [00:11, 4570.46it/s]52001it [00:11, 4628.89it/s]52486it [00:12, 4692.28it/s]52962it [00:12, 4683.46it/s]53450it [00:12, 4738.96it/s]53951it [00:12, 4814.70it/s]54435it [00:12, 4156.76it/s]54900it [00:12, 4290.56it/s]55359it [00:12, 4374.12it/s]55807it [00:12, 4376.91it/s]56370it [00:12, 4689.91it/s]56921it [00:12, 4907.61it/s]57480it [00:13, 5092.13it/s]57999it [00:13, 5049.76it/s]58511it [00:13, 5040.14it/s]59020it [00:13, 4256.53it/s]59551it [00:13, 4525.41it/s]60081it [00:13, 4731.32it/s]60600it [00:13, 4859.78it/s]61100it [00:13, 4875.62it/s]61597it [00:13, 4872.25it/s]61865it [00:14, 4417.06it/s]
  0% 0/61865 [00:00<?, ?it/s]  2% 1232/61865 [00:01<00:57, 1062.96it/s] 77% 47843/61865 [00:02<00:09, 1503.08it/s]100% 61865/61865 [00:02<00:00, 27689.39it/s]
  0% 0/61865 [00:00<?, ?it/s]  1% 488/61865 [00:00<00:12, 4874.72it/s]  2% 987/61865 [00:00<00:12, 4907.52it/s]  2% 1382/61865 [00:00<00:13, 4571.72it/s]  3% 1782/61865 [00:00<00:13, 4380.56it/s]  4% 2183/61865 [00:00<00:14, 4262.09it/s]  4% 2603/61865 [00:00<00:13, 4242.69it/s]  5% 3084/61865 [00:00<00:13, 4396.40it/s]  6% 3558/61865 [00:00<00:12, 4493.90it/s]  6% 3983/61865 [00:00<00:13, 4292.11it/s]  7% 4397/61865 [00:01<00:13, 4148.38it/s]  8% 4802/61865 [00:01<00:13, 4116.81it/s]  8% 5207/61865 [00:01<00:14, 3974.05it/s]  9% 5603/61865 [00:01<00:14, 3969.45it/s] 10% 6008/61865 [00:01<00:13, 3992.81it/s] 10% 6406/61865 [00:01<00:14, 3926.71it/s] 11% 6798/61865 [00:01<00:14, 3857.87it/s] 12% 7184/61865 [00:01<00:14, 3832.65it/s] 12% 7567/61865 [00:01<00:14, 3708.99it/s] 13% 7964/61865 [00:01<00:14, 3782.75it/s] 13% 8344/61865 [00:02<00:14, 3779.55it/s] 14% 8755/61865 [00:02<00:13, 3871.00it/s] 15% 9173/61865 [00:02<00:13, 3957.34it/s] 15% 9577/61865 [00:02<00:13, 3980.48it/s] 16% 9976/61865 [00:02<00:13, 3911.95it/s] 17% 10369/61865 [00:02<00:13, 3890.91it/s] 17% 10759/61865 [00:02<00:13, 3812.10it/s] 18% 11141/61865 [00:02<00:13, 3714.22it/s] 19% 11552/61865 [00:02<00:13, 3823.47it/s] 19% 11957/61865 [00:02<00:12, 3887.41it/s] 20% 12383/61865 [00:03<00:12, 3990.99it/s] 21% 12784/61865 [00:03<00:12, 3897.44it/s] 21% 13176/61865 [00:03<00:12, 3899.25it/s] 22% 13581/61865 [00:03<00:12, 3942.40it/s] 23% 13984/61865 [00:03<00:12, 3965.26it/s] 23% 14382/61865 [00:03<00:12, 3951.27it/s] 24% 14778/61865 [00:03<00:12, 3904.07it/s] 25% 15169/61865 [00:03<00:12, 3846.02it/s] 25% 15555/61865 [00:03<00:12, 3825.07it/s] 26% 15943/61865 [00:04<00:11, 3839.31it/s] 26% 16328/61865 [00:04<00:11, 3803.12it/s] 27% 16732/61865 [00:04<00:11, 3870.99it/s] 28% 17151/61865 [00:04<00:11, 3959.59it/s] 28% 17550/61865 [00:04<00:11, 3967.95it/s] 29% 17957/61865 [00:04<00:10, 3995.04it/s] 30% 18357/61865 [00:04<00:11, 3899.79it/s] 30% 18748/61865 [00:04<00:11, 3859.25it/s] 31% 19135/61865 [00:04<00:11, 3801.31it/s] 32% 19551/61865 [00:04<00:10, 3899.77it/s] 32% 19973/61865 [00:05<00:10, 3989.00it/s] 33% 20374/61865 [00:05<00:10, 3987.55it/s] 34% 20774/61865 [00:05<00:10, 3933.18it/s] 34% 21169/61865 [00:05<00:10, 3901.53it/s] 35% 21560/61865 [00:05<00:10, 3858.01it/s] 35% 21947/61865 [00:05<00:10, 3846.99it/s] 36% 22357/61865 [00:05<00:10, 3917.45it/s] 37% 22787/61865 [00:05<00:09, 4023.53it/s] 38% 23200/61865 [00:05<00:09, 4053.65it/s] 38% 23607/61865 [00:05<00:09, 3956.08it/s] 39% 24004/61865 [00:06<00:09, 3934.48it/s] 39% 24399/61865 [00:06<00:09, 3921.38it/s] 40% 24806/61865 [00:06<00:09, 3964.72it/s] 41% 25233/61865 [00:06<00:09, 4050.93it/s] 41% 25647/61865 [00:06<00:08, 4074.71it/s] 42% 26056/61865 [00:06<00:08, 4038.60it/s] 43% 26461/61865 [00:06<00:08, 3958.75it/s] 43% 26858/61865 [00:06<00:09, 3872.06it/s] 44% 27247/61865 [00:06<00:08, 3868.12it/s] 45% 27654/61865 [00:06<00:08, 3923.58it/s] 45% 28074/61865 [00:07<00:08, 4002.27it/s] 46% 28481/61865 [00:07<00:08, 4021.53it/s] 47% 28884/61865 [00:07<00:08, 3895.64it/s] 47% 29275/61865 [00:07<00:08, 3866.10it/s] 48% 29670/61865 [00:07<00:08, 3890.49it/s] 49% 30063/61865 [00:07<00:08, 3901.54it/s] 49% 30468/61865 [00:07<00:07, 3943.59it/s] 50% 30880/61865 [00:07<00:07, 3993.58it/s] 51% 31280/61865 [00:07<00:07, 3986.68it/s] 51% 31680/61865 [00:07<00:07, 3938.00it/s] 52% 32075/61865 [00:08<00:07, 3938.86it/s] 52% 32470/61865 [00:08<00:07, 3903.95it/s] 53% 32863/61865 [00:08<00:07, 3911.22it/s] 54% 33303/61865 [00:08<00:07, 4045.93it/s] 54% 33715/61865 [00:08<00:06, 4064.68it/s] 55% 34123/61865 [00:08<00:06, 4046.17it/s] 56% 34529/61865 [00:08<00:06, 3975.22it/s] 56% 34928/61865 [00:08<00:06, 3923.63it/s] 57% 35322/61865 [00:08<00:06, 3831.17it/s] 58% 35707/61865 [00:09<00:07, 3732.04it/s] 58% 36096/61865 [00:09<00:06, 3776.02it/s] 59% 36501/61865 [00:09<00:06, 3853.08it/s] 60% 36920/61865 [00:09<00:06, 3943.53it/s] 60% 37316/61865 [00:09<00:06, 3880.82it/s] 61% 37711/61865 [00:09<00:06, 3901.11it/s] 62% 38102/61865 [00:09<00:06, 3890.52it/s] 62% 38492/61865 [00:09<00:06, 3867.98it/s] 63% 38880/61865 [00:09<00:05, 3831.62it/s] 63% 39265/61865 [00:09<00:05, 3835.78it/s] 64% 39649/61865 [00:10<00:05, 3824.93it/s] 65% 40032/61865 [00:10<00:05, 3812.61it/s] 65% 40414/61865 [00:10<00:05, 3799.61it/s] 66% 40795/61865 [00:10<00:05, 3763.88it/s] 67% 41221/61865 [00:10<00:05, 3899.21it/s] 67% 41620/61865 [00:10<00:05, 3923.23it/s] 68% 42023/61865 [00:10<00:05, 3954.43it/s] 69% 42420/61865 [00:10<00:04, 3917.17it/s] 69% 42813/61865 [00:10<00:04, 3867.18it/s] 70% 43206/61865 [00:10<00:04, 3884.28it/s] 71% 43617/61865 [00:11<00:04, 3948.45it/s] 71% 44013/61865 [00:11<00:04, 3951.75it/s] 72% 44426/61865 [00:11<00:04, 4002.22it/s] 72% 44827/61865 [00:11<00:04, 3964.56it/s] 73% 45224/61865 [00:11<00:04, 3944.83it/s] 74% 45619/61865 [00:11<00:04, 3874.12it/s] 74% 46007/61865 [00:11<00:04, 3818.58it/s] 75% 46390/61865 [00:11<00:04, 3818.10it/s] 76% 46773/61865 [00:11<00:04, 3765.31it/s] 76% 47168/61865 [00:11<00:03, 3818.69it/s] 77% 47551/61865 [00:12<00:03, 3815.42it/s] 77% 47933/61865 [00:12<00:03, 3752.81it/s] 78% 48309/61865 [00:12<00:03, 3744.46it/s] 79% 48685/61865 [00:12<00:03, 3745.99it/s] 79% 49093/61865 [00:12<00:03, 3838.86it/s] 80% 49490/61865 [00:12<00:03, 3875.21it/s] 81% 49879/61865 [00:12<00:03, 3868.96it/s] 81% 50267/61865 [00:12<00:03, 3749.20it/s] 82% 50644/61865 [00:12<00:03, 3710.38it/s] 82% 51016/61865 [00:13<00:02, 3688.61it/s] 83% 51409/61865 [00:13<00:02, 3756.97it/s] 84% 51788/61865 [00:13<00:02, 3763.58it/s] 84% 52182/61865 [00:13<00:02, 3813.26it/s] 85% 52564/61865 [00:13<00:02, 3714.91it/s] 86% 52937/61865 [00:13<00:02, 3693.54it/s] 86% 53308/61865 [00:13<00:02, 3650.05it/s] 87% 53685/61865 [00:13<00:02, 3682.89it/s] 87% 54054/61865 [00:13<00:02, 3677.66it/s] 88% 54438/61865 [00:13<00:01, 3722.88it/s] 89% 54830/61865 [00:14<00:01, 3778.93it/s] 89% 55209/61865 [00:14<00:01, 3657.28it/s] 90% 55576/61865 [00:14<00:01, 3498.22it/s] 90% 55947/61865 [00:14<00:01, 3557.95it/s] 91% 56369/61865 [00:14<00:01, 3732.60it/s] 92% 56746/61865 [00:14<00:01, 3695.76it/s] 92% 57119/61865 [00:14<00:01, 3564.17it/s] 93% 57479/61865 [00:14<00:01, 3258.85it/s] 93% 57812/61865 [00:14<00:01, 3031.68it/s] 94% 58124/61865 [00:15<00:01, 2856.94it/s] 94% 58418/61865 [00:15<00:01, 2774.64it/s] 95% 58753/61865 [00:15<00:01, 2923.26it/s] 96% 59162/61865 [00:15<00:00, 3196.78it/s] 96% 59572/61865 [00:15<00:00, 3421.34it/s] 97% 59927/61865 [00:15<00:00, 3392.86it/s] 97% 60276/61865 [00:15<00:00, 3360.52it/s] 98% 60655/61865 [00:15<00:00, 3478.35it/s] 99% 61056/61865 [00:15<00:00, 3620.73it/s] 99% 61471/61865 [00:15<00:00, 3764.37it/s]100% 61865/61865 [00:16<00:00, 3849.80it/s]
Number of tasks = 645
Splitting data with seed 0
  0% 0/61865 [00:00<?, ?it/s]  1% 443/61865 [00:00<00:13, 4421.18it/s]  1% 859/61865 [00:00<00:14, 4339.21it/s]  2% 1270/61865 [00:00<00:14, 4265.00it/s]  3% 1646/61865 [00:00<00:14, 4097.42it/s]  3% 2043/61865 [00:00<00:14, 4056.52it/s]  4% 2432/61865 [00:00<00:14, 4004.34it/s]  4% 2782/61865 [00:00<00:15, 3814.53it/s]  5% 3187/61865 [00:00<00:15, 3881.00it/s]  6% 3586/61865 [00:00<00:14, 3911.17it/s]  6% 3961/61865 [00:01<00:15, 3679.81it/s]  7% 4321/61865 [00:01<00:15, 3633.10it/s]  8% 4723/61865 [00:01<00:15, 3739.40it/s]  8% 5094/61865 [00:01<00:15, 3699.87it/s]  9% 5462/61865 [00:01<00:16, 3495.31it/s]  9% 5813/61865 [00:01<00:16, 3405.88it/s] 10% 6155/61865 [00:01<00:16, 3356.98it/s] 10% 6492/61865 [00:01<00:16, 3304.37it/s] 11% 6852/61865 [00:01<00:16, 3386.82it/s] 12% 7210/61865 [00:01<00:15, 3439.94it/s] 12% 7555/61865 [00:02<00:16, 3355.59it/s] 13% 7892/61865 [00:02<00:16, 3334.14it/s] 13% 8227/61865 [00:02<00:17, 3065.33it/s] 14% 8539/61865 [00:02<00:17, 3046.53it/s] 14% 8848/61865 [00:02<00:17, 3031.42it/s] 15% 9207/61865 [00:02<00:16, 3179.54it/s] 15% 9569/61865 [00:02<00:15, 3299.66it/s] 16% 9923/61865 [00:02<00:15, 3367.44it/s] 17% 10263/61865 [00:02<00:15, 3355.96it/s] 17% 10601/61865 [00:03<00:15, 3332.85it/s] 18% 10936/61865 [00:03<00:15, 3271.15it/s] 18% 11294/61865 [00:03<00:15, 3355.19it/s] 19% 11638/61865 [00:03<00:14, 3379.72it/s] 19% 11986/61865 [00:03<00:14, 3406.31it/s] 20% 12330/61865 [00:03<00:14, 3416.27it/s] 20% 12674/61865 [00:03<00:14, 3420.91it/s] 21% 13017/61865 [00:03<00:14, 3379.75it/s] 22% 13381/61865 [00:03<00:14, 3451.74it/s] 22% 13730/61865 [00:03<00:13, 3461.77it/s] 23% 14077/61865 [00:04<00:13, 3442.09it/s] 23% 14422/61865 [00:04<00:14, 3339.76it/s] 24% 14757/61865 [00:04<00:14, 3289.50it/s] 24% 15087/61865 [00:04<00:14, 3263.88it/s] 25% 15428/61865 [00:04<00:14, 3305.65it/s] 25% 15760/61865 [00:04<00:14, 3255.99it/s] 26% 16111/61865 [00:04<00:13, 3326.54it/s] 27% 16485/61865 [00:04<00:13, 3439.90it/s] 27% 16897/61865 [00:04<00:12, 3618.45it/s] 28% 17263/61865 [00:04<00:12, 3600.09it/s] 28% 17626/61865 [00:05<00:12, 3580.52it/s] 29% 17987/61865 [00:05<00:12, 3587.30it/s] 30% 18348/61865 [00:05<00:12, 3591.17it/s] 30% 18730/61865 [00:05<00:11, 3654.53it/s] 31% 19105/61865 [00:05<00:11, 3678.93it/s] 32% 19496/61865 [00:05<00:11, 3745.27it/s] 32% 19872/61865 [00:05<00:11, 3680.85it/s] 33% 20241/61865 [00:05<00:11, 3617.40it/s] 33% 20604/61865 [00:05<00:11, 3557.05it/s] 34% 20961/61865 [00:05<00:11, 3544.54it/s] 34% 21326/61865 [00:06<00:11, 3573.99it/s] 35% 21687/61865 [00:06<00:11, 3581.72it/s] 36% 22104/61865 [00:06<00:10, 3739.99it/s] 36% 22481/61865 [00:06<00:10, 3675.99it/s] 37% 22851/61865 [00:06<00:10, 3664.98it/s] 38% 23229/61865 [00:06<00:10, 3697.04it/s] 38% 23623/61865 [00:06<00:10, 3763.67it/s] 39% 24017/61865 [00:06<00:09, 3812.65it/s] 39% 24407/61865 [00:06<00:09, 3836.69it/s] 40% 24792/61865 [00:06<00:09, 3830.90it/s] 41% 25176/61865 [00:07<00:09, 3803.68it/s] 41% 25571/61865 [00:07<00:09, 3843.75it/s] 42% 25981/61865 [00:07<00:09, 3915.62it/s] 43% 26394/61865 [00:07<00:08, 3977.50it/s] 43% 26793/61865 [00:07<00:08, 3979.79it/s] 44% 27195/61865 [00:07<00:08, 3991.09it/s] 45% 27595/61865 [00:07<00:08, 3950.21it/s] 45% 27991/61865 [00:07<00:08, 3835.31it/s] 46% 28376/61865 [00:07<00:09, 3679.80it/s] 46% 28751/61865 [00:08<00:08, 3699.98it/s] 47% 29123/61865 [00:08<00:09, 3625.34it/s] 48% 29503/61865 [00:08<00:08, 3674.13it/s] 48% 29907/61865 [00:08<00:08, 3774.10it/s] 49% 30298/61865 [00:08<00:08, 3813.52it/s] 50% 30699/61865 [00:08<00:08, 3869.53it/s] 50% 31105/61865 [00:08<00:07, 3924.00it/s] 51% 31505/61865 [00:08<00:07, 3943.97it/s] 52% 31916/61865 [00:08<00:07, 3989.18it/s] 52% 32316/61865 [00:08<00:07, 3953.70it/s] 53% 32712/61865 [00:09<00:07, 3891.99it/s] 54% 33102/61865 [00:09<00:07, 3879.04it/s] 54% 33500/61865 [00:09<00:07, 3908.05it/s] 55% 33895/61865 [00:09<00:07, 3919.85it/s] 55% 34293/61865 [00:09<00:07, 3936.09it/s] 56% 34687/61865 [00:09<00:06, 3920.47it/s] 57% 35080/61865 [00:09<00:07, 3815.86it/s] 57% 35463/61865 [00:09<00:06, 3775.41it/s] 58% 35842/61865 [00:09<00:06, 3759.17it/s] 59% 36221/61865 [00:09<00:06, 3765.51it/s] 59% 36598/61865 [00:10<00:06, 3760.82it/s] 60% 36982/61865 [00:10<00:06, 3782.85it/s] 60% 37376/61865 [00:10<00:06, 3826.30it/s] 61% 37792/61865 [00:10<00:06, 3919.15it/s] 62% 38205/61865 [00:10<00:05, 3978.34it/s] 62% 38604/61865 [00:10<00:05, 3963.66it/s] 63% 39017/61865 [00:10<00:05, 4011.47it/s] 64% 39419/61865 [00:10<00:05, 3905.05it/s] 64% 39811/61865 [00:10<00:05, 3808.18it/s] 65% 40194/61865 [00:10<00:05, 3745.39it/s] 66% 40570/61865 [00:11<00:05, 3626.32it/s] 66% 40954/61865 [00:11<00:05, 3685.66it/s] 67% 41364/61865 [00:11<00:05, 3800.28it/s] 67% 41750/61865 [00:11<00:05, 3816.53it/s] 68% 42133/61865 [00:11<00:05, 3698.83it/s] 69% 42505/61865 [00:11<00:05, 3553.19it/s] 69% 42863/61865 [00:11<00:05, 3497.09it/s] 70% 43215/61865 [00:11<00:05, 3499.90it/s] 70% 43567/61865 [00:11<00:05, 3474.90it/s] 71% 43916/61865 [00:12<00:05, 3453.59it/s] 72% 44266/61865 [00:12<00:05, 3462.68it/s] 72% 44624/61865 [00:12<00:04, 3494.90it/s] 73% 44975/61865 [00:12<00:04, 3497.59it/s] 73% 45332/61865 [00:12<00:04, 3518.93it/s] 74% 45685/61865 [00:12<00:04, 3500.60it/s] 74% 46060/61865 [00:12<00:04, 3571.29it/s] 75% 46418/61865 [00:12<00:04, 3566.65it/s] 76% 46776/61865 [00:12<00:04, 3495.39it/s] 76% 47138/61865 [00:12<00:04, 3530.83it/s] 77% 47492/61865 [00:13<00:04, 3520.05it/s] 77% 47845/61865 [00:13<00:04, 3493.96it/s] 78% 48220/61865 [00:13<00:03, 3566.07it/s] 79% 48578/61865 [00:13<00:03, 3518.24it/s] 79% 48931/61865 [00:13<00:03, 3506.18it/s] 80% 49283/61865 [00:13<00:03, 3377.30it/s] 80% 49623/61865 [00:13<00:03, 3319.82it/s] 81% 49957/61865 [00:13<00:03, 3232.27it/s] 81% 50282/61865 [00:13<00:03, 3207.80it/s] 82% 50604/61865 [00:13<00:03, 3181.14it/s] 82% 50927/61865 [00:14<00:03, 3194.26it/s] 83% 51247/61865 [00:14<00:03, 3132.74it/s] 83% 51561/61865 [00:14<00:03, 3057.63it/s] 84% 51868/61865 [00:14<00:03, 3040.14it/s] 84% 52179/61865 [00:14<00:03, 3059.69it/s] 85% 52486/61865 [00:14<00:03, 3050.65it/s] 85% 52824/61865 [00:14<00:02, 3141.01it/s] 86% 53139/61865 [00:14<00:02, 3121.61it/s] 86% 53452/61865 [00:14<00:02, 2881.74it/s] 87% 53781/61865 [00:15<00:02, 2982.78it/s] 87% 54088/61865 [00:15<00:02, 3006.58it/s] 88% 54409/61865 [00:15<00:02, 3064.02it/s] 89% 54763/61865 [00:15<00:02, 3192.78it/s] 89% 55106/61865 [00:15<00:02, 3260.19it/s] 90% 55435/61865 [00:15<00:02, 2967.89it/s] 90% 55749/61865 [00:15<00:02, 3004.85it/s] 91% 56082/61865 [00:15<00:01, 3094.38it/s] 91% 56427/61865 [00:15<00:01, 3192.92it/s] 92% 56750/61865 [00:15<00:01, 3119.29it/s] 92% 57065/61865 [00:16<00:01, 2988.60it/s] 93% 57368/61865 [00:16<00:01, 2668.05it/s] 93% 57644/61865 [00:16<00:01, 2371.23it/s] 94% 57894/61865 [00:16<00:01, 2184.35it/s] 94% 58124/61865 [00:16<00:01, 2100.24it/s] 94% 58343/61865 [00:16<00:01, 2089.27it/s] 95% 58559/61865 [00:16<00:01, 2033.96it/s] 95% 58873/61865 [00:16<00:01, 2273.24it/s] 96% 59252/61865 [00:17<00:01, 2583.32it/s] 96% 59606/61865 [00:17<00:00, 2810.64it/s] 97% 59910/61865 [00:17<00:00, 2854.74it/s] 97% 60229/61865 [00:17<00:00, 2947.18it/s] 98% 60611/61865 [00:17<00:00, 3163.59it/s] 99% 60971/61865 [00:17<00:00, 3282.75it/s] 99% 61346/61865 [00:17<00:00, 3408.78it/s]100% 61706/61865 [00:17<00:00, 3462.35it/s]100% 61865/61865 [00:17<00:00, 3472.61it/s]
Total scaffolds = 30,615 | train scaffolds = 24,639 | val scaffolds = 3,133 | test scaffolds = 2,843
/home/apappu/thesis/molecule-metalearning/chemprop/chemprop/data/scaffold.py:152: RuntimeWarning: Mean of empty slice
  target_avgs.append(np.nanmean(targets, axis=0))
Label averages per scaffold, in decreasing order of scaffold frequency,capped at 10 scaffolds and 20 labels: [(array([nan, nan, nan, nan, nan, nan, nan, nan, nan, nan, nan, nan, nan,
       nan, nan, nan, nan, nan, nan, nan]), array([0, 0, 0, 0, 0, 0, 0, 0, 0, 0, 0, 0, 0, 0, 0, 0, 0, 0, 0, 0])), (array([nan, nan, nan, nan, nan, nan, nan, nan, nan, nan, nan, nan, nan,
       nan, nan, 0.5, nan, nan, nan, nan]), array([0, 0, 0, 0, 0, 0, 0, 0, 0, 0, 0, 0, 0, 0, 0, 2, 0, 0, 0, 0])), (array([nan, nan, nan, nan, nan, nan, nan, nan, nan, nan, nan, nan, nan,
       nan, nan, nan, nan, nan, nan, nan]), array([0, 0, 0, 0, 0, 0, 0, 0, 0, 0, 0, 0, 0, 0, 0, 0, 0, 0, 0, 0])), (array([nan, nan, nan, nan, nan, nan, nan, nan, nan, nan, nan, nan, nan,
       nan, nan, nan, nan, nan, nan, nan]), array([0, 0, 0, 0, 0, 0, 0, 0, 0, 0, 0, 0, 0, 0, 0, 0, 0, 0, 0, 0])), (array([nan, nan, nan, nan, nan, nan, nan, nan, nan, nan, nan, nan, nan,
       nan, nan, nan, nan, nan, nan, nan]), array([0, 0, 0, 0, 0, 0, 0, 0, 0, 0, 0, 0, 0, 0, 0, 0, 0, 0, 0, 0])), (array([nan, nan, nan, nan, nan, nan, nan, nan, nan, nan, nan, nan, nan,
       nan, nan, nan, nan, nan, nan, nan]), array([0, 0, 0, 0, 0, 0, 0, 0, 0, 0, 0, 0, 0, 0, 0, 0, 0, 0, 0, 0])), (array([nan, nan, nan, nan, nan, nan, nan, nan, nan, nan, nan, nan, nan,
       nan, nan, nan, nan, nan, nan, nan]), array([0, 0, 0, 0, 0, 0, 0, 0, 0, 0, 0, 0, 0, 0, 0, 0, 0, 0, 0, 0])), (array([nan, nan, nan, nan, nan, nan, nan, nan, nan, nan, nan, nan, nan,
       nan, nan, nan, nan, nan, nan, nan]), array([0, 0, 0, 0, 0, 0, 0, 0, 0, 0, 0, 0, 0, 0, 0, 0, 0, 0, 0, 0])), (array([nan, nan, nan, nan, nan, nan, nan, nan, nan, nan, nan, nan, nan,
       nan, nan, nan, nan, nan, nan, nan]), array([0, 0, 0, 0, 0, 0, 0, 0, 0, 0, 0, 0, 0, 0, 0, 0, 0, 0, 0, 0])), (array([nan, nan, nan, nan, nan, nan, nan, nan, nan, nan, nan, nan, nan,
       nan, nan, nan, nan, nan, nan, nan]), array([0, 0, 0, 0, 0, 0, 0, 0, 0, 0, 0, 0, 0, 0, 0, 0, 0, 0, 0, 0]))]
Class sizes
CHEMBL1033994 0: 41.98%, 1: 58.02%
CHEMBL1119333 0: 9.59%, 1: 90.41%
CHEMBL1217000 0: 52.41%, 1: 47.59%
CHEMBL1243965 0: 17.11%, 1: 82.89%
CHEMBL1243966 0: 41.96%, 1: 58.04%
CHEMBL1243967 0: 10.17%, 1: 89.83%
CHEMBL1243968 0: 15.06%, 1: 84.94%
CHEMBL1243970 0: 6.91%, 1: 93.09%
CHEMBL1243972 0: 9.92%, 1: 90.08%
CHEMBL1243976 0: 28.99%, 1: 71.01%
CHEMBL1246087 0: 33.88%, 1: 66.12%
CHEMBL1246088 0: 48.37%, 1: 51.63%
CHEMBL1613762 0: 2.45%, 1: 97.55%
CHEMBL1613779 0: 58.47%, 1: 41.53%
CHEMBL1613785 0: 43.22%, 1: 56.78%
CHEMBL1613787 0: 69.08%, 1: 30.92%
CHEMBL1613807 0: 95.99%, 1: 4.01%
CHEMBL1613813 0: 44.20%, 1: 55.80%
CHEMBL1613814 0: 53.85%, 1: 46.15%
CHEMBL1613817 0: 84.86%, 1: 15.14%
CHEMBL1613853 0: 41.86%, 1: 58.14%
CHEMBL1613861 0: 14.47%, 1: 85.53%
CHEMBL1613864 0: 5.19%, 1: 94.81%
CHEMBL1613867 0: 97.13%, 1: 2.87%
CHEMBL1613870 0: 15.80%, 1: 84.20%
CHEMBL1613871 0: 6.15%, 1: 93.85%
CHEMBL1613874 0: 65.78%, 1: 34.22%
CHEMBL1613876 0: 54.35%, 1: 45.65%
CHEMBL1613884 0: 21.51%, 1: 78.49%
CHEMBL1613890 0: 34.85%, 1: 65.15%
CHEMBL1613897 0: 46.64%, 1: 53.36%
CHEMBL1613898 0: 75.45%, 1: 24.55%
CHEMBL1613904 0: 50.77%, 1: 49.23%
CHEMBL1613907 0: 5.34%, 1: 94.66%
CHEMBL1613926 0: 30.15%, 1: 69.85%
CHEMBL1613928 0: 45.90%, 1: 54.10%
CHEMBL1613929 0: 81.25%, 1: 18.75%
CHEMBL1613941 0: 32.58%, 1: 67.42%
CHEMBL1613942 0: 41.43%, 1: 58.57%
CHEMBL1613947 0: 46.01%, 1: 53.99%
CHEMBL1613949 0: 60.13%, 1: 39.87%
CHEMBL1613950 0: 43.05%, 1: 56.95%
CHEMBL1613955 0: 54.04%, 1: 45.96%
CHEMBL1613962 0: 24.26%, 1: 75.74%
CHEMBL1613967 0: 44.59%, 1: 55.41%
CHEMBL1613981 0: 58.85%, 1: 41.15%
CHEMBL1613991 0: 14.98%, 1: 85.02%
CHEMBL1613997 0: 7.73%, 1: 92.27%
CHEMBL1614001 0: 98.28%, 1: 1.72%
CHEMBL1614004 0: 14.66%, 1: 85.34%
CHEMBL1614016 0: 12.22%, 1: 87.78%
CHEMBL1614030 0: 19.96%, 1: 80.04%
CHEMBL1614034 0: 2.63%, 1: 97.37%
CHEMBL1614035 0: 77.14%, 1: 22.86%
CHEMBL1614049 0: 39.63%, 1: 60.37%
CHEMBL1614053 0: 42.48%, 1: 57.52%
CHEMBL1614063 0: 95.18%, 1: 4.82%
CHEMBL1614065 0: 9.71%, 1: 90.29%
CHEMBL1614066 0: 94.74%, 1: 5.26%
CHEMBL1614069 0: 56.82%, 1: 43.18%
CHEMBL1614072 0: 50.36%, 1: 49.64%
CHEMBL1614084 0: 13.26%, 1: 86.74%
CHEMBL1614091 0: 4.43%, 1: 95.57%
CHEMBL1614092 0: 47.50%, 1: 52.50%
CHEMBL1614097 0: 46.99%, 1: 53.01%
CHEMBL1614098 0: 97.25%, 1: 2.75%
CHEMBL1614104 0: 7.74%, 1: 92.26%
CHEMBL1614105 0: 6.12%, 1: 93.88%
CHEMBL1614109 0: 59.87%, 1: 40.13%
CHEMBL1614128 0: 10.35%, 1: 89.65%
CHEMBL1614131 0: 97.14%, 1: 2.86%
CHEMBL1614132 0: 42.07%, 1: 57.93%
CHEMBL1614138 0: 67.83%, 1: 32.17%
CHEMBL1614155 0: 25.40%, 1: 74.60%
CHEMBL1614158 0: 74.52%, 1: 25.48%
CHEMBL1614167 0: 16.17%, 1: 83.83%
CHEMBL1614170 0: 68.86%, 1: 31.14%
CHEMBL1614171 0: 93.77%, 1: 6.23%
CHEMBL1614175 0: 80.66%, 1: 19.34%
CHEMBL1614185 0: 26.17%, 1: 73.83%
CHEMBL1614197 0: 5.26%, 1: 94.74%
CHEMBL1614199 0: 49.66%, 1: 50.34%
CHEMBL1614202 0: 7.32%, 1: 92.68%
CHEMBL1614215 0: 52.76%, 1: 47.24%
CHEMBL1614216 0: 48.52%, 1: 51.48%
CHEMBL1614218 0: 22.36%, 1: 77.64%
CHEMBL1614225 0: 62.50%, 1: 37.50%
CHEMBL1614244 0: 38.85%, 1: 61.15%
CHEMBL1614247 0: 44.34%, 1: 55.66%
CHEMBL1614252 0: 60.11%, 1: 39.89%
CHEMBL1614255 0: 61.26%, 1: 38.74%
CHEMBL1614259 0: 32.82%, 1: 67.18%
CHEMBL1614272 0: 67.71%, 1: 32.29%
CHEMBL1614276 0: 51.74%, 1: 48.26%
CHEMBL1614287 0: 85.53%, 1: 14.47%
CHEMBL1614288 0: 72.51%, 1: 27.49%
CHEMBL1614290 0: 4.51%, 1: 95.49%
CHEMBL1614295 0: 2.29%, 1: 97.71%
CHEMBL1614301 0: 19.74%, 1: 80.26%
CHEMBL1614304 0: 63.76%, 1: 36.24%
CHEMBL1614309 0: 27.66%, 1: 72.34%
CHEMBL1614311 0: 53.76%, 1: 46.24%
CHEMBL1614314 0: 94.70%, 1: 5.30%
CHEMBL1614319 0: 72.16%, 1: 27.84%
CHEMBL1614320 0: 29.79%, 1: 70.21%
CHEMBL1614321 0: 60.16%, 1: 39.84%
CHEMBL1614328 0: 46.64%, 1: 53.36%
CHEMBL1614329 0: 40.69%, 1: 59.31%
CHEMBL1614336 0: 47.01%, 1: 52.99%
CHEMBL1614344 0: 67.72%, 1: 32.28%
CHEMBL1614356 0: 43.90%, 1: 56.10%
CHEMBL1614359 0: 50.26%, 1: 49.74%
CHEMBL1614363 0: 53.19%, 1: 46.81%
CHEMBL1614385 0: 93.27%, 1: 6.73%
CHEMBL1614388 0: 56.19%, 1: 43.81%
CHEMBL1614393 0: 45.00%, 1: 55.00%
CHEMBL1614395 0: 11.32%, 1: 88.68%
CHEMBL1614403 0: 88.15%, 1: 11.85%
CHEMBL1614423 0: 57.84%, 1: 42.16%
CHEMBL1614425 0: 38.24%, 1: 61.76%
CHEMBL1614433 0: 60.77%, 1: 39.23%
CHEMBL1614434 0: 80.25%, 1: 19.75%
CHEMBL1614456 0: 3.36%, 1: 96.64%
CHEMBL1614466 0: 10.32%, 1: 89.68%
CHEMBL1614469 0: 24.90%, 1: 75.10%
CHEMBL1614477 0: 43.75%, 1: 56.25%
CHEMBL1614478 0: 12.50%, 1: 87.50%
CHEMBL1614480 0: 85.71%, 1: 14.29%
CHEMBL1614484 0: 9.01%, 1: 90.99%
CHEMBL1614492 0: 40.54%, 1: 59.46%
CHEMBL1614499 0: 44.47%, 1: 55.53%
CHEMBL1614503 0: 40.30%, 1: 59.70%
CHEMBL1614504 0: 17.80%, 1: 82.20%
CHEMBL1614509 0: 79.43%, 1: 20.57%
CHEMBL1614512 0: 62.79%, 1: 37.21%
CHEMBL1614514 0: 83.07%, 1: 16.93%
CHEMBL1614515 0: 19.61%, 1: 80.39%
CHEMBL1614516 0: 96.81%, 1: 3.19%
CHEMBL1614522 0: 28.55%, 1: 71.45%
CHEMBL1614524 0: 12.98%, 1: 87.02%
CHEMBL1614528 0: 40.91%, 1: 59.09%
CHEMBL1614547 0: 72.51%, 1: 27.49%
CHEMBL1614548 0: 17.95%, 1: 82.05%
CHEMBL1614549 0: 84.25%, 1: 15.75%
CHEMBL1614550 0: 9.30%, 1: 90.70%
CHEMBL1614554 0: 71.64%, 1: 28.36%
CHEMBL1676103 0: 39.85%, 1: 60.15%
CHEMBL1737860 0: 3.60%, 1: 96.40%
CHEMBL1737863 0: 36.27%, 1: 63.73%
CHEMBL1737865 0: 61.01%, 1: 38.99%
CHEMBL1737868 0: 79.41%, 1: 20.59%
CHEMBL1737910 0: 45.71%, 1: 54.29%
CHEMBL1737912 0: 26.51%, 1: 73.49%
CHEMBL1737942 0: 44.52%, 1: 55.48%
CHEMBL1737951 0: 51.83%, 1: 48.17%
CHEMBL1737961 0: 93.34%, 1: 6.66%
CHEMBL1737966 0: 21.36%, 1: 78.64%
CHEMBL1737967 0: 89.17%, 1: 10.83%
CHEMBL1737977 0: 13.87%, 1: 86.13%
CHEMBL1737978 0: 18.18%, 1: 81.82%
CHEMBL1737979 0: 8.94%, 1: 91.06%
CHEMBL1738019 0: 24.85%, 1: 75.15%
CHEMBL1738021 0: 10.87%, 1: 89.13%
CHEMBL1738025 0: 33.80%, 1: 66.20%
CHEMBL1738040 0: 73.48%, 1: 26.52%
CHEMBL1738043 0: 46.43%, 1: 53.57%
CHEMBL1738079 0: 3.88%, 1: 96.12%
CHEMBL1738080 0: 76.43%, 1: 23.57%
CHEMBL1738091 0: 89.77%, 1: 10.23%
CHEMBL1738097 0: 72.41%, 1: 27.59%
CHEMBL1738131 0: 68.59%, 1: 31.41%
CHEMBL1738164 0: 79.79%, 1: 20.21%
CHEMBL1738171 0: 85.45%, 1: 14.55%
CHEMBL1738183 0: 59.62%, 1: 40.38%
CHEMBL1738197 0: 36.90%, 1: 63.10%
CHEMBL1738202 0: 3.47%, 1: 96.53%
CHEMBL1738242 0: 16.55%, 1: 83.45%
CHEMBL1738249 0: 86.53%, 1: 13.47%
CHEMBL1738253 0: 7.33%, 1: 92.67%
CHEMBL1738319 0: 59.17%, 1: 40.83%
CHEMBL1738325 0: 96.86%, 1: 3.14%
CHEMBL1738362 0: 21.43%, 1: 78.57%
CHEMBL1738369 0: 56.34%, 1: 43.66%
CHEMBL1738371 0: 81.97%, 1: 18.03%
CHEMBL1738391 0: 68.38%, 1: 31.62%
CHEMBL1738400 0: 77.86%, 1: 22.14%
CHEMBL1738402 0: 54.19%, 1: 45.81%
CHEMBL1738407 0: 85.58%, 1: 14.42%
CHEMBL1738408 0: 2.18%, 1: 97.82%
CHEMBL1738414 0: 5.11%, 1: 94.89%
CHEMBL1738418 0: 68.85%, 1: 31.15%
CHEMBL1738422 0: 4.29%, 1: 95.71%
CHEMBL1738424 0: 77.50%, 1: 22.50%
CHEMBL1738430 0: 25.54%, 1: 74.46%
CHEMBL1738438 0: 2.76%, 1: 97.24%
CHEMBL1738482 0: 7.69%, 1: 92.31%
CHEMBL1738485 0: 17.65%, 1: 82.35%
CHEMBL1738494 0: 97.26%, 1: 2.74%
CHEMBL1738495 0: 1.70%, 1: 98.30%
CHEMBL1738497 0: 64.50%, 1: 35.50%
CHEMBL1738502 0: 15.20%, 1: 84.80%
CHEMBL1738510 0: 54.41%, 1: 45.59%
CHEMBL1738512 0: 3.05%, 1: 96.95%
CHEMBL1738513 0: 28.64%, 1: 71.36%
CHEMBL1738552 0: 64.70%, 1: 35.30%
CHEMBL1738575 0: 65.65%, 1: 34.35%
CHEMBL1738578 0: 23.30%, 1: 76.70%
CHEMBL1738579 0: 22.79%, 1: 77.21%
CHEMBL1738593 0: 17.65%, 1: 82.35%
CHEMBL1738599 0: 16.07%, 1: 83.93%
CHEMBL1738602 0: 42.70%, 1: 57.30%
CHEMBL1738610 0: 42.07%, 1: 57.93%
CHEMBL1738611 0: 2.23%, 1: 97.77%
CHEMBL1738632 0: 86.32%, 1: 13.68%
CHEMBL1738633 0: 4.05%, 1: 95.95%
CHEMBL1738639 0: 64.47%, 1: 35.53%
CHEMBL1738642 0: 34.82%, 1: 65.18%
CHEMBL1738670 0: 9.18%, 1: 90.82%
CHEMBL1738673 0: 12.98%, 1: 87.02%
CHEMBL1738679 0: 63.95%, 1: 36.05%
CHEMBL1738682 0: 62.45%, 1: 37.55%
CHEMBL1794296 0: 44.02%, 1: 55.98%
CHEMBL1794303 0: 2.71%, 1: 97.29%
CHEMBL1794320 0: 96.68%, 1: 3.32%
CHEMBL1794327 0: 91.59%, 1: 8.41%
CHEMBL1794336 0: 53.07%, 1: 46.93%
CHEMBL1794350 0: 3.44%, 1: 96.56%
CHEMBL1794355 0: 5.26%, 1: 94.74%
CHEMBL1794356 0: 13.92%, 1: 86.08%
CHEMBL1794358 0: 94.14%, 1: 5.86%
CHEMBL1794365 0: 7.12%, 1: 92.88%
CHEMBL1794383 0: 6.90%, 1: 93.10%
CHEMBL1794387 0: 65.04%, 1: 34.96%
CHEMBL1794393 0: 67.55%, 1: 32.45%
CHEMBL1794396 0: 3.96%, 1: 96.04%
CHEMBL1794410 0: 23.98%, 1: 76.02%
CHEMBL1794413 0: 6.02%, 1: 93.98%
CHEMBL1794438 0: 40.17%, 1: 59.83%
CHEMBL1794445 0: 87.84%, 1: 12.16%
CHEMBL1794452 0: 94.30%, 1: 5.70%
CHEMBL1794457 0: 92.98%, 1: 7.02%
CHEMBL1794460 0: 28.63%, 1: 71.37%
CHEMBL1794467 0: 18.39%, 1: 81.61%
CHEMBL1794475 0: 56.02%, 1: 43.98%
CHEMBL1794484 0: 44.93%, 1: 55.07%
CHEMBL1794494 0: 5.33%, 1: 94.67%
CHEMBL1794497 0: 8.47%, 1: 91.53%
CHEMBL1794499 0: 73.90%, 1: 26.10%
CHEMBL1794508 0: 94.63%, 1: 5.37%
CHEMBL1794516 0: 3.21%, 1: 96.79%
CHEMBL1794522 0: 58.65%, 1: 41.35%
CHEMBL1794528 0: 79.86%, 1: 20.14%
CHEMBL1794531 0: 92.03%, 1: 7.97%
CHEMBL1794548 0: 88.74%, 1: 11.26%
CHEMBL1794566 0: 6.05%, 1: 93.95%
CHEMBL1794567 0: 9.61%, 1: 90.39%
CHEMBL1794570 0: 92.79%, 1: 7.21%
CHEMBL1794571 0: 53.55%, 1: 46.45%
CHEMBL1794573 0: 10.54%, 1: 89.46%
CHEMBL1794574 0: 1.09%, 1: 98.91%
CHEMBL1794578 0: 46.99%, 1: 53.01%
CHEMBL1794581 0: 19.65%, 1: 80.35%
CHEMBL1863510 0: 2.14%, 1: 97.86%
CHEMBL1863512 0: 2.79%, 1: 97.21%
CHEMBL1909084 0: 99.28%, 1: 0.72%
CHEMBL1909085 0: 92.10%, 1: 7.90%
CHEMBL1909086 0: 91.52%, 1: 8.48%
CHEMBL1909087 0: 91.86%, 1: 8.14%
CHEMBL1909088 0: 87.97%, 1: 12.03%
CHEMBL1909089 0: 88.69%, 1: 11.31%
CHEMBL1909090 0: 90.81%, 1: 9.19%
CHEMBL1909091 0: 97.24%, 1: 2.76%
CHEMBL1909092 0: 97.14%, 1: 2.86%
CHEMBL1909093 0: 98.42%, 1: 1.58%
CHEMBL1909094 0: 90.85%, 1: 9.15%
CHEMBL1909095 0: 98.56%, 1: 1.44%
CHEMBL1909097 0: 99.28%, 1: 0.72%
CHEMBL1909102 0: 92.94%, 1: 7.06%
CHEMBL1909103 0: 97.23%, 1: 2.77%
CHEMBL1909104 0: 87.06%, 1: 12.94%
CHEMBL1909105 0: 88.70%, 1: 11.30%
CHEMBL1909106 0: 98.57%, 1: 1.43%
CHEMBL1909107 0: 97.86%, 1: 2.14%
CHEMBL1909108 0: 93.04%, 1: 6.96%
CHEMBL1909109 0: 90.35%, 1: 9.65%
CHEMBL1909110 0: 92.47%, 1: 7.53%
CHEMBL1909111 0: 94.03%, 1: 5.97%
CHEMBL1909112 0: 90.91%, 1: 9.09%
CHEMBL1909114 0: 96.50%, 1: 3.50%
CHEMBL1909115 0: 96.00%, 1: 4.00%
CHEMBL1909116 0: 96.98%, 1: 3.02%
CHEMBL1909121 0: 92.80%, 1: 7.20%
CHEMBL1909123 0: 99.16%, 1: 0.84%
CHEMBL1909124 0: 99.40%, 1: 0.60%
CHEMBL1909130 0: 95.56%, 1: 4.44%
CHEMBL1909131 0: 97.01%, 1: 2.99%
CHEMBL1909132 0: 96.15%, 1: 3.85%
CHEMBL1909134 0: 95.19%, 1: 4.81%
CHEMBL1909135 0: 95.76%, 1: 4.24%
CHEMBL1909136 0: 93.20%, 1: 6.80%
CHEMBL1909138 0: 96.16%, 1: 3.84%
CHEMBL1909139 0: 93.84%, 1: 6.16%
CHEMBL1909140 0: 93.87%, 1: 6.13%
CHEMBL1909141 0: 89.73%, 1: 10.27%
CHEMBL1909142 0: 99.04%, 1: 0.96%
CHEMBL1909143 0: 93.01%, 1: 6.99%
CHEMBL1909145 0: 97.97%, 1: 2.03%
CHEMBL1909148 0: 98.57%, 1: 1.43%
CHEMBL1909150 0: 95.10%, 1: 4.90%
CHEMBL1909156 0: 94.28%, 1: 5.72%
CHEMBL1909157 0: 96.38%, 1: 3.62%
CHEMBL1909158 0: 99.05%, 1: 0.95%
CHEMBL1909159 0: 93.18%, 1: 6.82%
CHEMBL1909165 0: 97.79%, 1: 2.21%
CHEMBL1909169 0: 98.32%, 1: 1.68%
CHEMBL1909170 0: 92.35%, 1: 7.65%
CHEMBL1909171 0: 93.29%, 1: 6.71%
CHEMBL1909172 0: 92.82%, 1: 7.18%
CHEMBL1909173 0: 92.38%, 1: 7.62%
CHEMBL1909174 0: 92.71%, 1: 7.29%
CHEMBL1909180 0: 98.20%, 1: 1.80%
CHEMBL1909181 0: 97.71%, 1: 2.29%
CHEMBL1909182 0: 96.99%, 1: 3.01%
CHEMBL1909184 0: 98.93%, 1: 1.07%
CHEMBL1909186 0: 99.52%, 1: 0.48%
CHEMBL1909190 0: 98.66%, 1: 1.34%
CHEMBL1909191 0: 94.99%, 1: 5.01%
CHEMBL1909192 0: 99.52%, 1: 0.48%
CHEMBL1909200 0: 97.97%, 1: 2.03%
CHEMBL1909201 0: 97.72%, 1: 2.28%
CHEMBL1909203 0: 98.05%, 1: 1.95%
CHEMBL1909204 0: 97.17%, 1: 2.83%
CHEMBL1909205 0: 98.67%, 1: 1.33%
CHEMBL1909206 0: 99.16%, 1: 0.84%
CHEMBL1909209 0: 92.34%, 1: 7.66%
CHEMBL1909210 0: 96.05%, 1: 3.95%
CHEMBL1909211 0: 88.80%, 1: 11.20%
CHEMBL1909212 0: 98.30%, 1: 1.70%
CHEMBL1909213 0: 99.28%, 1: 0.72%
CHEMBL1909214 0: 98.79%, 1: 1.21%
CHEMBL1909215 0: 95.61%, 1: 4.39%
CHEMBL1963686 0: 61.95%, 1: 38.05%
CHEMBL1963687 0: 64.42%, 1: 35.58%
CHEMBL1963688 0: 62.52%, 1: 37.48%
CHEMBL1963689 0: 89.69%, 1: 10.31%
CHEMBL1963690 0: 57.36%, 1: 42.64%
CHEMBL1963691 0: 49.33%, 1: 50.67%
CHEMBL1963692 0: 53.73%, 1: 46.27%
CHEMBL1963693 0: 71.00%, 1: 29.00%
CHEMBL1963694 0: 91.05%, 1: 8.95%
CHEMBL1963695 0: 74.90%, 1: 25.10%
CHEMBL1963696 0: 77.85%, 1: 22.15%
CHEMBL1963697 0: 74.06%, 1: 25.94%
CHEMBL1963698 0: 74.60%, 1: 25.40%
CHEMBL1963699 0: 83.18%, 1: 16.82%
CHEMBL1963701 0: 67.32%, 1: 32.68%
CHEMBL1963702 0: 83.82%, 1: 16.18%
CHEMBL1963703 0: 68.65%, 1: 31.35%
CHEMBL1963704 0: 65.28%, 1: 34.72%
CHEMBL1963705 0: 55.92%, 1: 44.08%
CHEMBL1963706 0: 53.38%, 1: 46.62%
CHEMBL1963707 0: 53.25%, 1: 46.75%
CHEMBL1963708 0: 48.77%, 1: 51.23%
CHEMBL1963710 0: 63.21%, 1: 36.79%
CHEMBL1963711 0: 94.72%, 1: 5.28%
CHEMBL1963712 0: 75.76%, 1: 24.24%
CHEMBL1963714 0: 74.21%, 1: 25.79%
CHEMBL1963715 0: 50.28%, 1: 49.72%
CHEMBL1963716 0: 91.91%, 1: 8.09%
CHEMBL1963717 0: 55.50%, 1: 44.50%
CHEMBL1963718 0: 65.45%, 1: 34.55%
CHEMBL1963719 0: 63.39%, 1: 36.61%
CHEMBL1963720 0: 69.73%, 1: 30.27%
CHEMBL1963721 0: 56.94%, 1: 43.06%
CHEMBL1963722 0: 49.40%, 1: 50.60%
CHEMBL1963723 0: 53.82%, 1: 46.18%
CHEMBL1963724 0: 67.32%, 1: 32.68%
CHEMBL1963725 0: 69.97%, 1: 30.03%
CHEMBL1963727 0: 56.59%, 1: 43.41%
CHEMBL1963728 0: 92.02%, 1: 7.98%
CHEMBL1963729 0: 84.64%, 1: 15.36%
CHEMBL1963731 0: 61.35%, 1: 38.65%
CHEMBL1963733 0: 79.77%, 1: 20.23%
CHEMBL1963734 0: 79.51%, 1: 20.49%
CHEMBL1963735 0: 71.66%, 1: 28.34%
CHEMBL1963736 0: 78.32%, 1: 21.68%
CHEMBL1963737 0: 86.79%, 1: 13.21%
CHEMBL1963738 0: 61.18%, 1: 38.82%
CHEMBL1963739 0: 84.32%, 1: 15.68%
CHEMBL1963740 0: 64.30%, 1: 35.70%
CHEMBL1963741 0: 67.03%, 1: 32.97%
CHEMBL1963742 0: 73.47%, 1: 26.53%
CHEMBL1963743 0: 66.24%, 1: 33.76%
CHEMBL1963744 0: 71.97%, 1: 28.03%
CHEMBL1963745 0: 67.16%, 1: 32.84%
CHEMBL1963746 0: 66.34%, 1: 33.66%
CHEMBL1963747 0: 81.33%, 1: 18.67%
CHEMBL1963748 0: 58.75%, 1: 41.25%
CHEMBL1963749 0: 55.02%, 1: 44.98%
CHEMBL1963750 0: 58.61%, 1: 41.39%
CHEMBL1963751 0: 70.90%, 1: 29.10%
CHEMBL1963752 0: 64.78%, 1: 35.22%
CHEMBL1963753 0: 88.02%, 1: 11.98%
CHEMBL1963754 0: 59.12%, 1: 40.88%
CHEMBL1963756 0: 61.66%, 1: 38.34%
CHEMBL1963757 0: 73.28%, 1: 26.72%
CHEMBL1963758 0: 82.56%, 1: 17.44%
CHEMBL1963759 0: 81.38%, 1: 18.62%
CHEMBL1963760 0: 86.36%, 1: 13.64%
CHEMBL1963761 0: 83.63%, 1: 16.37%
CHEMBL1963763 0: 72.14%, 1: 27.86%
CHEMBL1963764 0: 62.50%, 1: 37.50%
CHEMBL1963765 0: 86.41%, 1: 13.59%
CHEMBL1963766 0: 81.38%, 1: 18.62%
CHEMBL1963767 0: 77.76%, 1: 22.24%
CHEMBL1963768 0: 77.63%, 1: 22.37%
CHEMBL1963770 0: 89.44%, 1: 10.56%
CHEMBL1963771 0: 53.53%, 1: 46.47%
CHEMBL1963772 0: 48.99%, 1: 51.01%
CHEMBL1963773 0: 59.00%, 1: 41.00%
CHEMBL1963775 0: 76.92%, 1: 23.08%
CHEMBL1963776 0: 87.71%, 1: 12.29%
CHEMBL1963777 0: 63.92%, 1: 36.08%
CHEMBL1963778 0: 51.70%, 1: 48.30%
CHEMBL1963779 0: 54.69%, 1: 45.31%
CHEMBL1963780 0: 89.06%, 1: 10.94%
CHEMBL1963781 0: 94.31%, 1: 5.69%
CHEMBL1963782 0: 75.86%, 1: 24.14%
CHEMBL1963783 0: 57.36%, 1: 42.64%
CHEMBL1963785 0: 70.10%, 1: 29.90%
CHEMBL1963786 0: 50.08%, 1: 49.92%
CHEMBL1963787 0: 66.39%, 1: 33.61%
CHEMBL1963789 0: 67.34%, 1: 32.66%
CHEMBL1963790 0: 57.93%, 1: 42.07%
CHEMBL1963791 0: 82.08%, 1: 17.92%
CHEMBL1963792 0: 85.73%, 1: 14.27%
CHEMBL1963793 0: 65.48%, 1: 34.52%
CHEMBL1963794 0: 77.53%, 1: 22.47%
CHEMBL1963795 0: 46.98%, 1: 53.02%
CHEMBL1963796 0: 69.76%, 1: 30.24%
CHEMBL1963797 0: 83.64%, 1: 16.36%
CHEMBL1963798 0: 89.45%, 1: 10.55%
CHEMBL1963799 0: 43.54%, 1: 56.46%
CHEMBL1963800 0: 64.88%, 1: 35.12%
CHEMBL1963801 0: 75.90%, 1: 24.10%
CHEMBL1963802 0: 61.41%, 1: 38.59%
CHEMBL1963803 0: 87.44%, 1: 12.56%
CHEMBL1963804 0: 65.90%, 1: 34.10%
CHEMBL1963805 0: 53.77%, 1: 46.23%
CHEMBL1963806 0: 41.19%, 1: 58.81%
CHEMBL1963807 0: 36.83%, 1: 63.17%
CHEMBL1963808 0: 68.82%, 1: 31.18%
CHEMBL1963809 0: 79.97%, 1: 20.03%
CHEMBL1963810 0: 43.69%, 1: 56.31%
CHEMBL1963811 0: 73.98%, 1: 26.02%
CHEMBL1963812 0: 53.08%, 1: 46.92%
CHEMBL1963813 0: 79.19%, 1: 20.81%
CHEMBL1963814 0: 51.10%, 1: 48.90%
CHEMBL1963815 0: 71.80%, 1: 28.20%
CHEMBL1963816 0: 89.64%, 1: 10.36%
CHEMBL1963817 0: 71.90%, 1: 28.10%
CHEMBL1963818 0: 55.13%, 1: 44.87%
CHEMBL1963819 0: 62.64%, 1: 37.36%
CHEMBL1963820 0: 84.46%, 1: 15.54%
CHEMBL1963821 0: 79.31%, 1: 20.69%
CHEMBL1963822 0: 90.91%, 1: 9.09%
CHEMBL1963823 0: 76.61%, 1: 23.39%
CHEMBL1963824 0: 39.57%, 1: 60.43%
CHEMBL1963825 0: 51.12%, 1: 48.88%
CHEMBL1963826 0: 59.25%, 1: 40.75%
CHEMBL1963827 0: 50.74%, 1: 49.26%
CHEMBL1963828 0: 80.86%, 1: 19.14%
CHEMBL1963829 0: 86.41%, 1: 13.59%
CHEMBL1963831 0: 52.56%, 1: 47.44%
CHEMBL1963832 0: 72.98%, 1: 27.02%
CHEMBL1963833 0: 87.13%, 1: 12.87%
