wandb: Tracking run with wandb version 0.9.3
wandb: Run data is saved locally in wandb/run-20200720_183424-2ihq91si
wandb: Syncing run chemprop_0_dropout_5_mp_steps
wandb: ⭐️ View project at https://app.wandb.ai/apappu97/molecule-metalearning-chemprop
wandb: 🚀 View run at https://app.wandb.ai/apappu97/molecule-metalearning-chemprop/runs/2ihq91si
wandb: Run `wandb off` to turn off syncing.

Fold 0
Command line
python chemprop/train.py --data_path filtered_chembl/chembl_less_1024_more_128_645_tasks.csv --dataset_type classification --split_type scaffold_balanced --dropout 0 --depth 5 --num_folds 2 --epochs 30 --results_save_dir results/initial_hyperparameter_tuning/ --experiment_name chemprop_0_dropout_5_mp_steps
Args
{'ANIL': False,
 'FO_MAML': False,
 'activation': 'ReLU',
 'atom_messages': False,
 'batch_size': 50,
 'bias': False,
 'cache_cutoff': 10000,
 'checkpoint_dir': None,
 'checkpoint_path': None,
 'checkpoint_paths': None,
 'chembl_assay_metadata_pickle_path': None,
 'class_balance': False,
 'config_path': None,
 'crossval_index_dir': None,
 'crossval_index_file': None,
 'crossval_index_sets': None,
 'data_path': 'filtered_chembl/chembl_less_1024_more_128_645_tasks.csv',
 'dataset_type': 'classification',
 'depth': 5,
 'dropout': 0.0,
 'dummy': False,
 'ensemble_size': 1,
 'epochs': 30,
 'experiment_name': 'chemprop_0_dropout_5_mp_steps',
 'features_generator': None,
 'features_only': False,
 'features_path': None,
 'features_size': None,
 'ffn_hidden_size': 300,
 'ffn_num_layers': 2,
 'final_lr': 0.0001,
 'folds_file': None,
 'gpu': None,
 'hidden_size': 300,
 'init_lr': 0.0001,
 'inner_loop_lr': 0.05,
 'log_frequency': 10,
 'max_data_size': None,
 'max_lr': 0.001,
 'meta_batch_size': 3,
 'meta_learning': False,
 'meta_test_split_sizes': (0.8, 0.1, 0.1),
 'meta_train_split_sizes': (0.8, 0.2, 0),
 'metric': 'auc',
 'minimize_score': False,
 'multiclass_num_classes': 3,
 'no_cuda': False,
 'no_features_scaling': False,
 'num_folds': 2,
 'num_inner_gradient_steps': 2,
 'num_lrs': 1,
 'num_tasks': None,
 'num_workers': 8,
 'outer_loop_lr': 0.003,
 'pytorch_seed': 0,
 'quiet': False,
 'results_save_dir': 'results/initial_hyperparameter_tuning/',
 'save_dir': '/tmp/2273220.24.gpu.q/tmppq2k8ath/fold_0',
 'save_smiles_splits': False,
 'seed': 0,
 'separate_test_features_path': None,
 'separate_test_path': None,
 'separate_val_features_path': None,
 'separate_val_path': None,
 'show_individual_scores': False,
 'smiles_column': None,
 'split_sizes': (0.8, 0.1, 0.1),
 'split_type': 'scaffold_balanced',
 'target_columns': None,
 'task_names': None,
 'test': False,
 'test_fold_index': None,
 'train_data_size': None,
 'undirected': False,
 'use_input_features': False,
 'val_fold_index': None,
 'warmup_epochs': 2.0}
Loading data
0it [00:00, ?it/s]610it [00:00, 6092.58it/s]1232it [00:00, 6129.87it/s]1857it [00:00, 6163.77it/s]2483it [00:00, 6192.05it/s]3106it [00:00, 6202.61it/s]3671it [00:00, 6021.50it/s]4203it [00:00, 4801.08it/s]4684it [00:00, 4800.80it/s]5167it [00:00, 4809.07it/s]5643it [00:01, 4790.95it/s]6144it [00:01, 4853.40it/s]6628it [00:01, 4825.53it/s]7129it [00:01, 4877.08it/s]7630it [00:01, 4914.53it/s]8121it [00:01, 4762.67it/s]8598it [00:01, 3873.64it/s]9013it [00:01, 3878.30it/s]9421it [00:01, 3894.59it/s]9835it [00:02, 3963.38it/s]10291it [00:02, 4124.43it/s]10773it [00:02, 4305.42it/s]11276it [00:02, 4498.14it/s]11820it [00:02, 4685.84it/s]12382it [00:02, 4931.48it/s]12884it [00:02, 4259.50it/s]13514it [00:02, 4717.27it/s]14036it [00:02, 4855.63it/s]14545it [00:03, 4910.89it/s]15053it [00:03, 4838.26it/s]15549it [00:03, 4685.11it/s]16029it [00:03, 4718.43it/s]16533it [00:03, 4810.25it/s]17019it [00:03, 3674.09it/s]17431it [00:04, 1936.89it/s]17933it [00:04, 2374.32it/s]18440it [00:04, 2824.26it/s]18925it [00:04, 3228.40it/s]19359it [00:04, 3100.21it/s]19842it [00:04, 3472.53it/s]20259it [00:04, 3466.72it/s]20697it [00:04, 3697.75it/s]21207it [00:04, 4028.54it/s]21646it [00:05, 3671.89it/s]22152it [00:05, 3884.65it/s]22566it [00:05, 3739.21it/s]23050it [00:05, 4011.81it/s]23470it [00:05, 4058.72it/s]23890it [00:05, 4052.99it/s]24305it [00:05, 3782.84it/s]24710it [00:05, 3837.07it/s]25117it [00:05, 3901.71it/s]25513it [00:06, 3191.22it/s]25933it [00:06, 3438.40it/s]26428it [00:06, 3783.88it/s]26901it [00:06, 4024.71it/s]27397it [00:06, 4265.06it/s]27844it [00:06, 4277.68it/s]28286it [00:06, 3861.79it/s]28800it [00:06, 4172.02it/s]29272it [00:07, 4320.97it/s]29720it [00:07, 3874.78it/s]30198it [00:07, 4106.51it/s]30705it [00:07, 4354.60it/s]31292it [00:07, 4718.72it/s]31801it [00:07, 4824.07it/s]32299it [00:07, 4854.97it/s]32844it [00:07, 5018.30it/s]33355it [00:07, 5022.88it/s]33864it [00:08, 4164.75it/s]34510it [00:08, 4660.85it/s]35159it [00:08, 5080.40it/s]35788it [00:08, 5388.79it/s]36359it [00:08, 5227.72it/s]36906it [00:08, 5120.61it/s]37436it [00:08, 5087.53it/s]37957it [00:08, 4337.18it/s]38464it [00:08, 4533.31it/s]39079it [00:09, 4921.34it/s]39721it [00:09, 5291.03it/s]40389it [00:09, 5642.61it/s]41032it [00:09, 5856.93it/s]41673it [00:09, 6011.17it/s]42289it [00:09, 5336.46it/s]42933it [00:09, 5624.59it/s]43576it [00:09, 5842.49it/s]44231it [00:09, 6001.18it/s]44855it [00:09, 6067.84it/s]45471it [00:10, 5635.65it/s]46048it [00:10, 5451.90it/s]46604it [00:10, 4631.58it/s]47096it [00:10, 4677.06it/s]47589it [00:10, 4749.74it/s]48188it [00:10, 5064.28it/s]48833it [00:10, 5412.06it/s]49470it [00:10, 5667.17it/s]50135it [00:10, 5928.47it/s]50742it [00:11, 5278.46it/s]51378it [00:11, 5561.75it/s]52016it [00:11, 5783.34it/s]52655it [00:11, 5952.29it/s]53300it [00:11, 6034.36it/s]53928it [00:11, 6104.20it/s]54546it [00:11, 5595.79it/s]55119it [00:11, 4599.30it/s]55618it [00:12, 4666.56it/s]56128it [00:12, 4787.26it/s]56691it [00:12, 5010.41it/s]57309it [00:12, 5311.24it/s]57947it [00:12, 5591.73it/s]58583it [00:12, 5799.75it/s]59176it [00:12, 5225.66it/s]59809it [00:12, 5513.10it/s]60445it [00:12, 5740.68it/s]61081it [00:12, 5911.84it/s]61717it [00:13, 6037.81it/s]61865it [00:13, 4722.74it/s]
  0% 0/61865 [00:00<?, ?it/s]  3% 1580/61865 [00:01<00:41, 1444.78it/s] 78% 48193/61865 [00:02<00:06, 2038.01it/s]100% 61865/61865 [00:02<00:00, 29750.17it/s]
  0% 0/61865 [00:00<?, ?it/s]  1% 526/61865 [00:00<00:11, 5255.97it/s]  2% 1049/61865 [00:00<00:11, 5246.25it/s]  3% 1578/61865 [00:00<00:11, 5258.19it/s]  3% 1986/61865 [00:00<00:12, 4838.39it/s]  4% 2451/61865 [00:00<00:12, 4779.39it/s]  5% 2967/61865 [00:00<00:12, 4884.70it/s]  6% 3455/61865 [00:00<00:11, 4883.13it/s]  6% 3917/61865 [00:00<00:12, 4793.64it/s]  7% 4382/61865 [00:00<00:12, 4748.36it/s]  8% 4838/61865 [00:01<00:12, 4565.10it/s]  9% 5283/61865 [00:01<00:13, 4096.78it/s]  9% 5735/61865 [00:01<00:13, 4214.05it/s] 10% 6158/61865 [00:01<00:13, 4177.83it/s] 11% 6577/61865 [00:01<00:13, 4039.94it/s] 11% 6983/61865 [00:01<00:14, 3788.94it/s] 12% 7367/61865 [00:01<00:14, 3666.37it/s] 13% 7738/61865 [00:01<00:15, 3562.49it/s] 13% 8158/61865 [00:01<00:14, 3730.38it/s] 14% 8596/61865 [00:02<00:13, 3902.60it/s] 15% 9074/61865 [00:02<00:12, 4127.70it/s] 15% 9568/61865 [00:02<00:12, 4341.43it/s] 16% 10017/61865 [00:02<00:11, 4381.58it/s] 17% 10505/61865 [00:02<00:11, 4518.51it/s] 18% 10962/61865 [00:02<00:11, 4427.06it/s] 18% 11409/61865 [00:02<00:11, 4373.38it/s] 19% 11866/61865 [00:02<00:11, 4426.51it/s] 20% 12311/61865 [00:02<00:11, 4428.53it/s] 21% 12796/61865 [00:02<00:10, 4543.47it/s] 22% 13324/61865 [00:03<00:10, 4739.10it/s] 22% 13853/61865 [00:03<00:09, 4891.45it/s] 23% 14352/61865 [00:03<00:09, 4917.69it/s] 24% 14850/61865 [00:03<00:09, 4936.07it/s] 25% 15370/61865 [00:03<00:09, 5010.73it/s] 26% 15887/61865 [00:03<00:09, 5056.51it/s] 27% 16401/61865 [00:03<00:08, 5079.39it/s] 27% 16924/61865 [00:03<00:08, 5120.27it/s] 28% 17456/61865 [00:03<00:08, 5177.72it/s] 29% 17975/61865 [00:03<00:09, 4524.70it/s] 30% 18443/61865 [00:04<00:10, 4165.14it/s] 31% 18876/61865 [00:04<00:11, 3591.16it/s] 31% 19261/61865 [00:04<00:12, 3382.86it/s] 32% 19620/61865 [00:04<00:12, 3433.51it/s] 32% 19991/61865 [00:04<00:11, 3511.19it/s] 33% 20440/61865 [00:04<00:11, 3756.46it/s] 34% 20907/61865 [00:04<00:10, 3989.95it/s] 35% 21364/61865 [00:04<00:09, 4146.60it/s] 35% 21827/61865 [00:04<00:09, 4279.57it/s] 36% 22306/61865 [00:05<00:08, 4419.87it/s] 37% 22787/61865 [00:05<00:08, 4529.21it/s] 38% 23283/61865 [00:05<00:08, 4648.65it/s] 38% 23753/61865 [00:05<00:08, 4275.22it/s] 39% 24190/61865 [00:05<00:09, 3998.02it/s] 40% 24600/61865 [00:05<00:09, 3874.33it/s] 40% 24996/61865 [00:05<00:10, 3532.66it/s] 41% 25408/61865 [00:05<00:09, 3688.79it/s] 42% 25823/61865 [00:05<00:09, 3814.41it/s] 42% 26242/61865 [00:06<00:09, 3919.13it/s] 43% 26658/61865 [00:06<00:08, 3987.53it/s] 44% 27082/61865 [00:06<00:08, 4057.94it/s] 44% 27505/61865 [00:06<00:08, 4107.96it/s] 45% 27919/61865 [00:06<00:08, 3957.25it/s] 46% 28318/61865 [00:06<00:08, 3751.94it/s] 46% 28698/61865 [00:06<00:08, 3723.50it/s] 47% 29121/61865 [00:06<00:08, 3853.12it/s] 48% 29510/61865 [00:06<00:08, 3673.21it/s] 48% 29928/61865 [00:07<00:08, 3810.29it/s] 49% 30314/61865 [00:07<00:08, 3762.11it/s] 50% 30694/61865 [00:07<00:08, 3669.28it/s] 50% 31116/61865 [00:07<00:08, 3818.73it/s] 51% 31607/61865 [00:07<00:07, 4091.35it/s] 52% 32145/61865 [00:07<00:06, 4407.66it/s] 53% 32663/61865 [00:07<00:06, 4611.02it/s] 54% 33195/61865 [00:07<00:05, 4800.64it/s] 55% 33723/61865 [00:07<00:05, 4932.60it/s] 55% 34259/61865 [00:07<00:05, 5052.57it/s] 56% 34788/61865 [00:08<00:05, 5119.75it/s] 57% 35305/61865 [00:08<00:05, 5048.29it/s] 58% 35814/61865 [00:08<00:05, 4780.73it/s] 59% 36298/61865 [00:08<00:05, 4638.92it/s] 59% 36801/61865 [00:08<00:05, 4749.21it/s] 60% 37280/61865 [00:08<00:05, 4672.37it/s] 61% 37805/61865 [00:08<00:04, 4827.87it/s] 62% 38292/61865 [00:08<00:04, 4727.70it/s] 63% 38768/61865 [00:08<00:05, 4410.32it/s] 63% 39216/61865 [00:09<00:05, 4225.71it/s] 64% 39645/61865 [00:09<00:05, 4033.63it/s] 65% 40055/61865 [00:09<00:05, 3974.01it/s] 65% 40457/61865 [00:09<00:05, 3819.88it/s] 66% 40873/61865 [00:09<00:05, 3914.86it/s] 67% 41269/61865 [00:09<00:05, 3825.13it/s] 67% 41661/61865 [00:09<00:05, 3850.69it/s] 68% 42062/61865 [00:09<00:05, 3895.91it/s] 69% 42454/61865 [00:09<00:04, 3899.12it/s] 69% 42977/61865 [00:10<00:04, 4221.37it/s] 70% 43514/61865 [00:10<00:04, 4510.82it/s] 71% 44040/61865 [00:10<00:03, 4711.24it/s] 72% 44582/61865 [00:10<00:03, 4899.82it/s] 73% 45115/61865 [00:10<00:03, 5020.54it/s] 74% 45625/61865 [00:10<00:03, 4729.31it/s] 75% 46107/61865 [00:10<00:03, 4654.70it/s] 75% 46623/61865 [00:10<00:03, 4794.63it/s] 76% 47153/61865 [00:10<00:02, 4932.83it/s] 77% 47682/61865 [00:10<00:02, 5031.31it/s] 78% 48197/61865 [00:11<00:02, 5063.16it/s] 79% 48707/61865 [00:11<00:02, 4475.59it/s] 79% 49169/61865 [00:11<00:03, 3876.91it/s] 80% 49675/61865 [00:11<00:02, 4169.22it/s] 81% 50165/61865 [00:11<00:02, 4364.10it/s] 82% 50659/61865 [00:11<00:02, 4521.99it/s] 83% 51149/61865 [00:11<00:02, 4627.71it/s] 83% 51633/61865 [00:11<00:02, 4686.72it/s] 84% 52122/61865 [00:11<00:02, 4744.29it/s] 85% 52605/61865 [00:12<00:01, 4765.95it/s] 86% 53107/61865 [00:12<00:01, 4837.65it/s] 87% 53605/61865 [00:12<00:01, 4878.00it/s] 87% 54102/61865 [00:12<00:01, 4904.43it/s] 88% 54595/61865 [00:12<00:01, 4784.77it/s] 89% 55076/61865 [00:12<00:01, 4449.54it/s] 90% 55527/61865 [00:12<00:01, 3960.30it/s] 91% 56004/61865 [00:12<00:01, 4170.97it/s] 91% 56434/61865 [00:12<00:01, 4201.53it/s] 92% 56881/61865 [00:13<00:01, 4277.65it/s] 93% 57316/61865 [00:13<00:01, 4177.35it/s] 93% 57739/61865 [00:13<00:01, 3922.66it/s] 94% 58139/61865 [00:13<00:00, 3741.00it/s] 95% 58520/61865 [00:13<00:00, 3688.42it/s] 95% 59020/61865 [00:13<00:00, 4002.59it/s] 96% 59581/61865 [00:13<00:00, 4378.22it/s] 97% 60038/61865 [00:13<00:00, 4396.72it/s] 98% 60532/61865 [00:13<00:00, 4544.84it/s] 99% 61004/61865 [00:13<00:00, 4591.54it/s] 99% 61471/61865 [00:14<00:00, 4580.15it/s]100% 61865/61865 [00:14<00:00, 4364.44it/s]
Number of tasks = 645
Splitting data with seed 0
  0% 0/61865 [00:00<?, ?it/s]  1% 457/61865 [00:00<00:13, 4569.01it/s]  2% 955/61865 [00:00<00:13, 4683.88it/s]  2% 1471/61865 [00:00<00:12, 4816.76it/s]  3% 1971/61865 [00:00<00:12, 4868.89it/s]  4% 2444/61865 [00:00<00:12, 4825.39it/s]  5% 2939/61865 [00:00<00:12, 4859.34it/s]  6% 3486/61865 [00:00<00:11, 5025.77it/s]  6% 3959/61865 [00:00<00:11, 4929.57it/s]  7% 4428/61865 [00:00<00:11, 4843.77it/s]  8% 4920/61865 [00:01<00:11, 4863.92it/s]  9% 5395/61865 [00:01<00:11, 4789.77it/s]  9% 5866/61865 [00:01<00:11, 4696.25it/s] 10% 6331/61865 [00:01<00:13, 4170.55it/s] 11% 6756/61865 [00:01<00:13, 3994.62it/s] 12% 7166/61865 [00:01<00:13, 4022.85it/s] 12% 7573/61865 [00:01<00:14, 3850.74it/s] 13% 7967/61865 [00:01<00:13, 3872.81it/s] 14% 8358/61865 [00:01<00:15, 3483.35it/s] 14% 8717/61865 [00:02<00:15, 3415.63it/s] 15% 9111/61865 [00:02<00:14, 3555.58it/s] 15% 9488/61865 [00:02<00:14, 3617.18it/s] 16% 9855/61865 [00:02<00:14, 3524.70it/s] 17% 10212/61865 [00:02<00:15, 3297.89it/s] 17% 10548/61865 [00:02<00:16, 3159.29it/s] 18% 10870/61865 [00:02<00:16, 3176.72it/s] 18% 11192/61865 [00:02<00:16, 3055.31it/s] 19% 11502/61865 [00:02<00:16, 3036.35it/s] 19% 11809/61865 [00:03<00:17, 2898.70it/s] 20% 12176/61865 [00:03<00:16, 3088.91it/s] 20% 12586/61865 [00:03<00:14, 3335.48it/s] 21% 13033/61865 [00:03<00:13, 3609.64it/s] 22% 13419/61865 [00:03<00:13, 3681.02it/s] 22% 13877/61865 [00:03<00:12, 3910.02it/s] 23% 14279/61865 [00:03<00:12, 3846.40it/s] 24% 14672/61865 [00:03<00:13, 3591.62it/s] 24% 15067/61865 [00:03<00:12, 3691.94it/s] 25% 15444/61865 [00:03<00:12, 3713.41it/s] 26% 15821/61865 [00:04<00:13, 3498.55it/s] 26% 16248/61865 [00:04<00:12, 3698.74it/s] 27% 16626/61865 [00:04<00:12, 3713.87it/s] 28% 17052/61865 [00:04<00:11, 3860.92it/s] 28% 17444/61865 [00:04<00:12, 3654.54it/s] 29% 17841/61865 [00:04<00:11, 3742.34it/s] 29% 18220/61865 [00:04<00:12, 3483.00it/s] 30% 18595/61865 [00:04<00:12, 3557.23it/s] 31% 18956/61865 [00:04<00:13, 3273.06it/s] 31% 19292/61865 [00:05<00:13, 3092.61it/s] 32% 19636/61865 [00:05<00:13, 3187.99it/s] 32% 20036/61865 [00:05<00:12, 3393.21it/s] 33% 20461/61865 [00:05<00:11, 3610.50it/s] 34% 20938/61865 [00:05<00:10, 3886.42it/s] 35% 21399/61865 [00:05<00:09, 4077.25it/s] 35% 21892/61865 [00:05<00:09, 4299.79it/s] 36% 22334/61865 [00:05<00:09, 4255.81it/s] 37% 22768/61865 [00:05<00:09, 3991.30it/s] 37% 23177/61865 [00:06<00:10, 3851.49it/s] 38% 23591/61865 [00:06<00:09, 3927.96it/s] 39% 24005/61865 [00:06<00:09, 3987.81it/s] 39% 24411/61865 [00:06<00:09, 4009.13it/s] 40% 24815/61865 [00:06<00:10, 3445.00it/s] 41% 25176/61865 [00:06<00:12, 2836.02it/s] 41% 25489/61865 [00:06<00:12, 2808.18it/s] 42% 25806/61865 [00:06<00:12, 2906.10it/s] 42% 26179/61865 [00:06<00:11, 3110.61it/s] 43% 26528/61865 [00:07<00:10, 3213.78it/s] 44% 26952/61865 [00:07<00:10, 3465.37it/s] 44% 27363/61865 [00:07<00:09, 3636.30it/s] 45% 27820/61865 [00:07<00:08, 3873.06it/s] 46% 28236/61865 [00:07<00:08, 3952.00it/s] 46% 28668/61865 [00:07<00:08, 4053.91it/s] 47% 29081/61865 [00:07<00:08, 4053.26it/s] 48% 29500/61865 [00:07<00:07, 4092.47it/s] 48% 29942/61865 [00:07<00:07, 4184.57it/s] 49% 30397/61865 [00:07<00:07, 4287.24it/s] 50% 30877/61865 [00:08<00:06, 4427.74it/s] 51% 31363/61865 [00:08<00:06, 4548.96it/s] 51% 31860/61865 [00:08<00:06, 4665.32it/s] 52% 32334/61865 [00:08<00:06, 4686.92it/s] 53% 32805/61865 [00:08<00:06, 4471.00it/s] 54% 33256/61865 [00:08<00:06, 4137.90it/s] 55% 33744/61865 [00:08<00:06, 4333.57it/s] 55% 34248/61865 [00:08<00:06, 4523.20it/s] 56% 34708/61865 [00:08<00:06, 4473.25it/s] 57% 35171/61865 [00:09<00:05, 4518.86it/s] 58% 35627/61865 [00:09<00:06, 4191.81it/s] 58% 36054/61865 [00:09<00:06, 4121.06it/s] 59% 36479/61865 [00:09<00:06, 4156.55it/s] 60% 36965/61865 [00:09<00:05, 4327.05it/s] 61% 37480/61865 [00:09<00:05, 4542.96it/s] 61% 37992/61865 [00:09<00:05, 4699.55it/s] 62% 38495/61865 [00:09<00:04, 4793.90it/s] 63% 38981/61865 [00:09<00:04, 4813.52it/s] 64% 39484/61865 [00:09<00:04, 4874.18it/s] 65% 39981/61865 [00:10<00:04, 4900.69it/s] 65% 40473/61865 [00:10<00:04, 4880.03it/s] 66% 40963/61865 [00:10<00:04, 4867.80it/s] 67% 41471/61865 [00:10<00:04, 4928.12it/s] 68% 41965/61865 [00:10<00:04, 4731.66it/s] 69% 42441/61865 [00:10<00:04, 4260.99it/s] 69% 42878/61865 [00:10<00:04, 4057.84it/s] 70% 43294/61865 [00:10<00:04, 3798.14it/s] 71% 43744/61865 [00:10<00:04, 3983.36it/s] 71% 44152/61865 [00:11<00:04, 3767.58it/s] 72% 44614/61865 [00:11<00:04, 3985.86it/s] 73% 45023/61865 [00:11<00:04, 3685.15it/s] 73% 45403/61865 [00:11<00:04, 3705.93it/s] 74% 45805/61865 [00:11<00:04, 3794.51it/s] 75% 46195/61865 [00:11<00:04, 3825.30it/s] 75% 46658/61865 [00:11<00:03, 4035.38it/s] 76% 47155/61865 [00:11<00:03, 4275.98it/s] 77% 47652/61865 [00:11<00:03, 4461.51it/s] 78% 48121/61865 [00:12<00:03, 4527.46it/s] 79% 48580/61865 [00:12<00:02, 4526.57it/s] 79% 49039/61865 [00:12<00:02, 4542.41it/s] 80% 49497/61865 [00:12<00:02, 4524.71it/s] 81% 49952/61865 [00:12<00:02, 4509.02it/s] 81% 50405/61865 [00:12<00:02, 4467.09it/s] 82% 50853/61865 [00:12<00:02, 4422.24it/s] 83% 51297/61865 [00:12<00:02, 4373.73it/s] 84% 51736/61865 [00:12<00:02, 4367.47it/s] 84% 52174/61865 [00:12<00:02, 4362.83it/s] 85% 52611/61865 [00:13<00:02, 4121.12it/s] 86% 53027/61865 [00:13<00:02, 3902.23it/s] 86% 53422/61865 [00:13<00:02, 3550.88it/s] 87% 53813/61865 [00:13<00:02, 3650.94it/s] 88% 54186/61865 [00:13<00:02, 3622.19it/s] 88% 54648/61865 [00:13<00:01, 3871.94it/s] 89% 55099/61865 [00:13<00:01, 4043.17it/s] 90% 55512/61865 [00:13<00:01, 3950.54it/s] 90% 55966/61865 [00:13<00:01, 4110.64it/s] 91% 56455/61865 [00:14<00:01, 4313.55it/s] 92% 56894/61865 [00:14<00:01, 4173.64it/s] 93% 57318/61865 [00:14<00:01, 3859.36it/s] 93% 57713/61865 [00:14<00:01, 3454.34it/s] 94% 58073/61865 [00:14<00:01, 3201.87it/s] 94% 58407/61865 [00:14<00:01, 3069.62it/s] 95% 58733/61865 [00:14<00:01, 3123.15it/s] 96% 59122/61865 [00:14<00:00, 3317.79it/s] 96% 59580/61865 [00:14<00:00, 3615.55it/s] 97% 59964/61865 [00:15<00:00, 3677.19it/s] 98% 60342/61865 [00:15<00:00, 3600.99it/s] 98% 60751/61865 [00:15<00:00, 3734.40it/s] 99% 61150/61865 [00:15<00:00, 3805.67it/s]100% 61672/61865 [00:15<00:00, 4141.62it/s]100% 61865/61865 [00:15<00:00, 3987.07it/s]
Total scaffolds = 30,615 | train scaffolds = 24,639 | val scaffolds = 3,133 | test scaffolds = 2,843
/home/apappu/thesis/molecule-metalearning/chemprop/chemprop/data/scaffold.py:152: RuntimeWarning: Mean of empty slice
  target_avgs.append(np.nanmean(targets, axis=0))
Label averages per scaffold, in decreasing order of scaffold frequency,capped at 10 scaffolds and 20 labels: [(array([nan, nan, nan, nan, nan, nan, nan, nan, nan, nan, nan, nan, nan,
       nan, nan, nan, nan, nan, nan, nan]), array([0, 0, 0, 0, 0, 0, 0, 0, 0, 0, 0, 0, 0, 0, 0, 0, 0, 0, 0, 0])), (array([nan, nan, nan, nan, nan, nan, nan, nan, nan, nan, nan, nan, nan,
       nan, nan, 0.5, nan, nan, nan, nan]), array([0, 0, 0, 0, 0, 0, 0, 0, 0, 0, 0, 0, 0, 0, 0, 2, 0, 0, 0, 0])), (array([nan, nan, nan, nan, nan, nan, nan, nan, nan, nan, nan, nan, nan,
       nan, nan, nan, nan, nan, nan, nan]), array([0, 0, 0, 0, 0, 0, 0, 0, 0, 0, 0, 0, 0, 0, 0, 0, 0, 0, 0, 0])), (array([nan, nan, nan, nan, nan, nan, nan, nan, nan, nan, nan, nan, nan,
       nan, nan, nan, nan, nan, nan, nan]), array([0, 0, 0, 0, 0, 0, 0, 0, 0, 0, 0, 0, 0, 0, 0, 0, 0, 0, 0, 0])), (array([nan, nan, nan, nan, nan, nan, nan, nan, nan, nan, nan, nan, nan,
       nan, nan, nan, nan, nan, nan, nan]), array([0, 0, 0, 0, 0, 0, 0, 0, 0, 0, 0, 0, 0, 0, 0, 0, 0, 0, 0, 0])), (array([nan, nan, nan, nan, nan, nan, nan, nan, nan, nan, nan, nan, nan,
       nan, nan, nan, nan, nan, nan, nan]), array([0, 0, 0, 0, 0, 0, 0, 0, 0, 0, 0, 0, 0, 0, 0, 0, 0, 0, 0, 0])), (array([nan, nan, nan, nan, nan, nan, nan, nan, nan, nan, nan, nan, nan,
       nan, nan, nan, nan, nan, nan, nan]), array([0, 0, 0, 0, 0, 0, 0, 0, 0, 0, 0, 0, 0, 0, 0, 0, 0, 0, 0, 0])), (array([nan, nan, nan, nan, nan, nan, nan, nan, nan, nan, nan, nan, nan,
       nan, nan, nan, nan, nan, nan, nan]), array([0, 0, 0, 0, 0, 0, 0, 0, 0, 0, 0, 0, 0, 0, 0, 0, 0, 0, 0, 0])), (array([nan, nan, nan, nan, nan, nan, nan, nan, nan, nan, nan, nan, nan,
       nan, nan, nan, nan, nan, nan, nan]), array([0, 0, 0, 0, 0, 0, 0, 0, 0, 0, 0, 0, 0, 0, 0, 0, 0, 0, 0, 0])), (array([nan, nan, nan, nan, nan, nan, nan, nan, nan, nan, nan, nan, nan,
       nan, nan, nan, nan, nan, nan, nan]), array([0, 0, 0, 0, 0, 0, 0, 0, 0, 0, 0, 0, 0, 0, 0, 0, 0, 0, 0, 0]))]
Class sizes
CHEMBL1033994 0: 41.98%, 1: 58.02%
CHEMBL1119333 0: 9.59%, 1: 90.41%
CHEMBL1217000 0: 52.41%, 1: 47.59%
CHEMBL1243965 0: 17.11%, 1: 82.89%
CHEMBL1243966 0: 41.96%, 1: 58.04%
CHEMBL1243967 0: 10.17%, 1: 89.83%
CHEMBL1243968 0: 15.06%, 1: 84.94%
CHEMBL1243970 0: 6.91%, 1: 93.09%
CHEMBL1243972 0: 9.92%, 1: 90.08%
CHEMBL1243976 0: 28.99%, 1: 71.01%
CHEMBL1246087 0: 33.88%, 1: 66.12%
CHEMBL1246088 0: 48.37%, 1: 51.63%
CHEMBL1613762 0: 2.45%, 1: 97.55%
CHEMBL1613779 0: 58.47%, 1: 41.53%
CHEMBL1613785 0: 43.22%, 1: 56.78%
CHEMBL1613787 0: 69.08%, 1: 30.92%
CHEMBL1613807 0: 95.99%, 1: 4.01%
CHEMBL1613813 0: 44.20%, 1: 55.80%
CHEMBL1613814 0: 53.85%, 1: 46.15%
CHEMBL1613817 0: 84.86%, 1: 15.14%
CHEMBL1613853 0: 41.86%, 1: 58.14%
CHEMBL1613861 0: 14.47%, 1: 85.53%
CHEMBL1613864 0: 5.19%, 1: 94.81%
CHEMBL1613867 0: 97.13%, 1: 2.87%
CHEMBL1613870 0: 15.80%, 1: 84.20%
CHEMBL1613871 0: 6.15%, 1: 93.85%
CHEMBL1613874 0: 65.78%, 1: 34.22%
CHEMBL1613876 0: 54.35%, 1: 45.65%
CHEMBL1613884 0: 21.51%, 1: 78.49%
CHEMBL1613890 0: 34.85%, 1: 65.15%
CHEMBL1613897 0: 46.64%, 1: 53.36%
CHEMBL1613898 0: 75.45%, 1: 24.55%
CHEMBL1613904 0: 50.77%, 1: 49.23%
CHEMBL1613907 0: 5.34%, 1: 94.66%
CHEMBL1613926 0: 30.15%, 1: 69.85%
CHEMBL1613928 0: 45.90%, 1: 54.10%
CHEMBL1613929 0: 81.25%, 1: 18.75%
CHEMBL1613941 0: 32.58%, 1: 67.42%
CHEMBL1613942 0: 41.43%, 1: 58.57%
CHEMBL1613947 0: 46.01%, 1: 53.99%
CHEMBL1613949 0: 60.13%, 1: 39.87%
CHEMBL1613950 0: 43.05%, 1: 56.95%
CHEMBL1613955 0: 54.04%, 1: 45.96%
CHEMBL1613962 0: 24.26%, 1: 75.74%
CHEMBL1613967 0: 44.59%, 1: 55.41%
CHEMBL1613981 0: 58.85%, 1: 41.15%
CHEMBL1613991 0: 14.98%, 1: 85.02%
CHEMBL1613997 0: 7.73%, 1: 92.27%
CHEMBL1614001 0: 98.28%, 1: 1.72%
CHEMBL1614004 0: 14.66%, 1: 85.34%
CHEMBL1614016 0: 12.22%, 1: 87.78%
CHEMBL1614030 0: 19.96%, 1: 80.04%
CHEMBL1614034 0: 2.63%, 1: 97.37%
CHEMBL1614035 0: 77.14%, 1: 22.86%
CHEMBL1614049 0: 39.63%, 1: 60.37%
CHEMBL1614053 0: 42.48%, 1: 57.52%
CHEMBL1614063 0: 95.18%, 1: 4.82%
CHEMBL1614065 0: 9.71%, 1: 90.29%
CHEMBL1614066 0: 94.74%, 1: 5.26%
CHEMBL1614069 0: 56.82%, 1: 43.18%
CHEMBL1614072 0: 50.36%, 1: 49.64%
CHEMBL1614084 0: 13.26%, 1: 86.74%
CHEMBL1614091 0: 4.43%, 1: 95.57%
CHEMBL1614092 0: 47.50%, 1: 52.50%
CHEMBL1614097 0: 46.99%, 1: 53.01%
CHEMBL1614098 0: 97.25%, 1: 2.75%
CHEMBL1614104 0: 7.74%, 1: 92.26%
CHEMBL1614105 0: 6.12%, 1: 93.88%
CHEMBL1614109 0: 59.87%, 1: 40.13%
CHEMBL1614128 0: 10.35%, 1: 89.65%
CHEMBL1614131 0: 97.14%, 1: 2.86%
CHEMBL1614132 0: 42.07%, 1: 57.93%
CHEMBL1614138 0: 67.83%, 1: 32.17%
CHEMBL1614155 0: 25.40%, 1: 74.60%
CHEMBL1614158 0: 74.52%, 1: 25.48%
CHEMBL1614167 0: 16.17%, 1: 83.83%
CHEMBL1614170 0: 68.86%, 1: 31.14%
CHEMBL1614171 0: 93.77%, 1: 6.23%
CHEMBL1614175 0: 80.66%, 1: 19.34%
CHEMBL1614185 0: 26.17%, 1: 73.83%
CHEMBL1614197 0: 5.26%, 1: 94.74%
CHEMBL1614199 0: 49.66%, 1: 50.34%
CHEMBL1614202 0: 7.32%, 1: 92.68%
CHEMBL1614215 0: 52.76%, 1: 47.24%
CHEMBL1614216 0: 48.52%, 1: 51.48%
CHEMBL1614218 0: 22.36%, 1: 77.64%
CHEMBL1614225 0: 62.50%, 1: 37.50%
CHEMBL1614244 0: 38.85%, 1: 61.15%
CHEMBL1614247 0: 44.34%, 1: 55.66%
CHEMBL1614252 0: 60.11%, 1: 39.89%
CHEMBL1614255 0: 61.26%, 1: 38.74%
CHEMBL1614259 0: 32.82%, 1: 67.18%
CHEMBL1614272 0: 67.71%, 1: 32.29%
CHEMBL1614276 0: 51.74%, 1: 48.26%
CHEMBL1614287 0: 85.53%, 1: 14.47%
CHEMBL1614288 0: 72.51%, 1: 27.49%
CHEMBL1614290 0: 4.51%, 1: 95.49%
CHEMBL1614295 0: 2.29%, 1: 97.71%
CHEMBL1614301 0: 19.74%, 1: 80.26%
CHEMBL1614304 0: 63.76%, 1: 36.24%
CHEMBL1614309 0: 27.66%, 1: 72.34%
CHEMBL1614311 0: 53.76%, 1: 46.24%
CHEMBL1614314 0: 94.70%, 1: 5.30%
CHEMBL1614319 0: 72.16%, 1: 27.84%
CHEMBL1614320 0: 29.79%, 1: 70.21%
CHEMBL1614321 0: 60.16%, 1: 39.84%
CHEMBL1614328 0: 46.64%, 1: 53.36%
CHEMBL1614329 0: 40.69%, 1: 59.31%
CHEMBL1614336 0: 47.01%, 1: 52.99%
CHEMBL1614344 0: 67.72%, 1: 32.28%
CHEMBL1614356 0: 43.90%, 1: 56.10%
CHEMBL1614359 0: 50.26%, 1: 49.74%
CHEMBL1614363 0: 53.19%, 1: 46.81%
CHEMBL1614385 0: 93.27%, 1: 6.73%
CHEMBL1614388 0: 56.19%, 1: 43.81%
CHEMBL1614393 0: 45.00%, 1: 55.00%
CHEMBL1614395 0: 11.32%, 1: 88.68%
CHEMBL1614403 0: 88.15%, 1: 11.85%
CHEMBL1614423 0: 57.84%, 1: 42.16%
CHEMBL1614425 0: 38.24%, 1: 61.76%
CHEMBL1614433 0: 60.77%, 1: 39.23%
CHEMBL1614434 0: 80.25%, 1: 19.75%
CHEMBL1614456 0: 3.36%, 1: 96.64%
CHEMBL1614466 0: 10.32%, 1: 89.68%
CHEMBL1614469 0: 24.90%, 1: 75.10%
CHEMBL1614477 0: 43.75%, 1: 56.25%
CHEMBL1614478 0: 12.50%, 1: 87.50%
CHEMBL1614480 0: 85.71%, 1: 14.29%
CHEMBL1614484 0: 9.01%, 1: 90.99%
CHEMBL1614492 0: 40.54%, 1: 59.46%
CHEMBL1614499 0: 44.47%, 1: 55.53%
CHEMBL1614503 0: 40.30%, 1: 59.70%
CHEMBL1614504 0: 17.80%, 1: 82.20%
CHEMBL1614509 0: 79.43%, 1: 20.57%
CHEMBL1614512 0: 62.79%, 1: 37.21%
CHEMBL1614514 0: 83.07%, 1: 16.93%
CHEMBL1614515 0: 19.61%, 1: 80.39%
CHEMBL1614516 0: 96.81%, 1: 3.19%
CHEMBL1614522 0: 28.55%, 1: 71.45%
CHEMBL1614524 0: 12.98%, 1: 87.02%
CHEMBL1614528 0: 40.91%, 1: 59.09%
CHEMBL1614547 0: 72.51%, 1: 27.49%
CHEMBL1614548 0: 17.95%, 1: 82.05%
CHEMBL1614549 0: 84.25%, 1: 15.75%
CHEMBL1614550 0: 9.30%, 1: 90.70%
CHEMBL1614554 0: 71.64%, 1: 28.36%
CHEMBL1676103 0: 39.85%, 1: 60.15%
CHEMBL1737860 0: 3.60%, 1: 96.40%
CHEMBL1737863 0: 36.27%, 1: 63.73%
CHEMBL1737865 0: 61.01%, 1: 38.99%
CHEMBL1737868 0: 79.41%, 1: 20.59%
CHEMBL1737910 0: 45.71%, 1: 54.29%
CHEMBL1737912 0: 26.51%, 1: 73.49%
CHEMBL1737942 0: 44.52%, 1: 55.48%
CHEMBL1737951 0: 51.83%, 1: 48.17%
CHEMBL1737961 0: 93.34%, 1: 6.66%
CHEMBL1737966 0: 21.36%, 1: 78.64%
CHEMBL1737967 0: 89.17%, 1: 10.83%
CHEMBL1737977 0: 13.87%, 1: 86.13%
CHEMBL1737978 0: 18.18%, 1: 81.82%
CHEMBL1737979 0: 8.94%, 1: 91.06%
CHEMBL1738019 0: 24.85%, 1: 75.15%
CHEMBL1738021 0: 10.87%, 1: 89.13%
CHEMBL1738025 0: 33.80%, 1: 66.20%
CHEMBL1738040 0: 73.48%, 1: 26.52%
CHEMBL1738043 0: 46.43%, 1: 53.57%
CHEMBL1738079 0: 3.88%, 1: 96.12%
CHEMBL1738080 0: 76.43%, 1: 23.57%
CHEMBL1738091 0: 89.77%, 1: 10.23%
CHEMBL1738097 0: 72.41%, 1: 27.59%
CHEMBL1738131 0: 68.59%, 1: 31.41%
CHEMBL1738164 0: 79.79%, 1: 20.21%
CHEMBL1738171 0: 85.45%, 1: 14.55%
CHEMBL1738183 0: 59.62%, 1: 40.38%
CHEMBL1738197 0: 36.90%, 1: 63.10%
CHEMBL1738202 0: 3.47%, 1: 96.53%
CHEMBL1738242 0: 16.55%, 1: 83.45%
CHEMBL1738249 0: 86.53%, 1: 13.47%
CHEMBL1738253 0: 7.33%, 1: 92.67%
CHEMBL1738319 0: 59.17%, 1: 40.83%
CHEMBL1738325 0: 96.86%, 1: 3.14%
CHEMBL1738362 0: 21.43%, 1: 78.57%
CHEMBL1738369 0: 56.34%, 1: 43.66%
CHEMBL1738371 0: 81.97%, 1: 18.03%
CHEMBL1738391 0: 68.38%, 1: 31.62%
CHEMBL1738400 0: 77.86%, 1: 22.14%
CHEMBL1738402 0: 54.19%, 1: 45.81%
CHEMBL1738407 0: 85.58%, 1: 14.42%
CHEMBL1738408 0: 2.18%, 1: 97.82%
CHEMBL1738414 0: 5.11%, 1: 94.89%
CHEMBL1738418 0: 68.85%, 1: 31.15%
CHEMBL1738422 0: 4.29%, 1: 95.71%
CHEMBL1738424 0: 77.50%, 1: 22.50%
CHEMBL1738430 0: 25.54%, 1: 74.46%
CHEMBL1738438 0: 2.76%, 1: 97.24%
CHEMBL1738482 0: 7.69%, 1: 92.31%
CHEMBL1738485 0: 17.65%, 1: 82.35%
CHEMBL1738494 0: 97.26%, 1: 2.74%
CHEMBL1738495 0: 1.70%, 1: 98.30%
CHEMBL1738497 0: 64.50%, 1: 35.50%
CHEMBL1738502 0: 15.20%, 1: 84.80%
CHEMBL1738510 0: 54.41%, 1: 45.59%
CHEMBL1738512 0: 3.05%, 1: 96.95%
CHEMBL1738513 0: 28.64%, 1: 71.36%
CHEMBL1738552 0: 64.70%, 1: 35.30%
CHEMBL1738575 0: 65.65%, 1: 34.35%
CHEMBL1738578 0: 23.30%, 1: 76.70%
CHEMBL1738579 0: 22.79%, 1: 77.21%
CHEMBL1738593 0: 17.65%, 1: 82.35%
CHEMBL1738599 0: 16.07%, 1: 83.93%
CHEMBL1738602 0: 42.70%, 1: 57.30%
CHEMBL1738610 0: 42.07%, 1: 57.93%
CHEMBL1738611 0: 2.23%, 1: 97.77%
CHEMBL1738632 0: 86.32%, 1: 13.68%
CHEMBL1738633 0: 4.05%, 1: 95.95%
CHEMBL1738639 0: 64.47%, 1: 35.53%
CHEMBL1738642 0: 34.82%, 1: 65.18%
CHEMBL1738670 0: 9.18%, 1: 90.82%
CHEMBL1738673 0: 12.98%, 1: 87.02%
CHEMBL1738679 0: 63.95%, 1: 36.05%
CHEMBL1738682 0: 62.45%, 1: 37.55%
CHEMBL1794296 0: 44.02%, 1: 55.98%
CHEMBL1794303 0: 2.71%, 1: 97.29%
CHEMBL1794320 0: 96.68%, 1: 3.32%
CHEMBL1794327 0: 91.59%, 1: 8.41%
CHEMBL1794336 0: 53.07%, 1: 46.93%
CHEMBL1794350 0: 3.44%, 1: 96.56%
CHEMBL1794355 0: 5.26%, 1: 94.74%
CHEMBL1794356 0: 13.92%, 1: 86.08%
CHEMBL1794358 0: 94.14%, 1: 5.86%
CHEMBL1794365 0: 7.12%, 1: 92.88%
CHEMBL1794383 0: 6.90%, 1: 93.10%
CHEMBL1794387 0: 65.04%, 1: 34.96%
CHEMBL1794393 0: 67.55%, 1: 32.45%
CHEMBL1794396 0: 3.96%, 1: 96.04%
CHEMBL1794410 0: 23.98%, 1: 76.02%
CHEMBL1794413 0: 6.02%, 1: 93.98%
CHEMBL1794438 0: 40.17%, 1: 59.83%
CHEMBL1794445 0: 87.84%, 1: 12.16%
CHEMBL1794452 0: 94.30%, 1: 5.70%
CHEMBL1794457 0: 92.98%, 1: 7.02%
CHEMBL1794460 0: 28.63%, 1: 71.37%
CHEMBL1794467 0: 18.39%, 1: 81.61%
CHEMBL1794475 0: 56.02%, 1: 43.98%
CHEMBL1794484 0: 44.93%, 1: 55.07%
CHEMBL1794494 0: 5.33%, 1: 94.67%
CHEMBL1794497 0: 8.47%, 1: 91.53%
CHEMBL1794499 0: 73.90%, 1: 26.10%
CHEMBL1794508 0: 94.63%, 1: 5.37%
CHEMBL1794516 0: 3.21%, 1: 96.79%
CHEMBL1794522 0: 58.65%, 1: 41.35%
CHEMBL1794528 0: 79.86%, 1: 20.14%
CHEMBL1794531 0: 92.03%, 1: 7.97%
CHEMBL1794548 0: 88.74%, 1: 11.26%
CHEMBL1794566 0: 6.05%, 1: 93.95%
CHEMBL1794567 0: 9.61%, 1: 90.39%
CHEMBL1794570 0: 92.79%, 1: 7.21%
CHEMBL1794571 0: 53.55%, 1: 46.45%
CHEMBL1794573 0: 10.54%, 1: 89.46%
CHEMBL1794574 0: 1.09%, 1: 98.91%
CHEMBL1794578 0: 46.99%, 1: 53.01%
CHEMBL1794581 0: 19.65%, 1: 80.35%
CHEMBL1863510 0: 2.14%, 1: 97.86%
CHEMBL1863512 0: 2.79%, 1: 97.21%
CHEMBL1909084 0: 99.28%, 1: 0.72%
CHEMBL1909085 0: 92.10%, 1: 7.90%
CHEMBL1909086 0: 91.52%, 1: 8.48%
CHEMBL1909087 0: 91.86%, 1: 8.14%
CHEMBL1909088 0: 87.97%, 1: 12.03%
CHEMBL1909089 0: 88.69%, 1: 11.31%
CHEMBL1909090 0: 90.81%, 1: 9.19%
CHEMBL1909091 0: 97.24%, 1: 2.76%
CHEMBL1909092 0: 97.14%, 1: 2.86%
CHEMBL1909093 0: 98.42%, 1: 1.58%
CHEMBL1909094 0: 90.85%, 1: 9.15%
CHEMBL1909095 0: 98.56%, 1: 1.44%
CHEMBL1909097 0: 99.28%, 1: 0.72%
CHEMBL1909102 0: 92.94%, 1: 7.06%
CHEMBL1909103 0: 97.23%, 1: 2.77%
CHEMBL1909104 0: 87.06%, 1: 12.94%
CHEMBL1909105 0: 88.70%, 1: 11.30%
CHEMBL1909106 0: 98.57%, 1: 1.43%
CHEMBL1909107 0: 97.86%, 1: 2.14%
CHEMBL1909108 0: 93.04%, 1: 6.96%
CHEMBL1909109 0: 90.35%, 1: 9.65%
CHEMBL1909110 0: 92.47%, 1: 7.53%
CHEMBL1909111 0: 94.03%, 1: 5.97%
CHEMBL1909112 0: 90.91%, 1: 9.09%
CHEMBL1909114 0: 96.50%, 1: 3.50%
CHEMBL1909115 0: 96.00%, 1: 4.00%
CHEMBL1909116 0: 96.98%, 1: 3.02%
CHEMBL1909121 0: 92.80%, 1: 7.20%
CHEMBL1909123 0: 99.16%, 1: 0.84%
CHEMBL1909124 0: 99.40%, 1: 0.60%
CHEMBL1909130 0: 95.56%, 1: 4.44%
CHEMBL1909131 0: 97.01%, 1: 2.99%
CHEMBL1909132 0: 96.15%, 1: 3.85%
CHEMBL1909134 0: 95.19%, 1: 4.81%
CHEMBL1909135 0: 95.76%, 1: 4.24%
CHEMBL1909136 0: 93.20%, 1: 6.80%
CHEMBL1909138 0: 96.16%, 1: 3.84%
CHEMBL1909139 0: 93.84%, 1: 6.16%
CHEMBL1909140 0: 93.87%, 1: 6.13%
CHEMBL1909141 0: 89.73%, 1: 10.27%
CHEMBL1909142 0: 99.04%, 1: 0.96%
CHEMBL1909143 0: 93.01%, 1: 6.99%
CHEMBL1909145 0: 97.97%, 1: 2.03%
CHEMBL1909148 0: 98.57%, 1: 1.43%
CHEMBL1909150 0: 95.10%, 1: 4.90%
CHEMBL1909156 0: 94.28%, 1: 5.72%
CHEMBL1909157 0: 96.38%, 1: 3.62%
CHEMBL1909158 0: 99.05%, 1: 0.95%
CHEMBL1909159 0: 93.18%, 1: 6.82%
CHEMBL1909165 0: 97.79%, 1: 2.21%
CHEMBL1909169 0: 98.32%, 1: 1.68%
CHEMBL1909170 0: 92.35%, 1: 7.65%
CHEMBL1909171 0: 93.29%, 1: 6.71%
CHEMBL1909172 0: 92.82%, 1: 7.18%
CHEMBL1909173 0: 92.38%, 1: 7.62%
CHEMBL1909174 0: 92.71%, 1: 7.29%
CHEMBL1909180 0: 98.20%, 1: 1.80%
CHEMBL1909181 0: 97.71%, 1: 2.29%
CHEMBL1909182 0: 96.99%, 1: 3.01%
CHEMBL1909184 0: 98.93%, 1: 1.07%
CHEMBL1909186 0: 99.52%, 1: 0.48%
CHEMBL1909190 0: 98.66%, 1: 1.34%
CHEMBL1909191 0: 94.99%, 1: 5.01%
CHEMBL1909192 0: 99.52%, 1: 0.48%
CHEMBL1909200 0: 97.97%, 1: 2.03%
CHEMBL1909201 0: 97.72%, 1: 2.28%
CHEMBL1909203 0: 98.05%, 1: 1.95%
CHEMBL1909204 0: 97.17%, 1: 2.83%
CHEMBL1909205 0: 98.67%, 1: 1.33%
CHEMBL1909206 0: 99.16%, 1: 0.84%
CHEMBL1909209 0: 92.34%, 1: 7.66%
CHEMBL1909210 0: 96.05%, 1: 3.95%
CHEMBL1909211 0: 88.80%, 1: 11.20%
CHEMBL1909212 0: 98.30%, 1: 1.70%
CHEMBL1909213 0: 99.28%, 1: 0.72%
CHEMBL1909214 0: 98.79%, 1: 1.21%
CHEMBL1909215 0: 95.61%, 1: 4.39%
CHEMBL1963686 0: 61.95%, 1: 38.05%
CHEMBL1963687 0: 64.42%, 1: 35.58%
CHEMBL1963688 0: 62.52%, 1: 37.48%
CHEMBL1963689 0: 89.69%, 1: 10.31%
CHEMBL1963690 0: 57.36%, 1: 42.64%
CHEMBL1963691 0: 49.33%, 1: 50.67%
CHEMBL1963692 0: 53.73%, 1: 46.27%
CHEMBL1963693 0: 71.00%, 1: 29.00%
CHEMBL1963694 0: 91.05%, 1: 8.95%
CHEMBL1963695 0: 74.90%, 1: 25.10%
CHEMBL1963696 0: 77.85%, 1: 22.15%
CHEMBL1963697 0: 74.06%, 1: 25.94%
CHEMBL1963698 0: 74.60%, 1: 25.40%
CHEMBL1963699 0: 83.18%, 1: 16.82%
CHEMBL1963701 0: 67.32%, 1: 32.68%
CHEMBL1963702 0: 83.82%, 1: 16.18%
CHEMBL1963703 0: 68.65%, 1: 31.35%
CHEMBL1963704 0: 65.28%, 1: 34.72%
CHEMBL1963705 0: 55.92%, 1: 44.08%
CHEMBL1963706 0: 53.38%, 1: 46.62%
CHEMBL1963707 0: 53.25%, 1: 46.75%
CHEMBL1963708 0: 48.77%, 1: 51.23%
CHEMBL1963710 0: 63.21%, 1: 36.79%
CHEMBL1963711 0: 94.72%, 1: 5.28%
CHEMBL1963712 0: 75.76%, 1: 24.24%
CHEMBL1963714 0: 74.21%, 1: 25.79%
CHEMBL1963715 0: 50.28%, 1: 49.72%
CHEMBL1963716 0: 91.91%, 1: 8.09%
CHEMBL1963717 0: 55.50%, 1: 44.50%
CHEMBL1963718 0: 65.45%, 1: 34.55%
CHEMBL1963719 0: 63.39%, 1: 36.61%
CHEMBL1963720 0: 69.73%, 1: 30.27%
CHEMBL1963721 0: 56.94%, 1: 43.06%
CHEMBL1963722 0: 49.40%, 1: 50.60%
CHEMBL1963723 0: 53.82%, 1: 46.18%
CHEMBL1963724 0: 67.32%, 1: 32.68%
CHEMBL1963725 0: 69.97%, 1: 30.03%
CHEMBL1963727 0: 56.59%, 1: 43.41%
CHEMBL1963728 0: 92.02%, 1: 7.98%
CHEMBL1963729 0: 84.64%, 1: 15.36%
CHEMBL1963731 0: 61.35%, 1: 38.65%
CHEMBL1963733 0: 79.77%, 1: 20.23%
CHEMBL1963734 0: 79.51%, 1: 20.49%
CHEMBL1963735 0: 71.66%, 1: 28.34%
CHEMBL1963736 0: 78.32%, 1: 21.68%
CHEMBL1963737 0: 86.79%, 1: 13.21%
CHEMBL1963738 0: 61.18%, 1: 38.82%
CHEMBL1963739 0: 84.32%, 1: 15.68%
CHEMBL1963740 0: 64.30%, 1: 35.70%
CHEMBL1963741 0: 67.03%, 1: 32.97%
CHEMBL1963742 0: 73.47%, 1: 26.53%
CHEMBL1963743 0: 66.24%, 1: 33.76%
CHEMBL1963744 0: 71.97%, 1: 28.03%
CHEMBL1963745 0: 67.16%, 1: 32.84%
CHEMBL1963746 0: 66.34%, 1: 33.66%
CHEMBL1963747 0: 81.33%, 1: 18.67%
CHEMBL1963748 0: 58.75%, 1: 41.25%
CHEMBL1963749 0: 55.02%, 1: 44.98%
CHEMBL1963750 0: 58.61%, 1: 41.39%
CHEMBL1963751 0: 70.90%, 1: 29.10%
CHEMBL1963752 0: 64.78%, 1: 35.22%
CHEMBL1963753 0: 88.02%, 1: 11.98%
CHEMBL1963754 0: 59.12%, 1: 40.88%
CHEMBL1963756 0: 61.66%, 1: 38.34%
CHEMBL1963757 0: 73.28%, 1: 26.72%
CHEMBL1963758 0: 82.56%, 1: 17.44%
CHEMBL1963759 0: 81.38%, 1: 18.62%
CHEMBL1963760 0: 86.36%, 1: 13.64%
CHEMBL1963761 0: 83.63%, 1: 16.37%
CHEMBL1963763 0: 72.14%, 1: 27.86%
CHEMBL1963764 0: 62.50%, 1: 37.50%
CHEMBL1963765 0: 86.41%, 1: 13.59%
CHEMBL1963766 0: 81.38%, 1: 18.62%
CHEMBL1963767 0: 77.76%, 1: 22.24%
CHEMBL1963768 0: 77.63%, 1: 22.37%
CHEMBL1963770 0: 89.44%, 1: 10.56%
CHEMBL1963771 0: 53.53%, 1: 46.47%
CHEMBL1963772 0: 48.99%, 1: 51.01%
CHEMBL1963773 0: 59.00%, 1: 41.00%
CHEMBL1963775 0: 76.92%, 1: 23.08%
CHEMBL1963776 0: 87.71%, 1: 12.29%
CHEMBL1963777 0: 63.92%, 1: 36.08%
CHEMBL1963778 0: 51.70%, 1: 48.30%
CHEMBL1963779 0: 54.69%, 1: 45.31%
CHEMBL1963780 0: 89.06%, 1: 10.94%
CHEMBL1963781 0: 94.31%, 1: 5.69%
CHEMBL1963782 0: 75.86%, 1: 24.14%
CHEMBL1963783 0: 57.36%, 1: 42.64%
CHEMBL1963785 0: 70.10%, 1: 29.90%
CHEMBL1963786 0: 50.08%, 1: 49.92%
CHEMBL1963787 0: 66.39%, 1: 33.61%
CHEMBL1963789 0: 67.34%, 1: 32.66%
CHEMBL1963790 0: 57.93%, 1: 42.07%
CHEMBL1963791 0: 82.08%, 1: 17.92%
CHEMBL1963792 0: 85.73%, 1: 14.27%
CHEMBL1963793 0: 65.48%, 1: 34.52%
CHEMBL1963794 0: 77.53%, 1: 22.47%
CHEMBL1963795 0: 46.98%, 1: 53.02%
CHEMBL1963796 0: 69.76%, 1: 30.24%
CHEMBL1963797 0: 83.64%, 1: 16.36%
CHEMBL1963798 0: 89.45%, 1: 10.55%
CHEMBL1963799 0: 43.54%, 1: 56.46%
CHEMBL1963800 0: 64.88%, 1: 35.12%
CHEMBL1963801 0: 75.90%, 1: 24.10%
CHEMBL1963802 0: 61.41%, 1: 38.59%
CHEMBL1963803 0: 87.44%, 1: 12.56%
CHEMBL1963804 0: 65.90%, 1: 34.10%
CHEMBL1963805 0: 53.77%, 1: 46.23%
CHEMBL1963806 0: 41.19%, 1: 58.81%
CHEMBL1963807 0: 36.83%, 1: 63.17%
CHEMBL1963808 0: 68.82%, 1: 31.18%
CHEMBL1963809 0: 79.97%, 1: 20.03%
CHEMBL1963810 0: 43.69%, 1: 56.31%
CHEMBL1963811 0: 73.98%, 1: 26.02%
CHEMBL1963812 0: 53.08%, 1: 46.92%
CHEMBL1963813 0: 79.19%, 1: 20.81%
CHEMBL1963814 0: 51.10%, 1: 48.90%
CHEMBL1963815 0: 71.80%, 1: 28.20%
CHEMBL1963816 0: 89.64%, 1: 10.36%
CHEMBL1963817 0: 71.90%, 1: 28.10%
CHEMBL1963818 0: 55.13%, 1: 44.87%
CHEMBL1963819 0: 62.64%, 1: 37.36%
CHEMBL1963820 0: 84.46%, 1: 15.54%
CHEMBL1963821 0: 79.31%, 1: 20.69%
CHEMBL1963822 0: 90.91%, 1: 9.09%
CHEMBL1963823 0: 76.61%, 1: 23.39%
CHEMBL1963824 0: 39.57%, 1: 60.43%
CHEMBL1963825 0: 51.12%, 1: 48.88%
CHEMBL1963826 0: 59.25%, 1: 40.75%
CHEMBL1963827 0: 50.74%, 1: 49.26%
CHEMBL1963828 0: 80.86%, 1: 19.14%
CHEMBL1963829 0: 86.41%, 1: 13.59%
CHEMBL1963831 0: 52.56%, 1: 47.44%
CHEMBL1963832 0: 72.98%, 1: 27.02%
CHEMBL1963833 0: 87.13%, 1: 12.87%
CHEMBL1963834 0: 59.69%, 1: 40.31%
CHEMBL1963836 0: 85.18%, 1: 14.82%
CHEMBL1963837 0: 26.01%, 1: 73.99%
CHEMBL1963838 0: 75.83%, 1: 24.17%
CHEMBL1963846 0: 85.07%, 1: 14.93%
CHEMBL1963867 0: 73.13%, 1: 26.87%
CHEMBL1963893 0: 85.61%, 1: 14.39%
CHEMBL1963898 0: 75.62%, 1: 24.38%
CHEMBL1963907 0: 64.35%, 1: 35.65%
CHEMBL1963910 0: 10.50%, 1: 89.50%
CHEMBL1963915 0: 15.00%, 1: 85.00%
CHEMBL1963916 0: 40.48%, 1: 59.52%
CHEMBL1963918 0: 73.35%, 1: 26.65%
CHEMBL1963930 0: 3.64%, 1: 96.36%
CHEMBL1963933 0: 93.91%, 1: 6.09%
CHEMBL1963934 0: 3.64%, 1: 96.36%
CHEMBL1963937 0: 39.27%, 1: 60.73%
CHEMBL1963938 0: 65.85%, 1: 34.15%
CHEMBL1963940 0: 33.79%, 1: 66.21%
CHEMBL1963947 0: 6.25%, 1: 93.75%
CHEMBL1963966 0: 3.29%, 1: 96.71%
CHEMBL1963968 0: 51.52%, 1: 48.48%
CHEMBL1963969 0: 25.83%, 1: 74.17%
CHEMBL1963971 0: 10.20%, 1: 89.80%
CHEMBL1963974 0: 88.26%, 1: 11.74%
CHEMBL1963983 0: 76.39%, 1: 23.61%
CHEMBL1964000 0: 76.77%, 1: 23.23%
CHEMBL1964005 0: 6.67%, 1: 93.33%
CHEMBL1964010 0: 76.06%, 1: 23.94%
CHEMBL1964015 0: 73.77%, 1: 26.23%
CHEMBL1964022 0: 76.61%, 1: 23.39%
CHEMBL1964023 0: 73.75%, 1: 26.25%
CHEMBL1964081 0: 47.98%, 1: 52.02%
CHEMBL1964095 0: 65.41%, 1: 34.59%
CHEMBL1964096 0: 11.36%, 1: 88.64%
CHEMBL1964100 0: 79.62%, 1: 20.38%
CHEMBL1964101 0: 34.62%, 1: 65.38%
CHEMBL1964102 0: 71.54%, 1: 28.46%
CHEMBL1964103 0: 51.58%, 1: 48.42%
CHEMBL1964104 0: 63.88%, 1: 36.12%
CHEMBL1964105 0: 64.53%, 1: 35.47%
CHEMBL1964106 0: 57.96%, 1: 42.04%
CHEMBL1964108 0: 69.62%, 1: 30.38%
CHEMBL1964111 0: 73.41%, 1: 26.59%
CHEMBL1964112 0: 87.59%, 1: 12.41%
CHEMBL1964114 0: 61.11%, 1: 38.89%
CHEMBL1964115 0: 43.36%, 1: 56.64%
CHEMBL1964116 0: 70.55%, 1: 29.45%
CHEMBL1964117 0: 63.66%, 1: 36.34%
CHEMBL1964118 0: 60.33%, 1: 39.67%
CHEMBL1964119 0: 57.23%, 1: 42.77%
CHEMBL2028073 0: 76.99%, 1: 23.01%
CHEMBL2028074 0: 74.88%, 1: 25.12%
CHEMBL2028075 0: 56.46%, 1: 43.54%
CHEMBL2028076 0: 85.04%, 1: 14.96%
CHEMBL2028077 0: 96.19%, 1: 3.81%
CHEMBL2095143 0: 93.77%, 1: 6.23%
CHEMBL2098499 0: 74.45%, 1: 25.55%
CHEMBL2114715 0: 60.31%, 1: 39.69%
CHEMBL2114716 0: 12.27%, 1: 87.73%
CHEMBL2114719 0: 77.41%, 1: 22.59%
CHEMBL2114725 0: 51.74%, 1: 48.26%
CHEMBL2114727 0: 16.96%, 1: 83.04%
CHEMBL2114728 0: 9.82%, 1: 90.18%
CHEMBL2114737 0: 87.93%, 1: 12.07%
CHEMBL2114742 0: 33.90%, 1: 66.10%
CHEMBL2114748 0: 59.44%, 1: 40.56%
CHEMBL2114752 0: 15.02%, 1: 84.98%
CHEMBL2114753 0: 8.36%, 1: 91.64%
CHEMBL2114761 0: 78.40%, 1: 21.60%
CHEMBL2114764 0: 42.92%, 1: 57.08%
CHEMBL2114771 0: 64.02%, 1: 35.98%
CHEMBL2114791 0: 1.99%, 1: 98.01%
CHEMBL2114797 0: 42.41%, 1: 57.59%
CHEMBL2114811 0: 10.16%, 1: 89.84%
