wandb: Tracking run with wandb version 0.9.3
wandb: Run data is saved locally in wandb/run-20200720_111055-1eibhgav
wandb: Syncing run ffn_0.2_dropout_500_hidden_size
wandb: ⭐️ View project at https://app.wandb.ai/apappu97/molecule-metalearning-chemprop
wandb: 🚀 View run at https://app.wandb.ai/apappu97/molecule-metalearning-chemprop/runs/1eibhgav
wandb: Run `wandb off` to turn off syncing.

Fold 0
Command line
python chemprop/train.py --data_path filtered_chembl/chembl_less_1024_more_128_645_tasks.csv --dataset_type classification --split_type scaffold_balanced --features_only --features_generator morgan --dropout 0.2 --ffn_hidden_size 500 --num_folds 2 --epochs 30 --results_save_dir results/initial_hyperparameter_tuning/ --experiment_name ffn_0.2_dropout_500_hidden_size
Args
{'ANIL': False,
 'FO_MAML': False,
 'activation': 'ReLU',
 'atom_messages': False,
 'batch_size': 50,
 'bias': False,
 'cache_cutoff': 10000,
 'checkpoint_dir': None,
 'checkpoint_path': None,
 'checkpoint_paths': None,
 'chembl_assay_metadata_pickle_path': None,
 'class_balance': False,
 'config_path': None,
 'crossval_index_dir': None,
 'crossval_index_file': None,
 'crossval_index_sets': None,
 'data_path': 'filtered_chembl/chembl_less_1024_more_128_645_tasks.csv',
 'dataset_type': 'classification',
 'depth': 3,
 'dropout': 0.2,
 'dummy': False,
 'ensemble_size': 1,
 'epochs': 30,
 'experiment_name': 'ffn_0.2_dropout_500_hidden_size',
 'features_generator': ['morgan'],
 'features_only': True,
 'features_path': None,
 'features_size': None,
 'ffn_hidden_size': 500,
 'ffn_num_layers': 2,
 'final_lr': 0.0001,
 'folds_file': None,
 'gpu': None,
 'hidden_size': 300,
 'init_lr': 0.0001,
 'inner_loop_lr': 0.05,
 'log_frequency': 10,
 'max_data_size': None,
 'max_lr': 0.001,
 'meta_batch_size': 3,
 'meta_learning': False,
 'meta_test_split_sizes': (0.8, 0.1, 0.1),
 'meta_train_split_sizes': (0.8, 0.2, 0),
 'metric': 'auc',
 'minimize_score': False,
 'multiclass_num_classes': 3,
 'no_cuda': False,
 'no_features_scaling': False,
 'num_folds': 2,
 'num_inner_gradient_steps': 2,
 'num_lrs': 1,
 'num_tasks': None,
 'num_workers': 8,
 'outer_loop_lr': 0.003,
 'pytorch_seed': 0,
 'quiet': False,
 'results_save_dir': 'results/initial_hyperparameter_tuning/',
 'save_dir': '/tmp/2273220.8.gpu.q/tmph0h57og_/fold_0',
 'save_smiles_splits': False,
 'seed': 0,
 'separate_test_features_path': None,
 'separate_test_path': None,
 'separate_val_features_path': None,
 'separate_val_path': None,
 'show_individual_scores': False,
 'smiles_column': None,
 'split_sizes': (0.8, 0.1, 0.1),
 'split_type': 'scaffold_balanced',
 'target_columns': None,
 'task_names': None,
 'test': False,
 'test_fold_index': None,
 'train_data_size': None,
 'undirected': False,
 'use_input_features': True,
 'val_fold_index': None,
 'warmup_epochs': 2.0}
Loading data
0it [00:00, ?it/s]633it [00:00, 6329.40it/s]1269it [00:00, 6336.47it/s]1906it [00:00, 6344.09it/s]2536it [00:00, 6330.49it/s]3135it [00:00, 6223.32it/s]3793it [00:00, 6297.78it/s]4349it [00:00, 4508.28it/s]4996it [00:00, 4959.28it/s]5644it [00:01, 5333.62it/s]6278it [00:01, 5599.68it/s]6934it [00:01, 5845.15it/s]7538it [00:01, 4725.22it/s]8177it [00:01, 5125.11it/s]8733it [00:01, 4464.48it/s]9390it [00:01, 4938.25it/s]10075it [00:01, 5343.26it/s]10761it [00:01, 5721.08it/s]11400it [00:02, 5905.22it/s]12061it [00:02, 6099.60it/s]12692it [00:02, 5471.09it/s]13353it [00:02, 5767.90it/s]14014it [00:02, 5996.08it/s]14662it [00:02, 6131.79it/s]15321it [00:02, 6261.03it/s]16008it [00:02, 6368.20it/s]16686it [00:02, 6484.83it/s]17341it [00:03, 2706.65it/s]17975it [00:03, 3268.34it/s]18620it [00:03, 3835.38it/s]19262it [00:03, 4362.04it/s]19905it [00:03, 4826.44it/s]20534it [00:03, 5182.01it/s]21211it [00:04, 5572.49it/s]21842it [00:04, 5024.40it/s]22502it [00:04, 5411.70it/s]23139it [00:04, 5666.58it/s]23763it [00:04, 5825.66it/s]24395it [00:04, 5963.33it/s]25064it [00:04, 6142.75it/s]25695it [00:04, 5545.70it/s]26354it [00:04, 5820.91it/s]27014it [00:05, 6032.73it/s]27672it [00:05, 6186.19it/s]28332it [00:05, 6303.50it/s]28973it [00:05, 6333.86it/s]29613it [00:05, 5584.77it/s]30291it [00:05, 5845.33it/s]30974it [00:05, 6108.95it/s]31625it [00:05, 6222.37it/s]32282it [00:05, 6321.21it/s]32923it [00:06, 6347.20it/s]33583it [00:06, 6419.33it/s]34230it [00:06, 5670.38it/s]34888it [00:06, 5913.76it/s]35546it [00:06, 6096.88it/s]36215it [00:06, 6224.41it/s]36899it [00:06, 6396.92it/s]37547it [00:06, 6409.87it/s]38194it [00:06, 5640.31it/s]38849it [00:07, 5883.88it/s]39503it [00:07, 6065.32it/s]40154it [00:07, 6191.63it/s]40813it [00:07, 6304.56it/s]41461it [00:07, 6354.47it/s]42139it [00:07, 5608.49it/s]42820it [00:07, 5920.79it/s]43480it [00:07, 6109.31it/s]44134it [00:07, 6231.45it/s]44791it [00:07, 6329.21it/s]45432it [00:08, 6350.46it/s]46089it [00:08, 6414.37it/s]46735it [00:08, 5494.56it/s]47392it [00:08, 5777.95it/s]48071it [00:08, 6001.73it/s]48749it [00:08, 6214.03it/s]49408it [00:08, 6321.15it/s]50060it [00:08, 6377.61it/s]50706it [00:08, 5491.80it/s]51360it [00:09, 5767.91it/s]51973it [00:09, 5870.27it/s]52608it [00:09, 6002.86it/s]53235it [00:09, 6078.56it/s]53864it [00:09, 6138.64it/s]54486it [00:09, 6162.10it/s]55107it [00:09, 5426.51it/s]55749it [00:09, 5652.15it/s]56416it [00:09, 5922.68it/s]57066it [00:10, 6082.56it/s]57722it [00:10, 6217.09it/s]58368it [00:10, 6286.39it/s]59003it [00:10, 5542.90it/s]59660it [00:10, 5815.45it/s]60319it [00:10, 6026.27it/s]60979it [00:10, 6172.14it/s]61666it [00:10, 6365.06it/s]61865it [00:10, 5718.33it/s]
  0% 0/61865 [00:00<?, ?it/s]  0% 159/61865 [00:00<00:38, 1588.56it/s]  1% 327/61865 [00:00<00:38, 1614.65it/s]  1% 485/61865 [00:00<00:38, 1604.02it/s]  1% 651/61865 [00:00<00:37, 1617.94it/s]  1% 816/61865 [00:00<00:37, 1627.15it/s]  2% 986/61865 [00:00<00:36, 1646.72it/s]  2% 1141/61865 [00:00<00:37, 1613.81it/s]  2% 1290/61865 [00:00<00:41, 1446.09it/s]  2% 1453/61865 [00:00<00:40, 1495.50it/s]  3% 1599/61865 [00:02<02:59, 335.33it/s]   3% 1759/61865 [00:02<02:16, 439.47it/s]  3% 1931/61865 [00:02<01:45, 565.56it/s]  3% 2094/61865 [00:02<01:25, 702.82it/s]  4% 2260/61865 [00:02<01:10, 849.56it/s]  4% 2427/61865 [00:02<00:59, 996.19it/s]  4% 2589/61865 [00:02<00:52, 1126.24it/s]  4% 2753/61865 [00:02<00:47, 1242.40it/s]  5% 2929/61865 [00:02<00:43, 1361.72it/s]  5% 3108/61865 [00:03<00:40, 1466.19it/s]  5% 3279/61865 [00:03<00:38, 1531.65it/s]  6% 3453/61865 [00:03<00:36, 1586.28it/s]  6% 3625/61865 [00:03<00:35, 1623.98it/s]  6% 3796/61865 [00:03<00:35, 1636.34it/s]  6% 3966/61865 [00:03<00:35, 1609.50it/s]  7% 4132/61865 [00:03<00:36, 1596.70it/s]  7% 4306/61865 [00:03<00:35, 1635.26it/s]  7% 4476/61865 [00:03<00:34, 1652.07it/s]  8% 4643/61865 [00:03<00:34, 1651.07it/s]  8% 4810/61865 [00:04<00:34, 1647.98it/s]  8% 4977/61865 [00:04<00:34, 1651.73it/s]  8% 5143/61865 [00:04<00:34, 1643.86it/s]  9% 5308/61865 [00:04<00:34, 1626.71it/s]  9% 5472/61865 [00:04<00:34, 1618.13it/s]  9% 5635/61865 [00:04<00:34, 1614.67it/s]  9% 5797/61865 [00:04<00:34, 1614.78it/s] 10% 5959/61865 [00:04<00:34, 1606.55it/s] 10% 6120/61865 [00:04<00:34, 1597.02it/s] 10% 6283/61865 [00:04<00:34, 1606.69it/s] 10% 6444/61865 [00:05<00:34, 1605.87it/s] 11% 6607/61865 [00:05<00:34, 1610.56it/s] 11% 6770/61865 [00:05<00:34, 1614.61it/s] 11% 6934/61865 [00:05<00:33, 1621.66it/s] 11% 7104/61865 [00:05<00:33, 1641.79it/s] 12% 7272/61865 [00:05<00:33, 1650.46it/s] 12% 7438/61865 [00:05<00:33, 1610.93it/s] 12% 7600/61865 [00:05<00:34, 1588.34it/s] 13% 7762/61865 [00:05<00:33, 1595.30it/s] 13% 7938/61865 [00:06<00:32, 1639.39it/s] 13% 8103/61865 [00:06<00:32, 1640.19it/s] 13% 8268/61865 [00:06<00:33, 1602.26it/s] 14% 8429/61865 [00:06<00:33, 1602.74it/s] 14% 8601/61865 [00:06<00:32, 1633.54it/s] 14% 8766/61865 [00:06<00:32, 1636.14it/s] 14% 8930/61865 [00:06<00:32, 1633.10it/s] 15% 9095/61865 [00:06<00:32, 1635.62it/s] 15% 9261/61865 [00:06<00:32, 1642.05it/s] 15% 9426/61865 [00:06<00:32, 1635.37it/s] 16% 9590/61865 [00:07<00:32, 1627.03it/s] 16% 9753/61865 [00:07<00:32, 1625.65it/s] 16% 9920/61865 [00:07<00:31, 1637.46it/s] 16% 10085/61865 [00:07<00:31, 1639.51it/s] 17% 10249/61865 [00:07<00:31, 1622.47it/s] 17% 10413/61865 [00:07<00:31, 1626.07it/s] 17% 10576/61865 [00:07<00:31, 1625.37it/s] 17% 10739/61865 [00:07<00:31, 1626.51it/s] 18% 10902/61865 [00:07<00:31, 1621.75it/s] 18% 11065/61865 [00:07<00:31, 1614.93it/s] 18% 11234/61865 [00:08<00:30, 1634.69it/s] 18% 11400/61865 [00:08<00:30, 1642.15it/s] 19% 11565/61865 [00:08<00:30, 1639.77it/s] 19% 11730/61865 [00:08<00:30, 1631.37it/s] 19% 11896/61865 [00:08<00:30, 1639.33it/s] 19% 12063/61865 [00:08<00:30, 1645.93it/s] 20% 12230/61865 [00:08<00:30, 1649.67it/s] 20% 12395/61865 [00:08<00:30, 1639.15it/s] 20% 12559/61865 [00:08<00:30, 1636.44it/s] 21% 12726/61865 [00:08<00:29, 1644.13it/s] 21% 12891/61865 [00:09<00:29, 1639.00it/s] 21% 13055/61865 [00:09<00:30, 1623.45it/s] 21% 13223/61865 [00:09<00:29, 1639.94it/s] 22% 13393/61865 [00:09<00:29, 1654.86it/s] 22% 13560/61865 [00:09<00:29, 1659.17it/s] 22% 13726/61865 [00:09<00:29, 1649.70it/s] 22% 13892/61865 [00:09<00:29, 1651.41it/s] 23% 14058/61865 [00:09<00:29, 1643.07it/s] 23% 14223/61865 [00:09<00:29, 1635.86it/s] 23% 14387/61865 [00:09<00:29, 1623.91it/s] 24% 14550/61865 [00:10<00:29, 1615.21it/s] 24% 14712/61865 [00:10<00:29, 1604.89it/s] 24% 14877/61865 [00:10<00:29, 1617.21it/s] 24% 15041/61865 [00:10<00:28, 1622.84it/s] 25% 15204/61865 [00:10<00:28, 1621.62it/s] 25% 15371/61865 [00:10<00:28, 1633.55it/s] 25% 15536/61865 [00:10<00:28, 1635.30it/s] 25% 15701/61865 [00:10<00:28, 1639.66it/s] 26% 15865/61865 [00:10<00:28, 1635.32it/s] 26% 16032/61865 [00:10<00:27, 1642.64it/s] 26% 16198/61865 [00:11<00:27, 1645.89it/s] 26% 16363/61865 [00:11<00:27, 1644.76it/s] 27% 16528/61865 [00:11<00:27, 1632.58it/s] 27% 16697/61865 [00:11<00:27, 1649.04it/s] 27% 16868/61865 [00:11<00:27, 1664.70it/s] 28% 17039/61865 [00:11<00:26, 1676.70it/s] 28% 17207/61865 [00:11<00:26, 1662.17it/s] 28% 17374/61865 [00:11<00:26, 1661.29it/s] 28% 17541/61865 [00:11<00:26, 1658.05it/s] 29% 17709/61865 [00:11<00:26, 1664.21it/s] 29% 17876/61865 [00:12<00:26, 1662.85it/s] 29% 18043/61865 [00:12<00:26, 1655.75it/s] 29% 18210/61865 [00:12<00:26, 1658.03it/s] 30% 18376/61865 [00:12<00:26, 1653.25it/s] 30% 18543/61865 [00:12<00:26, 1656.10it/s] 30% 18709/61865 [00:12<00:26, 1647.13it/s] 31% 18874/61865 [00:12<00:26, 1642.40it/s] 31% 19039/61865 [00:12<00:26, 1643.50it/s] 31% 19204/61865 [00:12<00:25, 1645.01it/s] 31% 19369/61865 [00:12<00:26, 1633.97it/s] 32% 19538/61865 [00:13<00:25, 1647.97it/s] 32% 19706/61865 [00:13<00:25, 1656.15it/s] 32% 19872/61865 [00:13<00:25, 1651.86it/s] 32% 20038/61865 [00:13<00:25, 1635.30it/s] 33% 20203/61865 [00:13<00:25, 1638.18it/s] 33% 20367/61865 [00:13<00:25, 1631.82it/s] 33% 20532/61865 [00:13<00:25, 1635.81it/s] 33% 20696/61865 [00:13<00:25, 1632.11it/s] 34% 20861/61865 [00:13<00:25, 1637.27it/s] 34% 21026/61865 [00:13<00:24, 1640.17it/s] 34% 21192/61865 [00:14<00:24, 1644.32it/s] 35% 21357/61865 [00:14<00:24, 1636.44it/s] 35% 21521/61865 [00:14<00:24, 1620.58it/s] 35% 21688/61865 [00:14<00:24, 1634.63it/s] 35% 21855/61865 [00:14<00:24, 1643.04it/s] 36% 22023/61865 [00:14<00:24, 1651.76it/s] 36% 22189/61865 [00:14<00:24, 1649.84it/s] 36% 22355/61865 [00:14<00:24, 1645.54it/s] 36% 22524/61865 [00:14<00:23, 1657.65it/s] 37% 22690/61865 [00:15<00:23, 1656.61it/s] 37% 22856/61865 [00:15<00:23, 1650.84it/s] 37% 23022/61865 [00:15<00:23, 1652.59it/s] 37% 23190/61865 [00:15<00:23, 1658.09it/s] 38% 23357/61865 [00:15<00:23, 1661.58it/s] 38% 23524/61865 [00:15<00:23, 1654.33it/s] 38% 23692/61865 [00:15<00:23, 1658.82it/s] 39% 23858/61865 [00:15<00:22, 1658.77it/s] 39% 24027/61865 [00:15<00:22, 1666.25it/s] 39% 24194/61865 [00:15<00:22, 1656.23it/s] 39% 24360/61865 [00:16<00:22, 1644.30it/s] 40% 24529/61865 [00:16<00:22, 1655.55it/s] 40% 24696/61865 [00:16<00:22, 1656.73it/s] 40% 24862/61865 [00:16<00:22, 1646.02it/s] 40% 25027/61865 [00:16<00:22, 1644.20it/s] 41% 25194/61865 [00:16<00:22, 1650.38it/s] 41% 25361/61865 [00:16<00:22, 1655.21it/s] 41% 25527/61865 [00:16<00:22, 1650.63it/s] 42% 25693/61865 [00:16<00:22, 1638.03it/s] 42% 25860/61865 [00:16<00:21, 1646.49it/s] 42% 26025/61865 [00:17<00:21, 1646.32it/s] 42% 26191/61865 [00:17<00:21, 1648.36it/s] 43% 26356/61865 [00:17<00:21, 1636.56it/s] 43% 26521/61865 [00:17<00:21, 1639.06it/s] 43% 26689/61865 [00:17<00:21, 1648.86it/s] 43% 26857/61865 [00:17<00:21, 1656.56it/s] 44% 27023/61865 [00:17<00:21, 1644.83it/s] 44% 27188/61865 [00:17<00:21, 1640.35it/s] 44% 27355/61865 [00:17<00:20, 1648.91it/s] 44% 27522/61865 [00:17<00:20, 1654.96it/s] 45% 27688/61865 [00:18<00:20, 1648.41it/s] 45% 27855/61865 [00:18<00:20, 1654.02it/s] 45% 28021/61865 [00:18<00:20, 1654.31it/s] 46% 28187/61865 [00:18<00:20, 1644.33it/s] 46% 28352/61865 [00:18<00:20, 1636.97it/s] 46% 28516/61865 [00:18<00:20, 1634.68it/s] 46% 28681/61865 [00:18<00:20, 1637.12it/s] 47% 28845/61865 [00:18<00:20, 1611.82it/s] 47% 29007/61865 [00:18<00:20, 1605.34it/s] 47% 29172/61865 [00:18<00:20, 1617.06it/s] 47% 29339/61865 [00:19<00:19, 1632.23it/s] 48% 29505/61865 [00:19<00:19, 1639.75it/s] 48% 29673/61865 [00:19<00:19, 1650.90it/s] 48% 29839/61865 [00:19<00:19, 1643.49it/s] 48% 30004/61865 [00:19<00:19, 1637.91it/s] 49% 30172/61865 [00:19<00:19, 1647.29it/s] 49% 30337/61865 [00:19<00:19, 1647.77it/s] 49% 30502/61865 [00:19<00:19, 1638.60it/s] 50% 30671/61865 [00:19<00:18, 1651.92it/s] 50% 30837/61865 [00:19<00:18, 1654.02it/s] 50% 31003/61865 [00:20<00:18, 1649.37it/s] 50% 31168/61865 [00:20<00:18, 1632.96it/s] 51% 31332/61865 [00:20<00:18, 1634.72it/s] 51% 31499/61865 [00:20<00:18, 1644.35it/s] 51% 31667/61865 [00:20<00:18, 1654.67it/s] 51% 31833/61865 [00:20<00:18, 1649.55it/s] 52% 31998/61865 [00:20<00:18, 1648.94it/s] 52% 32163/61865 [00:20<00:18, 1648.56it/s] 52% 32328/61865 [00:20<00:18, 1640.17it/s] 53% 32493/61865 [00:20<00:17, 1633.41it/s] 53% 32657/61865 [00:21<00:17, 1625.81it/s] 53% 32822/61865 [00:21<00:17, 1631.96it/s] 53% 32988/61865 [00:21<00:17, 1638.01it/s] 54% 33154/61865 [00:21<00:17, 1642.39it/s] 54% 33319/61865 [00:21<00:17, 1641.25it/s] 54% 33484/61865 [00:21<00:17, 1642.15it/s] 54% 33651/61865 [00:21<00:17, 1647.31it/s] 55% 33817/61865 [00:21<00:16, 1650.14it/s] 55% 33983/61865 [00:21<00:16, 1642.75it/s] 55% 34150/61865 [00:21<00:16, 1649.39it/s] 55% 34319/61865 [00:22<00:16, 1661.09it/s] 56% 34486/61865 [00:22<00:16, 1662.01it/s] 56% 34653/61865 [00:22<00:16, 1646.31it/s] 56% 34818/61865 [00:22<00:16, 1643.07it/s] 57% 34983/61865 [00:22<00:16, 1638.35it/s] 57% 35147/61865 [00:22<00:16, 1635.02it/s] 57% 35311/61865 [00:22<00:16, 1622.99it/s] 57% 35474/61865 [00:22<00:16, 1612.61it/s] 58% 35637/61865 [00:22<00:16, 1616.02it/s] 58% 35803/61865 [00:22<00:16, 1626.29it/s] 58% 35969/61865 [00:23<00:15, 1634.75it/s] 58% 36133/61865 [00:23<00:15, 1626.07it/s] 59% 36296/61865 [00:23<00:15, 1626.02it/s] 59% 36462/61865 [00:23<00:15, 1635.83it/s] 59% 36628/61865 [00:23<00:15, 1640.46it/s] 59% 36793/61865 [00:23<00:15, 1640.84it/s] 60% 36960/61865 [00:23<00:15, 1649.45it/s] 60% 37128/61865 [00:23<00:14, 1657.47it/s] 60% 37294/61865 [00:23<00:14, 1651.05it/s] 61% 37460/61865 [00:23<00:14, 1627.76it/s] 61% 37625/61865 [00:24<00:14, 1632.26it/s] 61% 37793/61865 [00:24<00:14, 1643.52it/s] 61% 37960/61865 [00:24<00:14, 1651.07it/s] 62% 38126/61865 [00:24<00:14, 1634.33it/s] 62% 38292/61865 [00:24<00:14, 1639.76it/s] 62% 38458/61865 [00:24<00:14, 1645.44it/s] 62% 38625/61865 [00:24<00:14, 1650.70it/s] 63% 38791/61865 [00:24<00:14, 1641.47it/s] 63% 38956/61865 [00:24<00:14, 1633.50it/s] 63% 39123/61865 [00:25<00:13, 1643.20it/s] 64% 39293/61865 [00:25<00:13, 1657.86it/s] 64% 39459/61865 [00:25<00:13, 1652.22it/s] 64% 39625/61865 [00:25<00:13, 1646.72it/s] 64% 39794/61865 [00:25<00:13, 1656.70it/s] 65% 39960/61865 [00:25<00:13, 1656.70it/s] 65% 40126/61865 [00:25<00:13, 1648.42it/s] 65% 40291/61865 [00:25<00:13, 1639.68it/s] 65% 40455/61865 [00:25<00:13, 1634.85it/s] 66% 40619/61865 [00:25<00:13, 1633.44it/s] 66% 40785/61865 [00:26<00:12, 1639.83it/s] 66% 40950/61865 [00:26<00:12, 1619.25it/s] 66% 41119/61865 [00:26<00:12, 1637.22it/s] 67% 41285/61865 [00:26<00:12, 1642.63it/s] 67% 41454/61865 [00:26<00:12, 1654.20it/s] 67% 41620/61865 [00:26<00:12, 1638.78it/s] 68% 41786/61865 [00:26<00:12, 1642.89it/s] 68% 41953/61865 [00:26<00:12, 1650.83it/s] 68% 42119/61865 [00:26<00:11, 1649.63it/s] 68% 42284/61865 [00:26<00:11, 1645.82it/s] 69% 42449/61865 [00:27<00:11, 1632.80it/s] 69% 42613/61865 [00:27<00:11, 1627.64it/s] 69% 42776/61865 [00:27<00:11, 1627.99it/s] 69% 42942/61865 [00:27<00:11, 1636.75it/s] 70% 43107/61865 [00:27<00:11, 1638.42it/s] 70% 43271/61865 [00:27<00:11, 1638.59it/s] 70% 43439/61865 [00:27<00:11, 1649.59it/s] 70% 43606/61865 [00:27<00:11, 1652.97it/s] 71% 43772/61865 [00:27<00:11, 1608.91it/s] 71% 43938/61865 [00:27<00:11, 1622.65it/s] 71% 44105/61865 [00:28<00:10, 1635.27it/s] 72% 44273/61865 [00:28<00:10, 1646.92it/s] 72% 44438/61865 [00:28<00:10, 1633.41it/s] 72% 44608/61865 [00:28<00:10, 1652.04it/s] 72% 44777/61865 [00:28<00:10, 1662.22it/s] 73% 44944/61865 [00:28<00:10, 1658.12it/s] 73% 45110/61865 [00:28<00:10, 1645.62it/s] 73% 45279/61865 [00:28<00:10, 1657.25it/s] 73% 45445/61865 [00:28<00:09, 1651.14it/s] 74% 45611/61865 [00:28<00:09, 1634.81it/s] 74% 45775/61865 [00:29<00:09, 1627.36it/s] 74% 45938/61865 [00:29<00:09, 1626.08it/s] 75% 46103/61865 [00:29<00:09, 1630.73it/s] 75% 46268/61865 [00:29<00:09, 1633.50it/s] 75% 46434/61865 [00:29<00:09, 1640.54it/s] 75% 46599/61865 [00:29<00:09, 1627.41it/s] 76% 46764/61865 [00:29<00:09, 1632.03it/s] 76% 46933/61865 [00:29<00:09, 1647.40it/s] 76% 47098/61865 [00:29<00:08, 1647.23it/s] 76% 47263/61865 [00:29<00:08, 1633.77it/s] 77% 47430/61865 [00:30<00:08, 1643.18it/s] 77% 47598/61865 [00:30<00:08, 1650.98it/s] 77% 47764/61865 [00:30<00:08, 1637.26it/s] 77% 47928/61865 [00:30<00:08, 1624.18it/s] 78% 48095/61865 [00:30<00:08, 1637.00it/s] 78% 48259/61865 [00:31<00:41, 330.17it/s]  78% 48421/61865 [00:31<00:30, 433.77it/s] 79% 48580/61865 [00:32<00:23, 554.65it/s] 79% 48742/61865 [00:32<00:18, 690.75it/s] 79% 48907/61865 [00:32<00:15, 836.56it/s] 79% 49069/61865 [00:32<00:13, 977.66it/s] 80% 49231/61865 [00:32<00:11, 1108.58it/s] 80% 49392/61865 [00:32<00:10, 1221.71it/s] 80% 49555/61865 [00:32<00:09, 1319.66it/s] 80% 49718/61865 [00:32<00:08, 1397.71it/s] 81% 49879/61865 [00:32<00:08, 1447.81it/s] 81% 50039/61865 [00:33<00:07, 1479.29it/s] 81% 50201/61865 [00:33<00:07, 1516.65it/s] 81% 50365/61865 [00:33<00:07, 1551.11it/s] 82% 50526/61865 [00:33<00:07, 1566.35it/s] 82% 50687/61865 [00:33<00:07, 1567.37it/s] 82% 50850/61865 [00:33<00:06, 1583.59it/s] 82% 51011/61865 [00:33<00:06, 1586.28it/s] 83% 51171/61865 [00:33<00:06, 1586.43it/s] 83% 51331/61865 [00:33<00:06, 1586.49it/s] 83% 51491/61865 [00:33<00:06, 1584.13it/s] 83% 51650/61865 [00:34<00:06, 1577.75it/s] 84% 51809/61865 [00:34<00:06, 1580.56it/s] 84% 51971/61865 [00:34<00:06, 1590.83it/s] 84% 52131/61865 [00:34<00:06, 1585.88it/s] 85% 52295/61865 [00:34<00:05, 1600.84it/s] 85% 52456/61865 [00:34<00:05, 1587.11it/s] 85% 52616/61865 [00:34<00:05, 1590.58it/s] 85% 52776/61865 [00:34<00:05, 1582.47it/s] 86% 52937/61865 [00:34<00:05, 1589.40it/s] 86% 53100/61865 [00:34<00:05, 1600.06it/s] 86% 53261/61865 [00:35<00:05, 1580.59it/s] 86% 53424/61865 [00:35<00:05, 1594.22it/s] 87% 53589/61865 [00:35<00:05, 1608.64it/s] 87% 53753/61865 [00:35<00:05, 1615.22it/s] 87% 53915/61865 [00:35<00:04, 1616.05it/s] 87% 54077/61865 [00:35<00:04, 1610.21it/s] 88% 54239/61865 [00:35<00:04, 1597.83it/s] 88% 54403/61865 [00:35<00:04, 1608.55it/s] 88% 54568/61865 [00:35<00:04, 1619.09it/s] 88% 54733/61865 [00:35<00:04, 1626.56it/s] 89% 54896/61865 [00:36<00:04, 1610.11it/s] 89% 55059/61865 [00:36<00:04, 1613.70it/s] 89% 55221/61865 [00:36<00:04, 1608.58it/s] 90% 55382/61865 [00:36<00:04, 1574.91it/s] 90% 55540/61865 [00:36<00:04, 1551.18it/s] 90% 55702/61865 [00:36<00:03, 1571.03it/s] 90% 55861/61865 [00:36<00:03, 1574.62it/s] 91% 56026/61865 [00:36<00:03, 1594.26it/s] 91% 56193/61865 [00:36<00:03, 1614.68it/s] 91% 56355/61865 [00:36<00:03, 1610.00it/s] 91% 56524/61865 [00:37<00:03, 1631.14it/s] 92% 56688/61865 [00:37<00:03, 1587.36it/s] 92% 56848/61865 [00:37<00:03, 1564.01it/s] 92% 57005/61865 [00:37<00:03, 1528.72it/s] 92% 57159/61865 [00:37<00:03, 1512.55it/s] 93% 57311/61865 [00:37<00:03, 1487.44it/s] 93% 57461/61865 [00:37<00:03, 1443.86it/s] 93% 57606/61865 [00:37<00:03, 1412.12it/s] 93% 57748/61865 [00:37<00:02, 1387.59it/s] 94% 57888/61865 [00:38<00:02, 1374.83it/s] 94% 58026/61865 [00:38<00:02, 1361.26it/s] 94% 58163/61865 [00:38<00:02, 1350.71it/s] 94% 58299/61865 [00:38<00:02, 1348.43it/s] 94% 58436/61865 [00:38<00:02, 1351.90it/s] 95% 58584/61865 [00:38<00:02, 1385.14it/s] 95% 58741/61865 [00:38<00:02, 1435.43it/s] 95% 58909/61865 [00:38<00:01, 1498.80it/s] 95% 59073/61865 [00:38<00:01, 1537.86it/s] 96% 59244/61865 [00:38<00:01, 1584.48it/s] 96% 59404/61865 [00:39<00:01, 1584.32it/s] 96% 59573/61865 [00:39<00:01, 1612.92it/s] 97% 59735/61865 [00:39<00:01, 1614.51it/s] 97% 59897/61865 [00:39<00:01, 1568.76it/s] 97% 60055/61865 [00:39<00:01, 1551.17it/s] 97% 60213/61865 [00:39<00:01, 1557.67it/s] 98% 60377/61865 [00:39<00:00, 1579.94it/s] 98% 60542/61865 [00:39<00:00, 1599.52it/s] 98% 60712/61865 [00:39<00:00, 1626.26it/s] 98% 60882/61865 [00:39<00:00, 1646.85it/s] 99% 61051/61865 [00:40<00:00, 1659.17it/s] 99% 61218/61865 [00:40<00:00, 1656.84it/s] 99% 61388/61865 [00:40<00:00, 1669.48it/s]100% 61556/61865 [00:40<00:00, 1669.95it/s]100% 61724/61865 [00:40<00:00, 1668.42it/s]100% 61865/61865 [00:40<00:00, 1525.97it/s]
  0% 0/61865 [00:00<?, ?it/s] 24% 14786/61865 [00:00<00:00, 147858.03it/s] 46% 28680/61865 [00:00<00:00, 145063.10it/s] 70% 43317/61865 [00:00<00:00, 145451.51it/s] 93% 57717/61865 [00:00<00:00, 145012.93it/s]100% 61865/61865 [00:00<00:00, 145594.45it/s]
Number of tasks = 645
Splitting data with seed 0
  0% 0/61865 [00:00<?, ?it/s]  1% 603/61865 [00:00<00:10, 6026.40it/s]  2% 1174/61865 [00:00<00:10, 5923.90it/s]  3% 1714/61865 [00:00<00:10, 5753.54it/s]  4% 2226/61865 [00:00<00:10, 5545.79it/s]  4% 2726/61865 [00:00<00:11, 5366.27it/s]  5% 3329/61865 [00:00<00:10, 5547.04it/s]  6% 3858/61865 [00:00<00:10, 5464.61it/s]  7% 4358/61865 [00:00<00:11, 5204.60it/s]  8% 4876/61865 [00:00<00:10, 5195.06it/s]  9% 5375/61865 [00:01<00:11, 5013.26it/s]  9% 5863/61865 [00:01<00:11, 4874.25it/s] 10% 6342/61865 [00:01<00:11, 4785.07it/s] 11% 6815/61865 [00:01<00:11, 4726.81it/s] 12% 7312/61865 [00:01<00:11, 4793.27it/s] 13% 7789/61865 [00:01<00:11, 4650.19it/s] 13% 8254/61865 [00:01<00:11, 4547.25it/s] 14% 8709/61865 [00:01<00:11, 4482.63it/s] 15% 9199/61865 [00:01<00:11, 4599.78it/s] 16% 9686/61865 [00:01<00:11, 4675.37it/s] 16% 10167/61865 [00:02<00:10, 4714.56it/s] 17% 10640/61865 [00:02<00:10, 4692.00it/s] 18% 11122/61865 [00:02<00:10, 4727.44it/s] 19% 11599/61865 [00:02<00:10, 4738.84it/s] 20% 12089/61865 [00:02<00:10, 4783.55it/s] 20% 12585/61865 [00:02<00:10, 4834.09it/s] 21% 13073/61865 [00:02<00:10, 4847.76it/s] 22% 13589/61865 [00:02<00:09, 4935.65it/s] 23% 14084/61865 [00:02<00:09, 4905.26it/s] 24% 14575/61865 [00:02<00:09, 4836.56it/s] 24% 15060/61865 [00:03<00:09, 4785.52it/s] 25% 15551/61865 [00:03<00:09, 4820.24it/s] 26% 16041/61865 [00:03<00:09, 4842.00it/s] 27% 16532/61865 [00:03<00:09, 4859.42it/s] 28% 17063/61865 [00:03<00:08, 4983.52it/s] 28% 17563/61865 [00:03<00:08, 4961.82it/s] 29% 18080/61865 [00:03<00:08, 5019.70it/s] 30% 18583/61865 [00:03<00:08, 5008.43it/s] 31% 19085/61865 [00:03<00:08, 4963.70it/s] 32% 19582/61865 [00:03<00:08, 4926.49it/s] 32% 20075/61865 [00:04<00:08, 4905.71it/s] 33% 20566/61865 [00:04<00:08, 4868.68it/s] 34% 21054/61865 [00:04<00:08, 4870.38it/s] 35% 21542/61865 [00:04<00:08, 4825.95it/s] 36% 22043/61865 [00:04<00:08, 4879.42it/s] 36% 22548/61865 [00:04<00:07, 4927.30it/s] 37% 23050/61865 [00:04<00:07, 4954.08it/s] 38% 23556/61865 [00:04<00:07, 4982.45it/s] 39% 24061/61865 [00:04<00:07, 5001.63it/s] 40% 24564/61865 [00:04<00:07, 5009.82it/s] 41% 25066/61865 [00:05<00:07, 4986.28it/s] 41% 25565/61865 [00:05<00:07, 4967.92it/s] 42% 26062/61865 [00:05<00:07, 4947.42it/s] 43% 26557/61865 [00:05<00:07, 4917.39it/s] 44% 27061/61865 [00:05<00:07, 4952.28it/s] 45% 27562/61865 [00:05<00:06, 4969.05it/s] 45% 28060/61865 [00:05<00:06, 4972.00it/s] 46% 28558/61865 [00:05<00:06, 4906.44it/s] 47% 29049/61865 [00:05<00:06, 4843.79it/s] 48% 29549/61865 [00:05<00:06, 4887.93it/s] 49% 30054/61865 [00:06<00:06, 4934.35it/s] 49% 30548/61865 [00:06<00:06, 4931.71it/s] 50% 31055/61865 [00:06<00:06, 4967.66it/s] 51% 31552/61865 [00:06<00:06, 4954.47it/s] 52% 32056/61865 [00:06<00:05, 4976.41it/s] 53% 32554/61865 [00:06<00:05, 4913.36it/s] 53% 33046/61865 [00:06<00:05, 4883.33it/s] 54% 33542/61865 [00:06<00:05, 4905.26it/s] 55% 34040/61865 [00:06<00:05, 4927.30it/s] 56% 34548/61865 [00:07<00:05, 4971.55it/s] 57% 35046/61865 [00:07<00:05, 4898.11it/s] 57% 35537/61865 [00:07<00:05, 4847.51it/s] 58% 36023/61865 [00:07<00:05, 4849.91it/s] 59% 36509/61865 [00:07<00:05, 4845.66it/s] 60% 37014/61865 [00:07<00:05, 4903.95it/s] 61% 37521/61865 [00:07<00:04, 4951.66it/s] 61% 38029/61865 [00:07<00:04, 4987.34it/s] 62% 38530/61865 [00:07<00:04, 4992.16it/s] 63% 39030/61865 [00:07<00:04, 4946.17it/s] 64% 39525/61865 [00:08<00:04, 4931.72it/s] 65% 40019/61865 [00:08<00:04, 4927.77it/s] 65% 40512/61865 [00:08<00:04, 4880.44it/s] 66% 41001/61865 [00:08<00:04, 4882.22it/s] 67% 41499/61865 [00:08<00:04, 4911.06it/s] 68% 41995/61865 [00:08<00:04, 4923.45it/s] 69% 42488/61865 [00:08<00:03, 4874.59it/s] 69% 42976/61865 [00:08<00:03, 4875.55it/s] 70% 43479/61865 [00:08<00:03, 4918.83it/s] 71% 43972/61865 [00:08<00:03, 4910.20it/s] 72% 44470/61865 [00:09<00:03, 4930.43it/s] 73% 44977/61865 [00:09<00:03, 4969.50it/s] 74% 45475/61865 [00:09<00:03, 4970.95it/s] 74% 45973/61865 [00:09<00:03, 4897.21it/s] 75% 46464/61865 [00:09<00:03, 4877.86it/s] 76% 46961/61865 [00:09<00:03, 4903.50it/s] 77% 47453/61865 [00:09<00:02, 4907.11it/s] 77% 47944/61865 [00:09<00:02, 4860.76it/s] 78% 48431/61865 [00:09<00:02, 4799.21it/s] 79% 48912/61865 [00:09<00:02, 4750.24it/s] 80% 49388/61865 [00:10<00:02, 4674.95it/s] 81% 49856/61865 [00:10<00:02, 4615.72it/s] 81% 50319/61865 [00:10<00:02, 4566.79it/s] 82% 50777/61865 [00:10<00:02, 4532.87it/s] 83% 51231/61865 [00:10<00:02, 4482.32it/s] 84% 51680/61865 [00:10<00:02, 4425.91it/s] 84% 52126/61865 [00:10<00:02, 4432.56it/s] 85% 52570/61865 [00:10<00:02, 4364.87it/s] 86% 53028/61865 [00:10<00:01, 4424.82it/s] 86% 53471/61865 [00:10<00:01, 4222.23it/s] 87% 53923/61865 [00:11<00:01, 4305.63it/s] 88% 54368/61865 [00:11<00:01, 4345.39it/s] 89% 54842/61865 [00:11<00:01, 4454.82it/s] 89% 55290/61865 [00:11<00:01, 4460.73it/s] 90% 55738/61865 [00:11<00:01, 4276.84it/s] 91% 56211/61865 [00:11<00:01, 4402.47it/s] 92% 56654/61865 [00:11<00:01, 4393.30it/s] 92% 57096/61865 [00:11<00:01, 4150.95it/s] 93% 57516/61865 [00:11<00:01, 3715.82it/s] 94% 57899/61865 [00:12<00:01, 3371.34it/s] 94% 58251/61865 [00:12<00:01, 3142.96it/s] 95% 58579/61865 [00:12<00:01, 3118.28it/s] 95% 59054/61865 [00:12<00:00, 3474.88it/s] 96% 59582/61865 [00:12<00:00, 3870.83it/s] 97% 59997/61865 [00:12<00:00, 3908.10it/s] 98% 60448/61865 [00:12<00:00, 4070.24it/s] 99% 60976/61865 [00:12<00:00, 4370.19it/s] 99% 61502/61865 [00:12<00:00, 4601.54it/s]100% 61865/61865 [00:13<00:00, 4750.22it/s]
Total scaffolds = 30,615 | train scaffolds = 24,639 | val scaffolds = 3,133 | test scaffolds = 2,843
/home/apappu/thesis/molecule-metalearning/chemprop/chemprop/data/scaffold.py:152: RuntimeWarning: Mean of empty slice
  target_avgs.append(np.nanmean(targets, axis=0))
Label averages per scaffold, in decreasing order of scaffold frequency,capped at 10 scaffolds and 20 labels: [(array([nan, nan, nan, nan, nan, nan, nan, nan, nan, nan, nan, nan, nan,
       nan, nan, nan, nan, nan, nan, nan]), array([0, 0, 0, 0, 0, 0, 0, 0, 0, 0, 0, 0, 0, 0, 0, 0, 0, 0, 0, 0])), (array([nan, nan, nan, nan, nan, nan, nan, nan, nan, nan, nan, nan, nan,
       nan, nan, 0.5, nan, nan, nan, nan]), array([0, 0, 0, 0, 0, 0, 0, 0, 0, 0, 0, 0, 0, 0, 0, 2, 0, 0, 0, 0])), (array([nan, nan, nan, nan, nan, nan, nan, nan, nan, nan, nan, nan, nan,
       nan, nan, nan, nan, nan, nan, nan]), array([0, 0, 0, 0, 0, 0, 0, 0, 0, 0, 0, 0, 0, 0, 0, 0, 0, 0, 0, 0])), (array([nan, nan, nan, nan, nan, nan, nan, nan, nan, nan, nan, nan, nan,
       nan, nan, nan, nan, nan, nan, nan]), array([0, 0, 0, 0, 0, 0, 0, 0, 0, 0, 0, 0, 0, 0, 0, 0, 0, 0, 0, 0])), (array([nan, nan, nan, nan, nan, nan, nan, nan, nan, nan, nan, nan, nan,
       nan, nan, nan, nan, nan, nan, nan]), array([0, 0, 0, 0, 0, 0, 0, 0, 0, 0, 0, 0, 0, 0, 0, 0, 0, 0, 0, 0])), (array([nan, nan, nan, nan, nan, nan, nan, nan, nan, nan, nan, nan, nan,
       nan, nan, nan, nan, nan, nan, nan]), array([0, 0, 0, 0, 0, 0, 0, 0, 0, 0, 0, 0, 0, 0, 0, 0, 0, 0, 0, 0])), (array([nan, nan, nan, nan, nan, nan, nan, nan, nan, nan, nan, nan, nan,
       nan, nan, nan, nan, nan, nan, nan]), array([0, 0, 0, 0, 0, 0, 0, 0, 0, 0, 0, 0, 0, 0, 0, 0, 0, 0, 0, 0])), (array([nan, nan, nan, nan, nan, nan, nan, nan, nan, nan, nan, nan, nan,
       nan, nan, nan, nan, nan, nan, nan]), array([0, 0, 0, 0, 0, 0, 0, 0, 0, 0, 0, 0, 0, 0, 0, 0, 0, 0, 0, 0])), (array([nan, nan, nan, nan, nan, nan, nan, nan, nan, nan, nan, nan, nan,
       nan, nan, nan, nan, nan, nan, nan]), array([0, 0, 0, 0, 0, 0, 0, 0, 0, 0, 0, 0, 0, 0, 0, 0, 0, 0, 0, 0])), (array([nan, nan, nan, nan, nan, nan, nan, nan, nan, nan, nan, nan, nan,
       nan, nan, nan, nan, nan, nan, nan]), array([0, 0, 0, 0, 0, 0, 0, 0, 0, 0, 0, 0, 0, 0, 0, 0, 0, 0, 0, 0]))]
Class sizes
CHEMBL1033994 0: 41.98%, 1: 58.02%
CHEMBL1119333 0: 9.59%, 1: 90.41%
CHEMBL1217000 0: 52.41%, 1: 47.59%
CHEMBL1243965 0: 17.11%, 1: 82.89%
CHEMBL1243966 0: 41.96%, 1: 58.04%
CHEMBL1243967 0: 10.17%, 1: 89.83%
CHEMBL1243968 0: 15.06%, 1: 84.94%
CHEMBL1243970 0: 6.91%, 1: 93.09%
CHEMBL1243972 0: 9.92%, 1: 90.08%
CHEMBL1243976 0: 28.99%, 1: 71.01%
CHEMBL1246087 0: 33.88%, 1: 66.12%
CHEMBL1246088 0: 48.37%, 1: 51.63%
CHEMBL1613762 0: 2.45%, 1: 97.55%
CHEMBL1613779 0: 58.47%, 1: 41.53%
CHEMBL1613785 0: 43.22%, 1: 56.78%
CHEMBL1613787 0: 69.08%, 1: 30.92%
CHEMBL1613807 0: 95.99%, 1: 4.01%
CHEMBL1613813 0: 44.20%, 1: 55.80%
CHEMBL1613814 0: 53.85%, 1: 46.15%
CHEMBL1613817 0: 84.86%, 1: 15.14%
CHEMBL1613853 0: 41.86%, 1: 58.14%
CHEMBL1613861 0: 14.47%, 1: 85.53%
CHEMBL1613864 0: 5.19%, 1: 94.81%
CHEMBL1613867 0: 97.13%, 1: 2.87%
CHEMBL1613870 0: 15.80%, 1: 84.20%
CHEMBL1613871 0: 6.15%, 1: 93.85%
CHEMBL1613874 0: 65.78%, 1: 34.22%
CHEMBL1613876 0: 54.35%, 1: 45.65%
CHEMBL1613884 0: 21.51%, 1: 78.49%
CHEMBL1613890 0: 34.85%, 1: 65.15%
CHEMBL1613897 0: 46.64%, 1: 53.36%
CHEMBL1613898 0: 75.45%, 1: 24.55%
CHEMBL1613904 0: 50.77%, 1: 49.23%
CHEMBL1613907 0: 5.34%, 1: 94.66%
CHEMBL1613926 0: 30.15%, 1: 69.85%
CHEMBL1613928 0: 45.90%, 1: 54.10%
CHEMBL1613929 0: 81.25%, 1: 18.75%
CHEMBL1613941 0: 32.58%, 1: 67.42%
CHEMBL1613942 0: 41.43%, 1: 58.57%
CHEMBL1613947 0: 46.01%, 1: 53.99%
CHEMBL1613949 0: 60.13%, 1: 39.87%
CHEMBL1613950 0: 43.05%, 1: 56.95%
CHEMBL1613955 0: 54.04%, 1: 45.96%
CHEMBL1613962 0: 24.26%, 1: 75.74%
CHEMBL1613967 0: 44.59%, 1: 55.41%
CHEMBL1613981 0: 58.85%, 1: 41.15%
CHEMBL1613991 0: 14.98%, 1: 85.02%
CHEMBL1613997 0: 7.73%, 1: 92.27%
CHEMBL1614001 0: 98.28%, 1: 1.72%
CHEMBL1614004 0: 14.66%, 1: 85.34%
CHEMBL1614016 0: 12.22%, 1: 87.78%
CHEMBL1614030 0: 19.96%, 1: 80.04%
CHEMBL1614034 0: 2.63%, 1: 97.37%
CHEMBL1614035 0: 77.14%, 1: 22.86%
CHEMBL1614049 0: 39.63%, 1: 60.37%
CHEMBL1614053 0: 42.48%, 1: 57.52%
CHEMBL1614063 0: 95.18%, 1: 4.82%
CHEMBL1614065 0: 9.71%, 1: 90.29%
CHEMBL1614066 0: 94.74%, 1: 5.26%
CHEMBL1614069 0: 56.82%, 1: 43.18%
CHEMBL1614072 0: 50.36%, 1: 49.64%
CHEMBL1614084 0: 13.26%, 1: 86.74%
CHEMBL1614091 0: 4.43%, 1: 95.57%
CHEMBL1614092 0: 47.50%, 1: 52.50%
CHEMBL1614097 0: 46.99%, 1: 53.01%
CHEMBL1614098 0: 97.25%, 1: 2.75%
CHEMBL1614104 0: 7.74%, 1: 92.26%
CHEMBL1614105 0: 6.12%, 1: 93.88%
CHEMBL1614109 0: 59.87%, 1: 40.13%
CHEMBL1614128 0: 10.35%, 1: 89.65%
CHEMBL1614131 0: 97.14%, 1: 2.86%
CHEMBL1614132 0: 42.07%, 1: 57.93%
CHEMBL1614138 0: 67.83%, 1: 32.17%
CHEMBL1614155 0: 25.40%, 1: 74.60%
CHEMBL1614158 0: 74.52%, 1: 25.48%
CHEMBL1614167 0: 16.17%, 1: 83.83%
CHEMBL1614170 0: 68.86%, 1: 31.14%
CHEMBL1614171 0: 93.77%, 1: 6.23%
CHEMBL1614175 0: 80.66%, 1: 19.34%
CHEMBL1614185 0: 26.17%, 1: 73.83%
CHEMBL1614197 0: 5.26%, 1: 94.74%
CHEMBL1614199 0: 49.66%, 1: 50.34%
CHEMBL1614202 0: 7.32%, 1: 92.68%
CHEMBL1614215 0: 52.76%, 1: 47.24%
CHEMBL1614216 0: 48.52%, 1: 51.48%
CHEMBL1614218 0: 22.36%, 1: 77.64%
CHEMBL1614225 0: 62.50%, 1: 37.50%
CHEMBL1614244 0: 38.85%, 1: 61.15%
CHEMBL1614247 0: 44.34%, 1: 55.66%
CHEMBL1614252 0: 60.11%, 1: 39.89%
CHEMBL1614255 0: 61.26%, 1: 38.74%
CHEMBL1614259 0: 32.82%, 1: 67.18%
CHEMBL1614272 0: 67.71%, 1: 32.29%
CHEMBL1614276 0: 51.74%, 1: 48.26%
CHEMBL1614287 0: 85.53%, 1: 14.47%
CHEMBL1614288 0: 72.51%, 1: 27.49%
CHEMBL1614290 0: 4.51%, 1: 95.49%
CHEMBL1614295 0: 2.29%, 1: 97.71%
CHEMBL1614301 0: 19.74%, 1: 80.26%
CHEMBL1614304 0: 63.76%, 1: 36.24%
CHEMBL1614309 0: 27.66%, 1: 72.34%
CHEMBL1614311 0: 53.76%, 1: 46.24%
CHEMBL1614314 0: 94.70%, 1: 5.30%
CHEMBL1614319 0: 72.16%, 1: 27.84%
CHEMBL1614320 0: 29.79%, 1: 70.21%
CHEMBL1614321 0: 60.16%, 1: 39.84%
CHEMBL1614328 0: 46.64%, 1: 53.36%
CHEMBL1614329 0: 40.69%, 1: 59.31%
CHEMBL1614336 0: 47.01%, 1: 52.99%
CHEMBL1614344 0: 67.72%, 1: 32.28%
CHEMBL1614356 0: 43.90%, 1: 56.10%
CHEMBL1614359 0: 50.26%, 1: 49.74%
CHEMBL1614363 0: 53.19%, 1: 46.81%
CHEMBL1614385 0: 93.27%, 1: 6.73%
CHEMBL1614388 0: 56.19%, 1: 43.81%
CHEMBL1614393 0: 45.00%, 1: 55.00%
CHEMBL1614395 0: 11.32%, 1: 88.68%
CHEMBL1614403 0: 88.15%, 1: 11.85%
CHEMBL1614423 0: 57.84%, 1: 42.16%
CHEMBL1614425 0: 38.24%, 1: 61.76%
CHEMBL1614433 0: 60.77%, 1: 39.23%
CHEMBL1614434 0: 80.25%, 1: 19.75%
CHEMBL1614456 0: 3.36%, 1: 96.64%
CHEMBL1614466 0: 10.32%, 1: 89.68%
CHEMBL1614469 0: 24.90%, 1: 75.10%
CHEMBL1614477 0: 43.75%, 1: 56.25%
CHEMBL1614478 0: 12.50%, 1: 87.50%
CHEMBL1614480 0: 85.71%, 1: 14.29%
CHEMBL1614484 0: 9.01%, 1: 90.99%
CHEMBL1614492 0: 40.54%, 1: 59.46%
CHEMBL1614499 0: 44.47%, 1: 55.53%
CHEMBL1614503 0: 40.30%, 1: 59.70%
CHEMBL1614504 0: 17.80%, 1: 82.20%
CHEMBL1614509 0: 79.43%, 1: 20.57%
CHEMBL1614512 0: 62.79%, 1: 37.21%
CHEMBL1614514 0: 83.07%, 1: 16.93%
CHEMBL1614515 0: 19.61%, 1: 80.39%
CHEMBL1614516 0: 96.81%, 1: 3.19%
CHEMBL1614522 0: 28.55%, 1: 71.45%
CHEMBL1614524 0: 12.98%, 1: 87.02%
CHEMBL1614528 0: 40.91%, 1: 59.09%
CHEMBL1614547 0: 72.51%, 1: 27.49%
CHEMBL1614548 0: 17.95%, 1: 82.05%
CHEMBL1614549 0: 84.25%, 1: 15.75%
CHEMBL1614550 0: 9.30%, 1: 90.70%
CHEMBL1614554 0: 71.64%, 1: 28.36%
CHEMBL1676103 0: 39.85%, 1: 60.15%
CHEMBL1737860 0: 3.60%, 1: 96.40%
CHEMBL1737863 0: 36.27%, 1: 63.73%
CHEMBL1737865 0: 61.01%, 1: 38.99%
CHEMBL1737868 0: 79.41%, 1: 20.59%
CHEMBL1737910 0: 45.71%, 1: 54.29%
CHEMBL1737912 0: 26.51%, 1: 73.49%
CHEMBL1737942 0: 44.52%, 1: 55.48%
CHEMBL1737951 0: 51.83%, 1: 48.17%
CHEMBL1737961 0: 93.34%, 1: 6.66%
CHEMBL1737966 0: 21.36%, 1: 78.64%
CHEMBL1737967 0: 89.17%, 1: 10.83%
CHEMBL1737977 0: 13.87%, 1: 86.13%
CHEMBL1737978 0: 18.18%, 1: 81.82%
CHEMBL1737979 0: 8.94%, 1: 91.06%
CHEMBL1738019 0: 24.85%, 1: 75.15%
CHEMBL1738021 0: 10.87%, 1: 89.13%
CHEMBL1738025 0: 33.80%, 1: 66.20%
CHEMBL1738040 0: 73.48%, 1: 26.52%
CHEMBL1738043 0: 46.43%, 1: 53.57%
CHEMBL1738079 0: 3.88%, 1: 96.12%
CHEMBL1738080 0: 76.43%, 1: 23.57%
CHEMBL1738091 0: 89.77%, 1: 10.23%
CHEMBL1738097 0: 72.41%, 1: 27.59%
CHEMBL1738131 0: 68.59%, 1: 31.41%
CHEMBL1738164 0: 79.79%, 1: 20.21%
CHEMBL1738171 0: 85.45%, 1: 14.55%
CHEMBL1738183 0: 59.62%, 1: 40.38%
CHEMBL1738197 0: 36.90%, 1: 63.10%
CHEMBL1738202 0: 3.47%, 1: 96.53%
CHEMBL1738242 0: 16.55%, 1: 83.45%
CHEMBL1738249 0: 86.53%, 1: 13.47%
CHEMBL1738253 0: 7.33%, 1: 92.67%
CHEMBL1738319 0: 59.17%, 1: 40.83%
CHEMBL1738325 0: 96.86%, 1: 3.14%
CHEMBL1738362 0: 21.43%, 1: 78.57%
CHEMBL1738369 0: 56.34%, 1: 43.66%
CHEMBL1738371 0: 81.97%, 1: 18.03%
CHEMBL1738391 0: 68.38%, 1: 31.62%
CHEMBL1738400 0: 77.86%, 1: 22.14%
CHEMBL1738402 0: 54.19%, 1: 45.81%
CHEMBL1738407 0: 85.58%, 1: 14.42%
CHEMBL1738408 0: 2.18%, 1: 97.82%
CHEMBL1738414 0: 5.11%, 1: 94.89%
CHEMBL1738418 0: 68.85%, 1: 31.15%
CHEMBL1738422 0: 4.29%, 1: 95.71%
CHEMBL1738424 0: 77.50%, 1: 22.50%
CHEMBL1738430 0: 25.54%, 1: 74.46%
CHEMBL1738438 0: 2.76%, 1: 97.24%
CHEMBL1738482 0: 7.69%, 1: 92.31%
CHEMBL1738485 0: 17.65%, 1: 82.35%
CHEMBL1738494 0: 97.26%, 1: 2.74%
CHEMBL1738495 0: 1.70%, 1: 98.30%
CHEMBL1738497 0: 64.50%, 1: 35.50%
CHEMBL1738502 0: 15.20%, 1: 84.80%
CHEMBL1738510 0: 54.41%, 1: 45.59%
CHEMBL1738512 0: 3.05%, 1: 96.95%
CHEMBL1738513 0: 28.64%, 1: 71.36%
CHEMBL1738552 0: 64.70%, 1: 35.30%
CHEMBL1738575 0: 65.65%, 1: 34.35%
CHEMBL1738578 0: 23.30%, 1: 76.70%
CHEMBL1738579 0: 22.79%, 1: 77.21%
CHEMBL1738593 0: 17.65%, 1: 82.35%
CHEMBL1738599 0: 16.07%, 1: 83.93%
CHEMBL1738602 0: 42.70%, 1: 57.30%
CHEMBL1738610 0: 42.07%, 1: 57.93%
CHEMBL1738611 0: 2.23%, 1: 97.77%
CHEMBL1738632 0: 86.32%, 1: 13.68%
CHEMBL1738633 0: 4.05%, 1: 95.95%
CHEMBL1738639 0: 64.47%, 1: 35.53%
CHEMBL1738642 0: 34.82%, 1: 65.18%
CHEMBL1738670 0: 9.18%, 1: 90.82%
CHEMBL1738673 0: 12.98%, 1: 87.02%
CHEMBL1738679 0: 63.95%, 1: 36.05%
CHEMBL1738682 0: 62.45%, 1: 37.55%
CHEMBL1794296 0: 44.02%, 1: 55.98%
CHEMBL1794303 0: 2.71%, 1: 97.29%
CHEMBL1794320 0: 96.68%, 1: 3.32%
CHEMBL1794327 0: 91.59%, 1: 8.41%
CHEMBL1794336 0: 53.07%, 1: 46.93%
CHEMBL1794350 0: 3.44%, 1: 96.56%
CHEMBL1794355 0: 5.26%, 1: 94.74%
CHEMBL1794356 0: 13.92%, 1: 86.08%
CHEMBL1794358 0: 94.14%, 1: 5.86%
CHEMBL1794365 0: 7.12%, 1: 92.88%
CHEMBL1794383 0: 6.90%, 1: 93.10%
CHEMBL1794387 0: 65.04%, 1: 34.96%
CHEMBL1794393 0: 67.55%, 1: 32.45%
CHEMBL1794396 0: 3.96%, 1: 96.04%
CHEMBL1794410 0: 23.98%, 1: 76.02%
CHEMBL1794413 0: 6.02%, 1: 93.98%
CHEMBL1794438 0: 40.17%, 1: 59.83%
CHEMBL1794445 0: 87.84%, 1: 12.16%
CHEMBL1794452 0: 94.30%, 1: 5.70%
CHEMBL1794457 0: 92.98%, 1: 7.02%
CHEMBL1794460 0: 28.63%, 1: 71.37%
CHEMBL1794467 0: 18.39%, 1: 81.61%
CHEMBL1794475 0: 56.02%, 1: 43.98%
CHEMBL1794484 0: 44.93%, 1: 55.07%
CHEMBL1794494 0: 5.33%, 1: 94.67%
CHEMBL1794497 0: 8.47%, 1: 91.53%
CHEMBL1794499 0: 73.90%, 1: 26.10%
CHEMBL1794508 0: 94.63%, 1: 5.37%
CHEMBL1794516 0: 3.21%, 1: 96.79%
CHEMBL1794522 0: 58.65%, 1: 41.35%
CHEMBL1794528 0: 79.86%, 1: 20.14%
CHEMBL1794531 0: 92.03%, 1: 7.97%
CHEMBL1794548 0: 88.74%, 1: 11.26%
CHEMBL1794566 0: 6.05%, 1: 93.95%
CHEMBL1794567 0: 9.61%, 1: 90.39%
CHEMBL1794570 0: 92.79%, 1: 7.21%
CHEMBL1794571 0: 53.55%, 1: 46.45%
CHEMBL1794573 0: 10.54%, 1: 89.46%
CHEMBL1794574 0: 1.09%, 1: 98.91%
CHEMBL1794578 0: 46.99%, 1: 53.01%
CHEMBL1794581 0: 19.65%, 1: 80.35%
CHEMBL1863510 0: 2.14%, 1: 97.86%
CHEMBL1863512 0: 2.79%, 1: 97.21%
CHEMBL1909084 0: 99.28%, 1: 0.72%
CHEMBL1909085 0: 92.10%, 1: 7.90%
CHEMBL1909086 0: 91.52%, 1: 8.48%
CHEMBL1909087 0: 91.86%, 1: 8.14%
CHEMBL1909088 0: 87.97%, 1: 12.03%
CHEMBL1909089 0: 88.69%, 1: 11.31%
CHEMBL1909090 0: 90.81%, 1: 9.19%
CHEMBL1909091 0: 97.24%, 1: 2.76%
CHEMBL1909092 0: 97.14%, 1: 2.86%
CHEMBL1909093 0: 98.42%, 1: 1.58%
CHEMBL1909094 0: 90.85%, 1: 9.15%
CHEMBL1909095 0: 98.56%, 1: 1.44%
CHEMBL1909097 0: 99.28%, 1: 0.72%
CHEMBL1909102 0: 92.94%, 1: 7.06%
CHEMBL1909103 0: 97.23%, 1: 2.77%
