wandb: Tracking run with wandb version 0.9.3
wandb: Run data is saved locally in wandb/run-20200720_130416-jdtxnani
wandb: Syncing run ffn_0.4_dropout_300_hidden_size
wandb: ⭐️ View project at https://app.wandb.ai/apappu97/molecule-metalearning-chemprop
wandb: 🚀 View run at https://app.wandb.ai/apappu97/molecule-metalearning-chemprop/runs/jdtxnani
wandb: Run `wandb off` to turn off syncing.

Fold 0
Command line
python chemprop/train.py --data_path filtered_chembl/chembl_less_1024_more_128_645_tasks.csv --dataset_type classification --split_type scaffold_balanced --features_only --features_generator morgan --dropout 0.4 --ffn_hidden_size 300 --num_folds 2 --epochs 30 --results_save_dir results/initial_hyperparameter_tuning/ --experiment_name ffn_0.4_dropout_300_hidden_size
Args
{'ANIL': False,
 'FO_MAML': False,
 'activation': 'ReLU',
 'atom_messages': False,
 'batch_size': 50,
 'bias': False,
 'cache_cutoff': 10000,
 'checkpoint_dir': None,
 'checkpoint_path': None,
 'checkpoint_paths': None,
 'chembl_assay_metadata_pickle_path': None,
 'class_balance': False,
 'config_path': None,
 'crossval_index_dir': None,
 'crossval_index_file': None,
 'crossval_index_sets': None,
 'data_path': 'filtered_chembl/chembl_less_1024_more_128_645_tasks.csv',
 'dataset_type': 'classification',
 'depth': 3,
 'dropout': 0.4,
 'dummy': False,
 'ensemble_size': 1,
 'epochs': 30,
 'experiment_name': 'ffn_0.4_dropout_300_hidden_size',
 'features_generator': ['morgan'],
 'features_only': True,
 'features_path': None,
 'features_size': None,
 'ffn_hidden_size': 300,
 'ffn_num_layers': 2,
 'final_lr': 0.0001,
 'folds_file': None,
 'gpu': None,
 'hidden_size': 300,
 'init_lr': 0.0001,
 'inner_loop_lr': 0.05,
 'log_frequency': 10,
 'max_data_size': None,
 'max_lr': 0.001,
 'meta_batch_size': 3,
 'meta_learning': False,
 'meta_test_split_sizes': (0.8, 0.1, 0.1),
 'meta_train_split_sizes': (0.8, 0.2, 0),
 'metric': 'auc',
 'minimize_score': False,
 'multiclass_num_classes': 3,
 'no_cuda': False,
 'no_features_scaling': False,
 'num_folds': 2,
 'num_inner_gradient_steps': 2,
 'num_lrs': 1,
 'num_tasks': None,
 'num_workers': 8,
 'outer_loop_lr': 0.003,
 'pytorch_seed': 0,
 'quiet': False,
 'results_save_dir': 'results/initial_hyperparameter_tuning/',
 'save_dir': '/tmp/2273220.10.gpu.q/tmpq3hitbh2/fold_0',
 'save_smiles_splits': False,
 'seed': 0,
 'separate_test_features_path': None,
 'separate_test_path': None,
 'separate_val_features_path': None,
 'separate_val_path': None,
 'show_individual_scores': False,
 'smiles_column': None,
 'split_sizes': (0.8, 0.1, 0.1),
 'split_type': 'scaffold_balanced',
 'target_columns': None,
 'task_names': None,
 'test': False,
 'test_fold_index': None,
 'train_data_size': None,
 'undirected': False,
 'use_input_features': True,
 'val_fold_index': None,
 'warmup_epochs': 2.0}
Loading data
0it [00:00, ?it/s]621it [00:00, 6208.85it/s]1245it [00:00, 6216.26it/s]1871it [00:00, 6227.59it/s]2497it [00:00, 6236.40it/s]3121it [00:00, 6237.05it/s]3783it [00:00, 6345.86it/s]4346it [00:00, 5380.65it/s]4979it [00:00, 5632.08it/s]5560it [00:00, 5683.87it/s]6228it [00:01, 5948.39it/s]6873it [00:01, 6089.74it/s]7519it [00:01, 6195.08it/s]8159it [00:01, 6252.58it/s]8784it [00:01, 5271.50it/s]9433it [00:01, 5584.28it/s]10080it [00:01, 5822.01it/s]10753it [00:01, 6065.39it/s]11398it [00:01, 6174.36it/s]12027it [00:02, 6190.69it/s]12655it [00:02, 5484.46it/s]13305it [00:02, 5752.44it/s]13953it [00:02, 5952.84it/s]14612it [00:02, 6110.75it/s]15287it [00:02, 6288.35it/s]15925it [00:02, 6291.77it/s]16575it [00:02, 6350.98it/s]17215it [00:03, 2244.36it/s]17869it [00:03, 2794.69it/s]18524it [00:03, 3374.63it/s]19176it [00:03, 3945.44it/s]19837it [00:03, 4479.18it/s]20517it [00:03, 4988.71it/s]21171it [00:04, 5369.36it/s]21809it [00:04, 5001.70it/s]22458it [00:04, 5370.02it/s]23112it [00:04, 5672.62it/s]23769it [00:04, 5913.10it/s]24421it [00:04, 6081.08it/s]25074it [00:04, 6206.71it/s]25714it [00:04, 5538.00it/s]26340it [00:04, 5735.52it/s]26993it [00:05, 5951.55it/s]27644it [00:05, 6108.20it/s]28294it [00:05, 6219.84it/s]28946it [00:05, 6304.46it/s]29594it [00:05, 5546.11it/s]30272it [00:05, 5864.35it/s]30904it [00:05, 5992.09it/s]31555it [00:05, 6137.74it/s]32210it [00:05, 6253.97it/s]32864it [00:06, 6334.87it/s]33518it [00:06, 6394.55it/s]34162it [00:06, 5626.23it/s]34821it [00:06, 5866.67it/s]35476it [00:06, 6056.04it/s]36126it [00:06, 6181.84it/s]36778it [00:06, 6277.98it/s]37431it [00:06, 6350.95it/s]38072it [00:06, 5598.91it/s]38723it [00:07, 5842.50it/s]39376it [00:07, 6032.76it/s]40048it [00:07, 6177.32it/s]40711it [00:07, 6304.80it/s]41365it [00:07, 6372.31it/s]42020it [00:07, 6423.95it/s]42667it [00:07, 5654.74it/s]43322it [00:07, 5894.81it/s]43977it [00:07, 6077.04it/s]44631it [00:07, 6207.59it/s]45279it [00:08, 6244.93it/s]45956it [00:08, 6393.69it/s]46602it [00:08, 5607.96it/s]47259it [00:08, 5863.94it/s]47915it [00:08, 6054.77it/s]48571it [00:08, 6195.87it/s]49227it [00:08, 6300.74it/s]49866it [00:08, 6321.31it/s]50514it [00:08, 5596.80it/s]51193it [00:09, 5906.85it/s]51849it [00:09, 6088.21it/s]52506it [00:09, 6225.13it/s]53151it [00:09, 6288.66it/s]53788it [00:09, 6292.66it/s]54423it [00:09, 6249.73it/s]55052it [00:09, 5470.69it/s]55710it [00:09, 5760.76it/s]56351it [00:09, 5939.54it/s]57000it [00:10, 6094.03it/s]57648it [00:10, 6203.70it/s]58303it [00:10, 6302.67it/s]58940it [00:10, 5571.01it/s]59595it [00:10, 5830.73it/s]60275it [00:10, 6090.72it/s]60931it [00:10, 6223.87it/s]61586it [00:10, 6317.83it/s]61865it [00:10, 5729.32it/s]
  0% 0/61865 [00:00<?, ?it/s]  0% 157/61865 [00:00<00:39, 1565.05it/s]  1% 322/61865 [00:00<00:38, 1588.47it/s]  1% 483/61865 [00:00<00:38, 1592.41it/s]  1% 650/61865 [00:00<00:37, 1612.29it/s]  1% 819/61865 [00:00<00:37, 1632.45it/s]  2% 990/61865 [00:00<00:36, 1654.31it/s]  2% 1146/61865 [00:00<00:37, 1623.02it/s]  2% 1296/61865 [00:00<00:41, 1456.20it/s]  2% 1459/61865 [00:00<00:40, 1502.13it/s]  3% 1606/61865 [00:02<02:59, 335.34it/s]   3% 1768/61865 [00:02<02:16, 439.85it/s]  3% 1939/61865 [00:02<01:45, 565.88it/s]  3% 2102/61865 [00:02<01:24, 703.44it/s]  4% 2267/61865 [00:02<01:10, 849.60it/s]  4% 2438/61865 [00:02<00:59, 999.77it/s]  4% 2597/61865 [00:02<00:52, 1124.63it/s]  4% 2759/61865 [00:02<00:47, 1237.93it/s]  5% 2937/61865 [00:02<00:43, 1361.62it/s]  5% 3116/61865 [00:03<00:40, 1466.85it/s]  5% 3288/61865 [00:03<00:38, 1532.53it/s]  6% 3463/61865 [00:03<00:36, 1590.26it/s]  6% 3637/61865 [00:03<00:35, 1629.20it/s]  6% 3809/61865 [00:03<00:35, 1639.05it/s]  6% 3979/61865 [00:03<00:36, 1606.43it/s]  7% 4144/61865 [00:03<00:35, 1610.31it/s]  7% 4319/61865 [00:03<00:34, 1647.87it/s]  7% 4493/61865 [00:03<00:34, 1673.33it/s]  8% 4663/61865 [00:03<00:34, 1661.48it/s]  8% 4831/61865 [00:04<00:34, 1663.27it/s]  8% 4999/61865 [00:04<00:34, 1625.84it/s]  8% 5163/61865 [00:04<00:34, 1629.66it/s]  9% 5327/61865 [00:04<00:35, 1611.00it/s]  9% 5490/61865 [00:04<00:34, 1615.57it/s]  9% 5652/61865 [00:04<00:34, 1615.96it/s]  9% 5815/61865 [00:04<00:34, 1618.92it/s] 10% 5978/61865 [00:04<00:34, 1608.64it/s] 10% 6139/61865 [00:04<00:34, 1603.56it/s] 10% 6304/61865 [00:05<00:34, 1614.90it/s] 10% 6466/61865 [00:05<00:34, 1615.13it/s] 11% 6631/61865 [00:05<00:34, 1624.10it/s] 11% 6795/61865 [00:05<00:33, 1627.79it/s] 11% 6960/61865 [00:05<00:33, 1632.91it/s] 12% 7129/61865 [00:05<00:33, 1647.89it/s] 12% 7298/61865 [00:05<00:32, 1658.40it/s] 12% 7464/61865 [00:05<00:33, 1612.06it/s] 12% 7626/61865 [00:05<00:33, 1609.26it/s] 13% 7789/61865 [00:05<00:33, 1613.73it/s] 13% 7961/61865 [00:06<00:32, 1642.68it/s] 13% 8126/61865 [00:06<00:32, 1628.84it/s] 13% 8290/61865 [00:06<00:33, 1609.80it/s] 14% 8452/61865 [00:06<00:33, 1611.17it/s] 14% 8623/61865 [00:06<00:32, 1638.01it/s] 14% 8789/61865 [00:06<00:32, 1643.62it/s] 14% 8954/61865 [00:06<00:32, 1643.10it/s] 15% 9119/61865 [00:06<00:32, 1644.11it/s] 15% 9287/61865 [00:06<00:31, 1652.13it/s] 15% 9453/61865 [00:06<00:31, 1645.10it/s] 16% 9618/61865 [00:07<00:31, 1637.88it/s] 16% 9782/61865 [00:07<00:32, 1625.96it/s] 16% 9951/61865 [00:07<00:31, 1641.50it/s] 16% 10116/61865 [00:07<00:31, 1641.33it/s] 17% 10281/61865 [00:07<00:31, 1631.86it/s] 17% 10445/61865 [00:07<00:31, 1631.33it/s] 17% 10609/61865 [00:07<00:31, 1631.64it/s] 17% 10774/61865 [00:07<00:31, 1636.98it/s] 18% 10938/61865 [00:07<00:31, 1621.68it/s] 18% 11105/61865 [00:07<00:31, 1634.40it/s] 18% 11274/61865 [00:08<00:30, 1649.45it/s] 18% 11441/61865 [00:08<00:30, 1652.17it/s] 19% 11607/61865 [00:08<00:30, 1641.86it/s] 19% 11772/61865 [00:08<00:30, 1627.87it/s] 19% 11939/61865 [00:08<00:30, 1640.25it/s] 20% 12107/61865 [00:08<00:30, 1650.25it/s] 20% 12273/61865 [00:08<00:30, 1652.42it/s] 20% 12439/61865 [00:08<00:30, 1645.15it/s] 20% 12605/61865 [00:08<00:29, 1649.13it/s] 21% 12772/61865 [00:08<00:29, 1655.01it/s] 21% 12938/61865 [00:09<00:29, 1654.12it/s] 21% 13104/61865 [00:09<00:29, 1645.83it/s] 21% 13275/61865 [00:09<00:29, 1663.26it/s] 22% 13443/61865 [00:09<00:29, 1666.34it/s] 22% 13612/61865 [00:09<00:28, 1671.65it/s] 22% 13780/61865 [00:09<00:29, 1642.47it/s] 23% 13946/61865 [00:09<00:29, 1647.59it/s] 23% 14111/61865 [00:09<00:29, 1641.88it/s] 23% 14276/61865 [00:09<00:29, 1636.96it/s] 23% 14440/61865 [00:09<00:29, 1623.29it/s] 24% 14603/61865 [00:10<00:29, 1625.19it/s] 24% 14766/61865 [00:10<00:28, 1626.62it/s] 24% 14933/61865 [00:10<00:28, 1637.31it/s] 24% 15097/61865 [00:10<00:28, 1630.41it/s] 25% 15265/61865 [00:10<00:28, 1644.69it/s] 25% 15431/61865 [00:10<00:28, 1647.29it/s] 25% 15597/61865 [00:10<00:28, 1647.86it/s] 25% 15762/61865 [00:10<00:28, 1631.87it/s] 26% 15930/61865 [00:10<00:27, 1643.77it/s] 26% 16096/61865 [00:10<00:27, 1646.74it/s] 26% 16263/61865 [00:11<00:27, 1653.05it/s] 27% 16429/61865 [00:11<00:27, 1649.28it/s] 27% 16595/61865 [00:11<00:27, 1650.63it/s] 27% 16764/61865 [00:11<00:27, 1661.60it/s] 27% 16936/61865 [00:11<00:26, 1675.78it/s] 28% 17108/61865 [00:11<00:26, 1687.61it/s] 28% 17277/61865 [00:11<00:26, 1663.91it/s] 28% 17444/61865 [00:11<00:26, 1664.93it/s] 28% 17611/61865 [00:11<00:26, 1660.33it/s] 29% 17782/61865 [00:11<00:26, 1673.33it/s] 29% 17950/61865 [00:12<00:26, 1662.02it/s] 29% 18118/61865 [00:12<00:26, 1667.17it/s] 30% 18286/61865 [00:12<00:26, 1668.58it/s] 30% 18454/61865 [00:12<00:25, 1671.14it/s] 30% 18622/61865 [00:12<00:26, 1655.07it/s] 30% 18788/61865 [00:12<00:26, 1653.26it/s] 31% 18955/61865 [00:12<00:25, 1656.41it/s] 31% 19121/61865 [00:12<00:25, 1649.36it/s] 31% 19286/61865 [00:12<00:25, 1642.28it/s] 31% 19453/61865 [00:12<00:25, 1649.41it/s] 32% 19619/61865 [00:13<00:25, 1652.12it/s] 32% 19786/61865 [00:13<00:25, 1656.62it/s] 32% 19952/61865 [00:13<00:25, 1650.64it/s] 33% 20118/61865 [00:13<00:25, 1632.19it/s] 33% 20283/61865 [00:13<00:25, 1636.91it/s] 33% 20449/61865 [00:13<00:25, 1641.25it/s] 33% 20615/61865 [00:13<00:25, 1644.57it/s] 34% 20781/61865 [00:13<00:24, 1646.53it/s] 34% 20946/61865 [00:13<00:24, 1647.00it/s] 34% 21113/61865 [00:14<00:24, 1651.24it/s] 34% 21279/61865 [00:14<00:24, 1650.06it/s] 35% 21445/61865 [00:14<00:24, 1632.20it/s] 35% 21609/61865 [00:14<00:24, 1632.40it/s] 35% 21774/61865 [00:14<00:24, 1636.35it/s] 35% 21945/61865 [00:14<00:24, 1656.06it/s] 36% 22111/61865 [00:14<00:24, 1645.24it/s] 36% 22280/61865 [00:14<00:23, 1656.75it/s] 36% 22447/61865 [00:14<00:23, 1660.13it/s] 37% 22615/61865 [00:14<00:23, 1663.82it/s] 37% 22782/61865 [00:15<00:23, 1656.71it/s] 37% 22950/61865 [00:15<00:23, 1662.47it/s] 37% 23118/61865 [00:15<00:23, 1664.21it/s] 38% 23286/61865 [00:15<00:23, 1667.23it/s] 38% 23454/61865 [00:15<00:23, 1668.54it/s] 38% 23621/61865 [00:15<00:23, 1652.37it/s] 38% 23789/61865 [00:15<00:22, 1658.55it/s] 39% 23958/61865 [00:15<00:22, 1667.32it/s] 39% 24125/61865 [00:15<00:22, 1666.74it/s] 39% 24293/61865 [00:15<00:22, 1668.42it/s] 40% 24460/61865 [00:16<00:22, 1668.12it/s] 40% 24627/61865 [00:16<00:22, 1666.75it/s] 40% 24794/61865 [00:16<00:22, 1665.56it/s] 40% 24961/61865 [00:16<00:22, 1657.22it/s] 41% 25127/61865 [00:16<00:22, 1655.60it/s] 41% 25295/61865 [00:16<00:22, 1661.02it/s] 41% 25462/61865 [00:16<00:22, 1651.14it/s] 41% 25628/61865 [00:16<00:22, 1637.94it/s] 42% 25794/61865 [00:16<00:21, 1644.35it/s] 42% 25961/61865 [00:16<00:21, 1649.25it/s] 42% 26126/61865 [00:17<00:21, 1648.44it/s] 42% 26291/61865 [00:17<00:21, 1645.85it/s] 43% 26457/61865 [00:17<00:21, 1649.19it/s] 43% 26623/61865 [00:17<00:21, 1650.67it/s] 43% 26793/61865 [00:17<00:21, 1662.97it/s] 44% 26960/61865 [00:17<00:21, 1657.06it/s] 44% 27128/61865 [00:17<00:20, 1661.35it/s] 44% 27295/61865 [00:17<00:20, 1661.43it/s] 44% 27462/61865 [00:17<00:20, 1657.53it/s] 45% 27628/61865 [00:17<00:20, 1655.04it/s] 45% 27795/61865 [00:18<00:20, 1658.91it/s] 45% 27964/61865 [00:18<00:20, 1665.67it/s] 45% 28131/61865 [00:18<00:20, 1657.09it/s] 46% 28297/61865 [00:18<00:20, 1650.43it/s] 46% 28463/61865 [00:18<00:20, 1645.35it/s] 46% 28629/61865 [00:18<00:20, 1647.51it/s] 47% 28794/61865 [00:18<00:20, 1647.81it/s] 47% 28959/61865 [00:18<00:20, 1641.11it/s] 47% 29124/61865 [00:18<00:20, 1634.67it/s] 47% 29291/61865 [00:18<00:19, 1644.58it/s] 48% 29456/61865 [00:19<00:19, 1643.28it/s] 48% 29625/61865 [00:19<00:19, 1657.01it/s] 48% 29791/61865 [00:19<00:19, 1651.62it/s] 48% 29958/61865 [00:19<00:19, 1656.63it/s] 49% 30127/61865 [00:19<00:19, 1664.30it/s] 49% 30294/61865 [00:19<00:19, 1660.34it/s] 49% 30461/61865 [00:19<00:19, 1652.43it/s] 50% 30630/61865 [00:19<00:18, 1660.80it/s] 50% 30797/61865 [00:19<00:18, 1661.31it/s] 50% 30965/61865 [00:19<00:18, 1665.80it/s] 50% 31132/61865 [00:20<00:18, 1649.45it/s] 51% 31298/61865 [00:20<00:18, 1652.31it/s] 51% 31464/61865 [00:20<00:18, 1649.93it/s] 51% 31632/61865 [00:20<00:18, 1656.80it/s] 51% 31799/61865 [00:20<00:18, 1659.83it/s] 52% 31966/61865 [00:20<00:18, 1656.32it/s] 52% 32133/61865 [00:20<00:17, 1659.45it/s] 52% 32299/61865 [00:20<00:17, 1653.30it/s] 52% 32465/61865 [00:20<00:17, 1649.05it/s] 53% 32630/61865 [00:20<00:17, 1646.19it/s] 53% 32795/61865 [00:21<00:17, 1646.65it/s] 53% 32964/61865 [00:21<00:17, 1656.56it/s] 54% 33131/61865 [00:21<00:17, 1658.19it/s] 54% 33297/61865 [00:21<00:17, 1651.22it/s] 54% 33463/61865 [00:21<00:17, 1643.37it/s] 54% 33632/61865 [00:21<00:17, 1654.24it/s] 55% 33798/61865 [00:21<00:16, 1655.50it/s] 55% 33964/61865 [00:21<00:16, 1646.91it/s] 55% 34132/61865 [00:21<00:16, 1656.25it/s] 55% 34302/61865 [00:21<00:16, 1667.50it/s] 56% 34469/61865 [00:22<00:16, 1653.67it/s] 56% 34635/61865 [00:22<00:16, 1648.10it/s] 56% 34800/61865 [00:22<00:16, 1644.87it/s] 57% 34965/61865 [00:22<00:16, 1645.70it/s] 57% 35130/61865 [00:22<00:16, 1640.33it/s] 57% 35295/61865 [00:22<00:16, 1620.25it/s] 57% 35458/61865 [00:22<00:16, 1620.49it/s] 58% 35622/61865 [00:22<00:16, 1624.32it/s] 58% 35788/61865 [00:22<00:15, 1632.43it/s] 58% 35955/61865 [00:22<00:15, 1642.72it/s] 58% 36120/61865 [00:23<00:15, 1634.72it/s] 59% 36284/61865 [00:23<00:15, 1633.40it/s] 59% 36452/61865 [00:23<00:15, 1645.23it/s] 59% 36618/61865 [00:23<00:15, 1648.79it/s] 59% 36783/61865 [00:23<00:15, 1646.31it/s] 60% 36951/61865 [00:23<00:15, 1656.21it/s] 60% 37121/61865 [00:23<00:14, 1666.64it/s] 60% 37288/61865 [00:23<00:14, 1657.48it/s] 61% 37455/61865 [00:23<00:14, 1659.98it/s] 61% 37624/61865 [00:23<00:14, 1667.69it/s] 61% 37793/61865 [00:24<00:14, 1671.75it/s] 61% 37962/61865 [00:24<00:14, 1674.95it/s] 62% 38130/61865 [00:24<00:14, 1662.09it/s] 62% 38298/61865 [00:24<00:14, 1665.20it/s] 62% 38465/61865 [00:24<00:14, 1666.20it/s] 62% 38632/61865 [00:24<00:13, 1666.58it/s] 63% 38799/61865 [00:24<00:13, 1653.12it/s] 63% 38965/61865 [00:24<00:13, 1643.96it/s] 63% 39134/61865 [00:24<00:13, 1655.04it/s] 64% 39303/61865 [00:25<00:13, 1665.18it/s] 64% 39470/61865 [00:25<00:13, 1661.43it/s] 64% 39637/61865 [00:25<00:13, 1658.11it/s] 64% 39806/61865 [00:25<00:13, 1666.32it/s] 65% 39973/61865 [00:25<00:13, 1663.43it/s] 65% 40140/61865 [00:25<00:13, 1657.08it/s] 65% 40306/61865 [00:25<00:13, 1636.28it/s] 65% 40470/61865 [00:25<00:13, 1634.15it/s] 66% 40635/61865 [00:25<00:12, 1636.84it/s] 66% 40802/61865 [00:25<00:12, 1644.49it/s] 66% 40967/61865 [00:26<00:12, 1633.39it/s] 66% 41137/61865 [00:26<00:12, 1651.02it/s] 67% 41305/61865 [00:26<00:12, 1657.85it/s] 67% 41473/61865 [00:26<00:12, 1662.73it/s] 67% 41640/61865 [00:26<00:12, 1648.77it/s] 68% 41807/61865 [00:26<00:12, 1654.05it/s] 68% 41976/61865 [00:26<00:11, 1662.03it/s] 68% 42143/61865 [00:26<00:11, 1658.16it/s] 68% 42309/61865 [00:26<00:11, 1646.08it/s] 69% 42474/61865 [00:26<00:11, 1645.86it/s] 69% 42639/61865 [00:27<00:11, 1639.95it/s] 69% 42806/61865 [00:27<00:11, 1648.79it/s] 69% 42972/61865 [00:27<00:11, 1651.33it/s] 70% 43138/61865 [00:27<00:11, 1653.47it/s] 70% 43304/61865 [00:27<00:11, 1653.57it/s] 70% 43471/61865 [00:27<00:11, 1656.73it/s] 71% 43637/61865 [00:27<00:11, 1651.03it/s] 71% 43803/61865 [00:27<00:10, 1644.77it/s] 71% 43970/61865 [00:27<00:10, 1650.96it/s] 71% 44140/61865 [00:27<00:10, 1662.95it/s] 72% 44307/61865 [00:28<00:10, 1663.16it/s] 72% 44474/61865 [00:28<00:10, 1652.40it/s] 72% 44645/61865 [00:28<00:10, 1667.40it/s] 72% 44814/61865 [00:28<00:10, 1672.82it/s] 73% 44982/61865 [00:28<00:10, 1666.92it/s] 73% 45149/61865 [00:28<00:10, 1657.29it/s] 73% 45319/61865 [00:28<00:09, 1667.98it/s] 74% 45486/61865 [00:28<00:09, 1663.18it/s] 74% 45653/61865 [00:28<00:09, 1652.59it/s] 74% 45819/61865 [00:28<00:09, 1644.76it/s] 74% 45985/61865 [00:29<00:09, 1647.50it/s] 75% 46150/61865 [00:29<00:09, 1644.92it/s] 75% 46315/61865 [00:29<00:09, 1646.09it/s] 75% 46480/61865 [00:29<00:09, 1632.65it/s] 75% 46646/61865 [00:29<00:09, 1638.10it/s] 76% 46812/61865 [00:29<00:09, 1643.81it/s] 76% 46981/61865 [00:29<00:08, 1656.90it/s] 76% 47147/61865 [00:29<00:08, 1650.34it/s] 76% 47313/61865 [00:29<00:08, 1648.67it/s] 77% 47481/61865 [00:29<00:08, 1656.19it/s] 77% 47649/61865 [00:30<00:08, 1662.25it/s] 77% 47816/61865 [00:30<00:08, 1645.22it/s] 78% 47981/61865 [00:30<00:08, 1636.31it/s] 78% 48145/61865 [00:31<00:43, 317.46it/s]  78% 48308/61865 [00:31<00:32, 418.49it/s] 78% 48470/61865 [00:31<00:24, 538.03it/s] 79% 48629/61865 [00:32<00:19, 670.81it/s] 79% 48793/61865 [00:32<00:16, 815.18it/s] 79% 48956/61865 [00:32<00:13, 958.88it/s] 79% 49119/61865 [00:32<00:11, 1093.73it/s] 80% 49278/61865 [00:32<00:10, 1206.61it/s] 80% 49439/61865 [00:32<00:09, 1304.56it/s] 80% 49603/61865 [00:32<00:08, 1388.73it/s] 80% 49764/61865 [00:32<00:08, 1446.09it/s] 81% 49925/61865 [00:32<00:08, 1483.31it/s] 81% 50085/61865 [00:32<00:07, 1514.43it/s] 81% 50245/61865 [00:33<00:07, 1528.36it/s] 81% 50409/61865 [00:33<00:07, 1558.57it/s] 82% 50569/61865 [00:33<00:07, 1565.76it/s] 82% 50729/61865 [00:33<00:07, 1573.51it/s] 82% 50892/61865 [00:33<00:06, 1587.81it/s] 83% 51053/61865 [00:33<00:06, 1582.46it/s] 83% 51215/61865 [00:33<00:06, 1592.11it/s] 83% 51375/61865 [00:33<00:06, 1584.11it/s] 83% 51537/61865 [00:33<00:06, 1593.34it/s] 84% 51697/61865 [00:33<00:06, 1585.81it/s] 84% 51857/61865 [00:34<00:06, 1588.11it/s] 84% 52018/61865 [00:34<00:06, 1594.43it/s] 84% 52178/61865 [00:34<00:06, 1596.02it/s] 85% 52341/61865 [00:34<00:05, 1604.16it/s] 85% 52502/61865 [00:34<00:05, 1592.30it/s] 85% 52665/61865 [00:34<00:05, 1600.90it/s] 85% 52826/61865 [00:34<00:05, 1601.73it/s] 86% 52989/61865 [00:34<00:05, 1609.42it/s] 86% 53150/61865 [00:34<00:05, 1571.70it/s] 86% 53314/61865 [00:34<00:05, 1590.73it/s] 86% 53478/61865 [00:35<00:05, 1602.40it/s] 87% 53643/61865 [00:35<00:05, 1613.81it/s] 87% 53809/61865 [00:35<00:04, 1624.74it/s] 87% 53972/61865 [00:35<00:04, 1617.20it/s] 88% 54134/61865 [00:35<00:04, 1615.91it/s] 88% 54296/61865 [00:35<00:04, 1613.19it/s] 88% 54460/61865 [00:35<00:04, 1618.06it/s] 88% 54628/61865 [00:35<00:04, 1633.90it/s] 89% 54792/61865 [00:35<00:04, 1628.64it/s] 89% 54955/61865 [00:35<00:04, 1622.91it/s] 89% 55118/61865 [00:36<00:04, 1617.14it/s] 89% 55280/61865 [00:36<00:04, 1615.16it/s] 90% 55442/61865 [00:36<00:04, 1563.13it/s] 90% 55600/61865 [00:36<00:03, 1566.91it/s] 90% 55762/61865 [00:36<00:03, 1582.25it/s] 90% 55927/61865 [00:36<00:03, 1599.18it/s] 91% 56088/61865 [00:36<00:03, 1600.16it/s] 91% 56251/61865 [00:36<00:03, 1606.08it/s] 91% 56419/61865 [00:36<00:03, 1626.02it/s] 91% 56582/61865 [00:37<00:03, 1621.60it/s] 92% 56745/61865 [00:37<00:03, 1589.32it/s] 92% 56905/61865 [00:37<00:03, 1566.43it/s] 92% 57062/61865 [00:37<00:03, 1527.06it/s] 92% 57216/61865 [00:37<00:03, 1518.21it/s] 93% 57369/61865 [00:37<00:03, 1477.60it/s] 93% 57518/61865 [00:37<00:03, 1439.93it/s] 93% 57663/61865 [00:37<00:02, 1407.12it/s] 93% 57805/61865 [00:37<00:02, 1396.68it/s] 94% 57946/61865 [00:37<00:02, 1377.30it/s] 94% 58085/61865 [00:38<00:02, 1367.53it/s] 94% 58222/61865 [00:38<00:02, 1362.08it/s] 94% 58359/61865 [00:38<00:02, 1353.33it/s] 95% 58497/61865 [00:38<00:02, 1360.13it/s] 95% 58652/61865 [00:38<00:02, 1410.69it/s] 95% 58812/61865 [00:38<00:02, 1462.49it/s] 95% 58980/61865 [00:38<00:01, 1520.19it/s] 96% 59147/61865 [00:38<00:01, 1560.19it/s] 96% 59319/61865 [00:38<00:01, 1603.59it/s] 96% 59489/61865 [00:38<00:01, 1629.27it/s] 96% 59659/61865 [00:39<00:01, 1648.95it/s] 97% 59825/61865 [00:39<00:01, 1620.81it/s] 97% 59988/61865 [00:39<00:01, 1573.65it/s] 97% 60147/61865 [00:39<00:01, 1572.05it/s] 97% 60312/61865 [00:39<00:00, 1593.09it/s] 98% 60474/61865 [00:39<00:00, 1600.89it/s] 98% 60646/61865 [00:39<00:00, 1632.97it/s] 98% 60817/61865 [00:39<00:00, 1653.48it/s] 99% 60984/61865 [00:39<00:00, 1656.35it/s] 99% 61150/61865 [00:40<00:00, 1650.50it/s] 99% 61320/61865 [00:40<00:00, 1663.95it/s] 99% 61489/61865 [00:40<00:00, 1669.88it/s]100% 61660/61865 [00:40<00:00, 1680.05it/s]100% 61829/61865 [00:40<00:00, 1673.95it/s]100% 61865/61865 [00:40<00:00, 1530.25it/s]
  0% 0/61865 [00:00<?, ?it/s] 21% 13168/61865 [00:00<00:00, 131679.18it/s] 45% 27633/61865 [00:00<00:00, 135317.83it/s] 75% 46097/61865 [00:00<00:00, 147105.75it/s]100% 61865/61865 [00:00<00:00, 171708.08it/s]
Number of tasks = 645
Splitting data with seed 0
  0% 0/61865 [00:00<?, ?it/s]  1% 605/61865 [00:00<00:10, 6047.34it/s]  2% 1182/61865 [00:00<00:10, 5957.38it/s]  3% 1734/61865 [00:00<00:10, 5818.32it/s]  4% 2265/61865 [00:00<00:10, 5653.54it/s]  4% 2782/61865 [00:00<00:10, 5498.31it/s]  5% 3393/61865 [00:00<00:10, 5667.60it/s]  6% 3914/61865 [00:00<00:10, 5521.61it/s]  7% 4420/61865 [00:00<00:10, 5336.78it/s]  8% 4944/61865 [00:00<00:10, 5306.81it/s]  9% 5453/61865 [00:01<00:11, 5110.05it/s] 10% 5951/61865 [00:01<00:11, 4991.11it/s] 10% 6442/61865 [00:01<00:11, 4892.61it/s] 11% 6938/61865 [00:01<00:11, 4912.32it/s] 12% 7428/61865 [00:01<00:11, 4905.33it/s] 13% 7916/61865 [00:01<00:11, 4853.64it/s] 14% 8400/61865 [00:01<00:11, 4612.70it/s] 14% 8873/61865 [00:01<00:11, 4646.52it/s] 15% 9377/61865 [00:01<00:11, 4757.47it/s] 16% 9874/61865 [00:01<00:10, 4817.81it/s] 17% 10368/61865 [00:02<00:10, 4852.17it/s] 18% 10855/61865 [00:02<00:10, 4847.48it/s] 18% 11354/61865 [00:02<00:10, 4888.39it/s] 19% 11844/61865 [00:02<00:10, 4866.34it/s] 20% 12360/61865 [00:02<00:09, 4950.59it/s] 21% 12867/61865 [00:02<00:09, 4984.62it/s] 22% 13384/61865 [00:02<00:09, 5037.26it/s] 22% 13900/61865 [00:02<00:09, 5072.73it/s] 23% 14408/61865 [00:02<00:09, 4993.21it/s] 24% 14908/61865 [00:02<00:09, 4933.92it/s] 25% 15413/61865 [00:03<00:09, 4965.70it/s] 26% 15912/61865 [00:03<00:09, 4971.38it/s] 27% 16413/61865 [00:03<00:09, 4980.58it/s] 27% 16931/61865 [00:03<00:08, 5036.65it/s] 28% 17450/61865 [00:03<00:08, 5079.48it/s] 29% 17979/61865 [00:03<00:08, 5139.47it/s] 30% 18503/61865 [00:03<00:08, 5167.94it/s] 31% 19021/61865 [00:03<00:08, 5110.84it/s] 32% 19533/61865 [00:03<00:08, 5103.09it/s] 32% 20044/61865 [00:03<00:08, 5082.76it/s] 33% 20553/61865 [00:04<00:08, 5026.23it/s] 34% 21056/61865 [00:04<00:08, 5026.44it/s] 35% 21559/61865 [00:04<00:08, 4984.56it/s] 36% 22076/61865 [00:04<00:07, 5035.74it/s] 37% 22596/61865 [00:04<00:07, 5080.89it/s] 37% 23114/61865 [00:04<00:07, 5109.57it/s] 38% 23632/61865 [00:04<00:07, 5127.98it/s] 39% 24152/61865 [00:04<00:07, 5148.63it/s] 40% 24672/61865 [00:04<00:07, 5162.85it/s] 41% 25189/61865 [00:04<00:07, 5138.62it/s] 42% 25703/61865 [00:05<00:07, 5100.22it/s] 42% 26214/61865 [00:05<00:06, 5094.35it/s] 43% 26724/61865 [00:05<00:06, 5030.87it/s] 44% 27247/61865 [00:05<00:06, 5088.54it/s] 45% 27764/61865 [00:05<00:06, 5111.86it/s] 46% 28276/61865 [00:05<00:06, 5059.29it/s] 47% 28783/61865 [00:05<00:06, 5036.34it/s] 47% 29287/61865 [00:05<00:06, 5025.35it/s] 48% 29808/61865 [00:05<00:06, 5078.19it/s] 49% 30317/61865 [00:05<00:06, 5067.56it/s] 50% 30837/61865 [00:06<00:06, 5105.80it/s] 51% 31348/61865 [00:06<00:05, 5093.30it/s] 52% 31870/61865 [00:06<00:05, 5130.36it/s] 52% 32384/61865 [00:06<00:05, 5086.93it/s] 53% 32893/61865 [00:06<00:05, 5059.10it/s] 54% 33407/61865 [00:06<00:05, 5081.22it/s] 55% 33916/61865 [00:06<00:05, 5081.94it/s] 56% 34438/61865 [00:06<00:05, 5120.91it/s] 56% 34951/61865 [00:06<00:05, 5091.00it/s] 57% 35461/61865 [00:06<00:05, 5018.04it/s] 58% 35964/61865 [00:07<00:05, 4965.88it/s] 59% 36461/61865 [00:07<00:05, 4962.18it/s] 60% 36981/61865 [00:07<00:04, 5028.67it/s] 61% 37503/61865 [00:07<00:04, 5083.10it/s] 61% 38026/61865 [00:07<00:04, 5125.35it/s] 62% 38541/61865 [00:07<00:04, 5131.66it/s] 63% 39055/61865 [00:07<00:04, 5084.38it/s] 64% 39580/61865 [00:07<00:04, 5131.15it/s] 65% 40094/61865 [00:07<00:04, 5113.21it/s] 66% 40606/61865 [00:08<00:04, 5062.89it/s] 66% 41115/61865 [00:08<00:04, 5068.39it/s] 67% 41625/61865 [00:08<00:03, 5075.68it/s] 68% 42133/61865 [00:08<00:03, 5069.54it/s] 69% 42641/61865 [00:08<00:03, 5001.86it/s] 70% 43157/61865 [00:08<00:03, 5046.38it/s] 71% 43669/61865 [00:08<00:03, 5064.43it/s] 71% 44177/61865 [00:08<00:03, 5066.84it/s] 72% 44704/61865 [00:08<00:03, 5124.84it/s] 73% 45217/61865 [00:08<00:03, 5115.30it/s] 74% 45729/61865 [00:09<00:03, 5048.39it/s] 75% 46235/61865 [00:09<00:03, 5011.72it/s] 76% 46740/61865 [00:09<00:03, 5022.32it/s] 76% 47251/61865 [00:09<00:02, 5048.02it/s] 77% 47756/61865 [00:09<00:02, 5009.61it/s] 78% 48258/61865 [00:09<00:02, 4984.40it/s] 79% 48757/61865 [00:09<00:02, 4891.27it/s] 80% 49247/61865 [00:09<00:02, 4835.30it/s] 80% 49732/61865 [00:09<00:02, 4788.61it/s] 81% 50212/61865 [00:09<00:02, 4680.56it/s] 82% 50681/61865 [00:10<00:02, 4644.17it/s] 83% 51147/61865 [00:10<00:02, 4600.61it/s] 83% 51608/61865 [00:10<00:02, 4568.95it/s] 84% 52066/61865 [00:10<00:02, 4548.42it/s] 85% 52522/61865 [00:10<00:02, 4493.81it/s] 86% 52995/61865 [00:10<00:01, 4559.37it/s] 86% 53452/61865 [00:10<00:01, 4320.34it/s] 87% 53921/61865 [00:10<00:01, 4424.87it/s] 88% 54370/61865 [00:10<00:01, 4442.81it/s] 89% 54856/61865 [00:10<00:01, 4559.31it/s] 89% 55318/61865 [00:11<00:01, 4577.24it/s] 90% 55778/61865 [00:11<00:01, 4382.69it/s] 91% 56259/61865 [00:11<00:01, 4499.71it/s] 92% 56712/61865 [00:11<00:01, 4485.10it/s] 92% 57163/61865 [00:11<00:01, 4252.87it/s] 93% 57593/61865 [00:11<00:01, 3745.78it/s] 94% 57982/61865 [00:11<00:01, 3405.71it/s] 94% 58339/61865 [00:11<00:01, 3224.50it/s] 95% 58678/61865 [00:12<00:00, 3272.27it/s] 96% 59209/61865 [00:12<00:00, 3697.68it/s] 97% 59743/61865 [00:12<00:00, 4072.81it/s] 97% 60180/61865 [00:12<00:00, 3996.14it/s] 98% 60698/61865 [00:12<00:00, 4287.35it/s] 99% 61244/61865 [00:12<00:00, 4581.74it/s]100% 61783/61865 [00:12<00:00, 4795.05it/s]100% 61865/61865 [00:12<00:00, 4884.62it/s]
Total scaffolds = 30,615 | train scaffolds = 24,639 | val scaffolds = 3,133 | test scaffolds = 2,843
/home/apappu/thesis/molecule-metalearning/chemprop/chemprop/data/scaffold.py:152: RuntimeWarning: Mean of empty slice
  target_avgs.append(np.nanmean(targets, axis=0))
Label averages per scaffold, in decreasing order of scaffold frequency,capped at 10 scaffolds and 20 labels: [(array([nan, nan, nan, nan, nan, nan, nan, nan, nan, nan, nan, nan, nan,
       nan, nan, nan, nan, nan, nan, nan]), array([0, 0, 0, 0, 0, 0, 0, 0, 0, 0, 0, 0, 0, 0, 0, 0, 0, 0, 0, 0])), (array([nan, nan, nan, nan, nan, nan, nan, nan, nan, nan, nan, nan, nan,
       nan, nan, 0.5, nan, nan, nan, nan]), array([0, 0, 0, 0, 0, 0, 0, 0, 0, 0, 0, 0, 0, 0, 0, 2, 0, 0, 0, 0])), (array([nan, nan, nan, nan, nan, nan, nan, nan, nan, nan, nan, nan, nan,
       nan, nan, nan, nan, nan, nan, nan]), array([0, 0, 0, 0, 0, 0, 0, 0, 0, 0, 0, 0, 0, 0, 0, 0, 0, 0, 0, 0])), (array([nan, nan, nan, nan, nan, nan, nan, nan, nan, nan, nan, nan, nan,
       nan, nan, nan, nan, nan, nan, nan]), array([0, 0, 0, 0, 0, 0, 0, 0, 0, 0, 0, 0, 0, 0, 0, 0, 0, 0, 0, 0])), (array([nan, nan, nan, nan, nan, nan, nan, nan, nan, nan, nan, nan, nan,
       nan, nan, nan, nan, nan, nan, nan]), array([0, 0, 0, 0, 0, 0, 0, 0, 0, 0, 0, 0, 0, 0, 0, 0, 0, 0, 0, 0])), (array([nan, nan, nan, nan, nan, nan, nan, nan, nan, nan, nan, nan, nan,
       nan, nan, nan, nan, nan, nan, nan]), array([0, 0, 0, 0, 0, 0, 0, 0, 0, 0, 0, 0, 0, 0, 0, 0, 0, 0, 0, 0])), (array([nan, nan, nan, nan, nan, nan, nan, nan, nan, nan, nan, nan, nan,
       nan, nan, nan, nan, nan, nan, nan]), array([0, 0, 0, 0, 0, 0, 0, 0, 0, 0, 0, 0, 0, 0, 0, 0, 0, 0, 0, 0])), (array([nan, nan, nan, nan, nan, nan, nan, nan, nan, nan, nan, nan, nan,
       nan, nan, nan, nan, nan, nan, nan]), array([0, 0, 0, 0, 0, 0, 0, 0, 0, 0, 0, 0, 0, 0, 0, 0, 0, 0, 0, 0])), (array([nan, nan, nan, nan, nan, nan, nan, nan, nan, nan, nan, nan, nan,
       nan, nan, nan, nan, nan, nan, nan]), array([0, 0, 0, 0, 0, 0, 0, 0, 0, 0, 0, 0, 0, 0, 0, 0, 0, 0, 0, 0])), (array([nan, nan, nan, nan, nan, nan, nan, nan, nan, nan, nan, nan, nan,
       nan, nan, nan, nan, nan, nan, nan]), array([0, 0, 0, 0, 0, 0, 0, 0, 0, 0, 0, 0, 0, 0, 0, 0, 0, 0, 0, 0]))]
Class sizes
CHEMBL1033994 0: 41.98%, 1: 58.02%
CHEMBL1119333 0: 9.59%, 1: 90.41%
CHEMBL1217000 0: 52.41%, 1: 47.59%
CHEMBL1243965 0: 17.11%, 1: 82.89%
CHEMBL1243966 0: 41.96%, 1: 58.04%
CHEMBL1243967 0: 10.17%, 1: 89.83%
CHEMBL1243968 0: 15.06%, 1: 84.94%
CHEMBL1243970 0: 6.91%, 1: 93.09%
CHEMBL1243972 0: 9.92%, 1: 90.08%
CHEMBL1243976 0: 28.99%, 1: 71.01%
CHEMBL1246087 0: 33.88%, 1: 66.12%
CHEMBL1246088 0: 48.37%, 1: 51.63%
CHEMBL1613762 0: 2.45%, 1: 97.55%
CHEMBL1613779 0: 58.47%, 1: 41.53%
CHEMBL1613785 0: 43.22%, 1: 56.78%
CHEMBL1613787 0: 69.08%, 1: 30.92%
CHEMBL1613807 0: 95.99%, 1: 4.01%
CHEMBL1613813 0: 44.20%, 1: 55.80%
CHEMBL1613814 0: 53.85%, 1: 46.15%
CHEMBL1613817 0: 84.86%, 1: 15.14%
CHEMBL1613853 0: 41.86%, 1: 58.14%
CHEMBL1613861 0: 14.47%, 1: 85.53%
CHEMBL1613864 0: 5.19%, 1: 94.81%
CHEMBL1613867 0: 97.13%, 1: 2.87%
CHEMBL1613870 0: 15.80%, 1: 84.20%
CHEMBL1613871 0: 6.15%, 1: 93.85%
CHEMBL1613874 0: 65.78%, 1: 34.22%
CHEMBL1613876 0: 54.35%, 1: 45.65%
CHEMBL1613884 0: 21.51%, 1: 78.49%
CHEMBL1613890 0: 34.85%, 1: 65.15%
CHEMBL1613897 0: 46.64%, 1: 53.36%
CHEMBL1613898 0: 75.45%, 1: 24.55%
CHEMBL1613904 0: 50.77%, 1: 49.23%
CHEMBL1613907 0: 5.34%, 1: 94.66%
CHEMBL1613926 0: 30.15%, 1: 69.85%
CHEMBL1613928 0: 45.90%, 1: 54.10%
CHEMBL1613929 0: 81.25%, 1: 18.75%
CHEMBL1613941 0: 32.58%, 1: 67.42%
CHEMBL1613942 0: 41.43%, 1: 58.57%
CHEMBL1613947 0: 46.01%, 1: 53.99%
CHEMBL1613949 0: 60.13%, 1: 39.87%
CHEMBL1613950 0: 43.05%, 1: 56.95%
CHEMBL1613955 0: 54.04%, 1: 45.96%
CHEMBL1613962 0: 24.26%, 1: 75.74%
CHEMBL1613967 0: 44.59%, 1: 55.41%
CHEMBL1613981 0: 58.85%, 1: 41.15%
CHEMBL1613991 0: 14.98%, 1: 85.02%
CHEMBL1613997 0: 7.73%, 1: 92.27%
CHEMBL1614001 0: 98.28%, 1: 1.72%
CHEMBL1614004 0: 14.66%, 1: 85.34%
CHEMBL1614016 0: 12.22%, 1: 87.78%
CHEMBL1614030 0: 19.96%, 1: 80.04%
CHEMBL1614034 0: 2.63%, 1: 97.37%
CHEMBL1614035 0: 77.14%, 1: 22.86%
CHEMBL1614049 0: 39.63%, 1: 60.37%
CHEMBL1614053 0: 42.48%, 1: 57.52%
CHEMBL1614063 0: 95.18%, 1: 4.82%
CHEMBL1614065 0: 9.71%, 1: 90.29%
CHEMBL1614066 0: 94.74%, 1: 5.26%
CHEMBL1614069 0: 56.82%, 1: 43.18%
CHEMBL1614072 0: 50.36%, 1: 49.64%
CHEMBL1614084 0: 13.26%, 1: 86.74%
CHEMBL1614091 0: 4.43%, 1: 95.57%
CHEMBL1614092 0: 47.50%, 1: 52.50%
CHEMBL1614097 0: 46.99%, 1: 53.01%
CHEMBL1614098 0: 97.25%, 1: 2.75%
CHEMBL1614104 0: 7.74%, 1: 92.26%
CHEMBL1614105 0: 6.12%, 1: 93.88%
CHEMBL1614109 0: 59.87%, 1: 40.13%
CHEMBL1614128 0: 10.35%, 1: 89.65%
CHEMBL1614131 0: 97.14%, 1: 2.86%
CHEMBL1614132 0: 42.07%, 1: 57.93%
CHEMBL1614138 0: 67.83%, 1: 32.17%
CHEMBL1614155 0: 25.40%, 1: 74.60%
CHEMBL1614158 0: 74.52%, 1: 25.48%
CHEMBL1614167 0: 16.17%, 1: 83.83%
CHEMBL1614170 0: 68.86%, 1: 31.14%
CHEMBL1614171 0: 93.77%, 1: 6.23%
CHEMBL1614175 0: 80.66%, 1: 19.34%
CHEMBL1614185 0: 26.17%, 1: 73.83%
CHEMBL1614197 0: 5.26%, 1: 94.74%
CHEMBL1614199 0: 49.66%, 1: 50.34%
CHEMBL1614202 0: 7.32%, 1: 92.68%
CHEMBL1614215 0: 52.76%, 1: 47.24%
CHEMBL1614216 0: 48.52%, 1: 51.48%
CHEMBL1614218 0: 22.36%, 1: 77.64%
CHEMBL1614225 0: 62.50%, 1: 37.50%
CHEMBL1614244 0: 38.85%, 1: 61.15%
CHEMBL1614247 0: 44.34%, 1: 55.66%
CHEMBL1614252 0: 60.11%, 1: 39.89%
CHEMBL1614255 0: 61.26%, 1: 38.74%
CHEMBL1614259 0: 32.82%, 1: 67.18%
CHEMBL1614272 0: 67.71%, 1: 32.29%
CHEMBL1614276 0: 51.74%, 1: 48.26%
CHEMBL1614287 0: 85.53%, 1: 14.47%
CHEMBL1614288 0: 72.51%, 1: 27.49%
CHEMBL1614290 0: 4.51%, 1: 95.49%
CHEMBL1614295 0: 2.29%, 1: 97.71%
CHEMBL1614301 0: 19.74%, 1: 80.26%
CHEMBL1614304 0: 63.76%, 1: 36.24%
CHEMBL1614309 0: 27.66%, 1: 72.34%
CHEMBL1614311 0: 53.76%, 1: 46.24%
CHEMBL1614314 0: 94.70%, 1: 5.30%
CHEMBL1614319 0: 72.16%, 1: 27.84%
CHEMBL1614320 0: 29.79%, 1: 70.21%
CHEMBL1614321 0: 60.16%, 1: 39.84%
CHEMBL1614328 0: 46.64%, 1: 53.36%
CHEMBL1614329 0: 40.69%, 1: 59.31%
CHEMBL1614336 0: 47.01%, 1: 52.99%
CHEMBL1614344 0: 67.72%, 1: 32.28%
CHEMBL1614356 0: 43.90%, 1: 56.10%
CHEMBL1614359 0: 50.26%, 1: 49.74%
CHEMBL1614363 0: 53.19%, 1: 46.81%
CHEMBL1614385 0: 93.27%, 1: 6.73%
CHEMBL1614388 0: 56.19%, 1: 43.81%
CHEMBL1614393 0: 45.00%, 1: 55.00%
CHEMBL1614395 0: 11.32%, 1: 88.68%
CHEMBL1614403 0: 88.15%, 1: 11.85%
CHEMBL1614423 0: 57.84%, 1: 42.16%
CHEMBL1614425 0: 38.24%, 1: 61.76%
CHEMBL1614433 0: 60.77%, 1: 39.23%
CHEMBL1614434 0: 80.25%, 1: 19.75%
CHEMBL1614456 0: 3.36%, 1: 96.64%
CHEMBL1614466 0: 10.32%, 1: 89.68%
CHEMBL1614469 0: 24.90%, 1: 75.10%
CHEMBL1614477 0: 43.75%, 1: 56.25%
CHEMBL1614478 0: 12.50%, 1: 87.50%
CHEMBL1614480 0: 85.71%, 1: 14.29%
CHEMBL1614484 0: 9.01%, 1: 90.99%
CHEMBL1614492 0: 40.54%, 1: 59.46%
CHEMBL1614499 0: 44.47%, 1: 55.53%
CHEMBL1614503 0: 40.30%, 1: 59.70%
CHEMBL1614504 0: 17.80%, 1: 82.20%
CHEMBL1614509 0: 79.43%, 1: 20.57%
CHEMBL1614512 0: 62.79%, 1: 37.21%
CHEMBL1614514 0: 83.07%, 1: 16.93%
CHEMBL1614515 0: 19.61%, 1: 80.39%
CHEMBL1614516 0: 96.81%, 1: 3.19%
CHEMBL1614522 0: 28.55%, 1: 71.45%
CHEMBL1614524 0: 12.98%, 1: 87.02%
CHEMBL1614528 0: 40.91%, 1: 59.09%
CHEMBL1614547 0: 72.51%, 1: 27.49%
CHEMBL1614548 0: 17.95%, 1: 82.05%
CHEMBL1614549 0: 84.25%, 1: 15.75%
CHEMBL1614550 0: 9.30%, 1: 90.70%
CHEMBL1614554 0: 71.64%, 1: 28.36%
CHEMBL1676103 0: 39.85%, 1: 60.15%
CHEMBL1737860 0: 3.60%, 1: 96.40%
CHEMBL1737863 0: 36.27%, 1: 63.73%
CHEMBL1737865 0: 61.01%, 1: 38.99%
CHEMBL1737868 0: 79.41%, 1: 20.59%
CHEMBL1737910 0: 45.71%, 1: 54.29%
CHEMBL1737912 0: 26.51%, 1: 73.49%
CHEMBL1737942 0: 44.52%, 1: 55.48%
CHEMBL1737951 0: 51.83%, 1: 48.17%
CHEMBL1737961 0: 93.34%, 1: 6.66%
CHEMBL1737966 0: 21.36%, 1: 78.64%
CHEMBL1737967 0: 89.17%, 1: 10.83%
CHEMBL1737977 0: 13.87%, 1: 86.13%
CHEMBL1737978 0: 18.18%, 1: 81.82%
CHEMBL1737979 0: 8.94%, 1: 91.06%
CHEMBL1738019 0: 24.85%, 1: 75.15%
CHEMBL1738021 0: 10.87%, 1: 89.13%
CHEMBL1738025 0: 33.80%, 1: 66.20%
CHEMBL1738040 0: 73.48%, 1: 26.52%
CHEMBL1738043 0: 46.43%, 1: 53.57%
CHEMBL1738079 0: 3.88%, 1: 96.12%
CHEMBL1738080 0: 76.43%, 1: 23.57%
CHEMBL1738091 0: 89.77%, 1: 10.23%
CHEMBL1738097 0: 72.41%, 1: 27.59%
CHEMBL1738131 0: 68.59%, 1: 31.41%
CHEMBL1738164 0: 79.79%, 1: 20.21%
CHEMBL1738171 0: 85.45%, 1: 14.55%
CHEMBL1738183 0: 59.62%, 1: 40.38%
CHEMBL1738197 0: 36.90%, 1: 63.10%
CHEMBL1738202 0: 3.47%, 1: 96.53%
CHEMBL1738242 0: 16.55%, 1: 83.45%
CHEMBL1738249 0: 86.53%, 1: 13.47%
CHEMBL1738253 0: 7.33%, 1: 92.67%
CHEMBL1738319 0: 59.17%, 1: 40.83%
CHEMBL1738325 0: 96.86%, 1: 3.14%
CHEMBL1738362 0: 21.43%, 1: 78.57%
CHEMBL1738369 0: 56.34%, 1: 43.66%
CHEMBL1738371 0: 81.97%, 1: 18.03%
CHEMBL1738391 0: 68.38%, 1: 31.62%
CHEMBL1738400 0: 77.86%, 1: 22.14%
CHEMBL1738402 0: 54.19%, 1: 45.81%
CHEMBL1738407 0: 85.58%, 1: 14.42%
CHEMBL1738408 0: 2.18%, 1: 97.82%
CHEMBL1738414 0: 5.11%, 1: 94.89%
CHEMBL1738418 0: 68.85%, 1: 31.15%
CHEMBL1738422 0: 4.29%, 1: 95.71%
CHEMBL1738424 0: 77.50%, 1: 22.50%
CHEMBL1738430 0: 25.54%, 1: 74.46%
CHEMBL1738438 0: 2.76%, 1: 97.24%
CHEMBL1738482 0: 7.69%, 1: 92.31%
CHEMBL1738485 0: 17.65%, 1: 82.35%
CHEMBL1738494 0: 97.26%, 1: 2.74%
CHEMBL1738495 0: 1.70%, 1: 98.30%
CHEMBL1738497 0: 64.50%, 1: 35.50%
CHEMBL1738502 0: 15.20%, 1: 84.80%
CHEMBL1738510 0: 54.41%, 1: 45.59%
CHEMBL1738512 0: 3.05%, 1: 96.95%
CHEMBL1738513 0: 28.64%, 1: 71.36%
CHEMBL1738552 0: 64.70%, 1: 35.30%
CHEMBL1738575 0: 65.65%, 1: 34.35%
CHEMBL1738578 0: 23.30%, 1: 76.70%
CHEMBL1738579 0: 22.79%, 1: 77.21%
CHEMBL1738593 0: 17.65%, 1: 82.35%
CHEMBL1738599 0: 16.07%, 1: 83.93%
CHEMBL1738602 0: 42.70%, 1: 57.30%
CHEMBL1738610 0: 42.07%, 1: 57.93%
CHEMBL1738611 0: 2.23%, 1: 97.77%
CHEMBL1738632 0: 86.32%, 1: 13.68%
CHEMBL1738633 0: 4.05%, 1: 95.95%
CHEMBL1738639 0: 64.47%, 1: 35.53%
CHEMBL1738642 0: 34.82%, 1: 65.18%
CHEMBL1738670 0: 9.18%, 1: 90.82%
CHEMBL1738673 0: 12.98%, 1: 87.02%
CHEMBL1738679 0: 63.95%, 1: 36.05%
CHEMBL1738682 0: 62.45%, 1: 37.55%
CHEMBL1794296 0: 44.02%, 1: 55.98%
CHEMBL1794303 0: 2.71%, 1: 97.29%
CHEMBL1794320 0: 96.68%, 1: 3.32%
CHEMBL1794327 0: 91.59%, 1: 8.41%
CHEMBL1794336 0: 53.07%, 1: 46.93%
CHEMBL1794350 0: 3.44%, 1: 96.56%
CHEMBL1794355 0: 5.26%, 1: 94.74%
CHEMBL1794356 0: 13.92%, 1: 86.08%
CHEMBL1794358 0: 94.14%, 1: 5.86%
CHEMBL1794365 0: 7.12%, 1: 92.88%
CHEMBL1794383 0: 6.90%, 1: 93.10%
CHEMBL1794387 0: 65.04%, 1: 34.96%
CHEMBL1794393 0: 67.55%, 1: 32.45%
CHEMBL1794396 0: 3.96%, 1: 96.04%
CHEMBL1794410 0: 23.98%, 1: 76.02%
CHEMBL1794413 0: 6.02%, 1: 93.98%
CHEMBL1794438 0: 40.17%, 1: 59.83%
CHEMBL1794445 0: 87.84%, 1: 12.16%
CHEMBL1794452 0: 94.30%, 1: 5.70%
CHEMBL1794457 0: 92.98%, 1: 7.02%
CHEMBL1794460 0: 28.63%, 1: 71.37%
CHEMBL1794467 0: 18.39%, 1: 81.61%
CHEMBL1794475 0: 56.02%, 1: 43.98%
CHEMBL1794484 0: 44.93%, 1: 55.07%
CHEMBL1794494 0: 5.33%, 1: 94.67%
CHEMBL1794497 0: 8.47%, 1: 91.53%
CHEMBL1794499 0: 73.90%, 1: 26.10%
CHEMBL1794508 0: 94.63%, 1: 5.37%
CHEMBL1794516 0: 3.21%, 1: 96.79%
CHEMBL1794522 0: 58.65%, 1: 41.35%
CHEMBL1794528 0: 79.86%, 1: 20.14%
CHEMBL1794531 0: 92.03%, 1: 7.97%
CHEMBL1794548 0: 88.74%, 1: 11.26%
CHEMBL1794566 0: 6.05%, 1: 93.95%
CHEMBL1794567 0: 9.61%, 1: 90.39%
CHEMBL1794570 0: 92.79%, 1: 7.21%
CHEMBL1794571 0: 53.55%, 1: 46.45%
CHEMBL1794573 0: 10.54%, 1: 89.46%
CHEMBL1794574 0: 1.09%, 1: 98.91%
CHEMBL1794578 0: 46.99%, 1: 53.01%
CHEMBL1794581 0: 19.65%, 1: 80.35%
CHEMBL1863510 0: 2.14%, 1: 97.86%
CHEMBL1863512 0: 2.79%, 1: 97.21%
CHEMBL1909084 0: 99.28%, 1: 0.72%
CHEMBL1909085 0: 92.10%, 1: 7.90%
CHEMBL1909086 0: 91.52%, 1: 8.48%
CHEMBL1909087 0: 91.86%, 1: 8.14%
CHEMBL1909088 0: 87.97%, 1: 12.03%
CHEMBL1909089 0: 88.69%, 1: 11.31%
CHEMBL1909090 0: 90.81%, 1: 9.19%
CHEMBL1909091 0: 97.24%, 1: 2.76%
CHEMBL1909092 0: 97.14%, 1: 2.86%
CHEMBL1909093 0: 98.42%, 1: 1.58%
CHEMBL1909094 0: 90.85%, 1: 9.15%
CHEMBL1909095 0: 98.56%, 1: 1.44%
CHEMBL1909097 0: 99.28%, 1: 0.72%
CHEMBL1909102 0: 92.94%, 1: 7.06%
CHEMBL1909103 0: 97.23%, 1: 2.77%
CHEMBL1909104 0: 87.06%, 1: 12.94%
CHEMBL1909105 0: 88.70%, 1: 11.30%
CHEMBL1909106 0: 98.57%, 1: 1.43%
CHEMBL1909107 0: 97.86%, 1: 2.14%
CHEMBL1909108 0: 93.04%, 1: 6.96%
CHEMBL1909109 0: 90.35%, 1: 9.65%
