wandb: Tracking run with wandb version 0.9.3
wandb: Run data is saved locally in wandb/run-20200720_151722-28ln3n2h
wandb: Syncing run ffn_0.6_dropout_400_hidden_size
wandb: ⭐️ View project at https://app.wandb.ai/apappu97/molecule-metalearning-chemprop
wandb: 🚀 View run at https://app.wandb.ai/apappu97/molecule-metalearning-chemprop/runs/28ln3n2h
wandb: Run `wandb off` to turn off syncing.

Fold 0
Command line
python chemprop/train.py --data_path filtered_chembl/chembl_less_1024_more_128_645_tasks.csv --dataset_type classification --split_type scaffold_balanced --features_only --features_generator morgan --dropout 0.6 --ffn_hidden_size 400 --num_folds 2 --epochs 30 --results_save_dir results/initial_hyperparameter_tuning/ --experiment_name ffn_0.6_dropout_400_hidden_size
Args
{'ANIL': False,
 'FO_MAML': False,
 'activation': 'ReLU',
 'atom_messages': False,
 'batch_size': 50,
 'bias': False,
 'cache_cutoff': 10000,
 'checkpoint_dir': None,
 'checkpoint_path': None,
 'checkpoint_paths': None,
 'chembl_assay_metadata_pickle_path': None,
 'class_balance': False,
 'config_path': None,
 'crossval_index_dir': None,
 'crossval_index_file': None,
 'crossval_index_sets': None,
 'data_path': 'filtered_chembl/chembl_less_1024_more_128_645_tasks.csv',
 'dataset_type': 'classification',
 'depth': 3,
 'dropout': 0.6,
 'dummy': False,
 'ensemble_size': 1,
 'epochs': 30,
 'experiment_name': 'ffn_0.6_dropout_400_hidden_size',
 'features_generator': ['morgan'],
 'features_only': True,
 'features_path': None,
 'features_size': None,
 'ffn_hidden_size': 400,
 'ffn_num_layers': 2,
 'final_lr': 0.0001,
 'folds_file': None,
 'gpu': None,
 'hidden_size': 300,
 'init_lr': 0.0001,
 'inner_loop_lr': 0.05,
 'log_frequency': 10,
 'max_data_size': None,
 'max_lr': 0.001,
 'meta_batch_size': 3,
 'meta_learning': False,
 'meta_test_split_sizes': (0.8, 0.1, 0.1),
 'meta_train_split_sizes': (0.8, 0.2, 0),
 'metric': 'auc',
 'minimize_score': False,
 'multiclass_num_classes': 3,
 'no_cuda': False,
 'no_features_scaling': False,
 'num_folds': 2,
 'num_inner_gradient_steps': 2,
 'num_lrs': 1,
 'num_tasks': None,
 'num_workers': 8,
 'outer_loop_lr': 0.003,
 'pytorch_seed': 0,
 'quiet': False,
 'results_save_dir': 'results/initial_hyperparameter_tuning/',
 'save_dir': '/tmp/2273220.15.gpu.q/tmpmjdl05o2/fold_0',
 'save_smiles_splits': False,
 'seed': 0,
 'separate_test_features_path': None,
 'separate_test_path': None,
 'separate_val_features_path': None,
 'separate_val_path': None,
 'show_individual_scores': False,
 'smiles_column': None,
 'split_sizes': (0.8, 0.1, 0.1),
 'split_type': 'scaffold_balanced',
 'target_columns': None,
 'task_names': None,
 'test': False,
 'test_fold_index': None,
 'train_data_size': None,
 'undirected': False,
 'use_input_features': True,
 'val_fold_index': None,
 'warmup_epochs': 2.0}
Loading data
0it [00:00, ?it/s]395it [00:00, 3948.04it/s]900it [00:00, 4223.81it/s]1362it [00:00, 4334.03it/s]1849it [00:00, 4480.69it/s]2333it [00:00, 4581.54it/s]2787it [00:00, 4566.73it/s]3230it [00:00, 4523.78it/s]3714it [00:00, 4613.86it/s]4155it [00:01, 2991.70it/s]4697it [00:01, 3455.60it/s]5234it [00:01, 3868.64it/s]5863it [00:01, 4373.73it/s]6408it [00:01, 4647.55it/s]7025it [00:01, 5018.83it/s]7632it [00:01, 5265.13it/s]8193it [00:01, 5184.52it/s]8736it [00:01, 4680.59it/s]9377it [00:02, 5067.95it/s]10031it [00:02, 5433.82it/s]10661it [00:02, 5665.57it/s]11288it [00:02, 5833.91it/s]11917it [00:02, 5961.89it/s]12526it [00:02, 5247.38it/s]13180it [00:02, 5578.06it/s]13809it [00:02, 5771.86it/s]14433it [00:02, 5902.51it/s]15061it [00:02, 6008.56it/s]15672it [00:03, 6010.05it/s]16324it [00:03, 6154.42it/s]16945it [00:03, 5368.02it/s]17504it [00:03, 2445.50it/s]18130it [00:03, 2992.16it/s]18667it [00:04, 3449.85it/s]19167it [00:04, 3762.00it/s]19690it [00:04, 4106.70it/s]20193it [00:04, 4345.84it/s]20696it [00:04, 4505.01it/s]21228it [00:04, 4721.77it/s]21738it [00:04, 4419.91it/s]22372it [00:04, 4860.33it/s]23006it [00:04, 5224.56it/s]23667it [00:04, 5573.71it/s]24302it [00:05, 5783.83it/s]24936it [00:05, 5938.86it/s]25547it [00:05, 5244.46it/s]26183it [00:05, 5535.02it/s]26821it [00:05, 5762.75it/s]27484it [00:05, 5997.41it/s]28100it [00:05, 5823.34it/s]28695it [00:05, 5793.13it/s]29287it [00:05, 5829.96it/s]29876it [00:06, 5228.92it/s]30514it [00:06, 5526.98it/s]31151it [00:06, 5754.92it/s]31789it [00:06, 5927.73it/s]32426it [00:06, 6051.51it/s]33077it [00:06, 6133.02it/s]33741it [00:06, 6275.69it/s]34374it [00:06, 5504.06it/s]35003it [00:06, 5717.86it/s]35592it [00:07, 5738.90it/s]36178it [00:07, 5377.58it/s]36778it [00:07, 5548.58it/s]37344it [00:07, 5058.48it/s]37885it [00:07, 5157.61it/s]38413it [00:07, 4419.00it/s]38907it [00:07, 4561.09it/s]39483it [00:07, 4862.65it/s]40043it [00:07, 5060.60it/s]40565it [00:08, 4977.66it/s]41074it [00:08, 4998.62it/s]41582it [00:08, 4977.44it/s]42137it [00:08, 5134.52it/s]42656it [00:08, 4306.33it/s]43128it [00:08, 4421.83it/s]43593it [00:08, 4486.23it/s]44089it [00:08, 4615.71it/s]44583it [00:08, 4705.77it/s]45062it [00:09, 4605.30it/s]45586it [00:09, 4778.76it/s]46070it [00:09, 4777.57it/s]46552it [00:09, 4156.64it/s]47028it [00:09, 4320.57it/s]47526it [00:09, 4496.92it/s]48017it [00:09, 4611.63it/s]48491it [00:09, 4647.66it/s]48987it [00:09, 4735.35it/s]49550it [00:10, 4971.82it/s]50168it [00:10, 5281.43it/s]50706it [00:10, 4830.92it/s]51326it [00:10, 5172.37it/s]51948it [00:10, 5445.66it/s]52594it [00:10, 5713.18it/s]53207it [00:10, 5831.51it/s]53804it [00:10, 5870.09it/s]54400it [00:10, 5894.80it/s]54995it [00:10, 5228.77it/s]55601it [00:11, 5453.06it/s]56215it [00:11, 5640.85it/s]56839it [00:11, 5807.20it/s]57489it [00:11, 5950.28it/s]58144it [00:11, 6118.09it/s]58770it [00:11, 6157.86it/s]59391it [00:11, 5386.59it/s]60023it [00:11, 5634.78it/s]60661it [00:11, 5837.11it/s]61322it [00:12, 6047.43it/s]61865it [00:12, 5101.35it/s]
  0% 0/61865 [00:00<?, ?it/s]  0% 163/61865 [00:00<00:38, 1621.97it/s]  1% 331/61865 [00:00<00:37, 1637.53it/s]  1% 494/61865 [00:00<00:37, 1634.22it/s]  1% 623/61865 [00:00<00:40, 1508.78it/s]  1% 760/61865 [00:00<00:41, 1462.50it/s]  1% 905/61865 [00:00<00:41, 1456.82it/s]  2% 1034/61865 [00:00<00:43, 1399.27it/s]  2% 1162/61865 [00:00<00:50, 1196.23it/s]  2% 1279/61865 [00:00<00:53, 1135.56it/s]  2% 1440/61865 [00:01<00:48, 1245.42it/s]  3% 1574/61865 [00:02<02:53, 346.76it/s]   3% 1735/61865 [00:02<02:12, 453.44it/s]  3% 1906/61865 [00:02<01:43, 581.31it/s]  3% 2071/61865 [00:02<01:22, 721.46it/s]  4% 2226/61865 [00:02<01:09, 858.91it/s]  4% 2398/61865 [00:02<00:58, 1010.55it/s]  4% 2561/61865 [00:02<00:52, 1140.37it/s]  4% 2724/61865 [00:02<00:47, 1251.98it/s]  5% 2898/61865 [00:02<00:43, 1366.53it/s]  5% 3079/61865 [00:03<00:39, 1473.10it/s]  5% 3252/61865 [00:03<00:38, 1539.52it/s]  6% 3422/61865 [00:03<00:36, 1583.18it/s]  6% 3592/61865 [00:03<00:36, 1614.83it/s]  6% 3762/61865 [00:03<00:35, 1629.17it/s]  6% 3931/61865 [00:03<00:35, 1624.38it/s]  7% 4098/61865 [00:03<00:35, 1614.60it/s]  7% 4268/61865 [00:03<00:35, 1639.29it/s]  7% 4440/61865 [00:03<00:34, 1661.18it/s]  7% 4608/61865 [00:03<00:34, 1663.95it/s]  8% 4776/61865 [00:04<00:34, 1650.49it/s]  8% 4943/61865 [00:04<00:34, 1655.80it/s]  8% 5110/61865 [00:04<00:34, 1651.77it/s]  9% 5276/61865 [00:04<00:34, 1628.11it/s]  9% 5440/61865 [00:04<00:34, 1612.80it/s]  9% 5602/61865 [00:04<00:34, 1609.48it/s]  9% 5768/61865 [00:04<00:34, 1622.17it/s] 10% 5931/61865 [00:04<00:34, 1604.32it/s] 10% 6092/61865 [00:04<00:34, 1598.88it/s] 10% 6254/61865 [00:04<00:34, 1603.53it/s] 10% 6416/61865 [00:05<00:34, 1606.54it/s] 11% 6577/61865 [00:05<00:34, 1600.49it/s] 11% 6738/61865 [00:05<00:34, 1602.58it/s] 11% 6903/61865 [00:05<00:34, 1614.50it/s] 11% 7072/61865 [00:05<00:33, 1634.79it/s] 12% 7239/61865 [00:05<00:33, 1643.09it/s] 12% 7404/61865 [00:05<00:33, 1616.84it/s] 12% 7566/61865 [00:05<00:33, 1601.03it/s] 12% 7727/61865 [00:05<00:33, 1595.53it/s] 13% 7900/61865 [00:05<00:33, 1633.21it/s] 13% 8068/61865 [00:06<00:32, 1644.97it/s] 13% 8233/61865 [00:06<00:33, 1593.90it/s] 14% 8397/61865 [00:06<00:33, 1605.63it/s] 14% 8564/61865 [00:06<00:32, 1623.61it/s] 14% 8733/61865 [00:06<00:32, 1640.87it/s] 14% 8898/61865 [00:06<00:32, 1630.52it/s] 15% 9063/61865 [00:06<00:32, 1634.12it/s] 15% 9229/61865 [00:06<00:32, 1639.92it/s] 15% 9394/61865 [00:06<00:32, 1590.23it/s] 15% 9554/61865 [00:06<00:33, 1578.61it/s] 16% 9713/61865 [00:07<00:35, 1450.64it/s] 16% 9877/61865 [00:07<00:34, 1502.34it/s] 16% 10042/61865 [00:07<00:33, 1541.08it/s] 16% 10203/61865 [00:07<00:33, 1560.62it/s] 17% 10366/61865 [00:07<00:32, 1579.69it/s] 17% 10530/61865 [00:07<00:32, 1595.25it/s] 17% 10693/61865 [00:07<00:31, 1604.83it/s] 18% 10856/61865 [00:07<00:31, 1610.22it/s] 18% 11018/61865 [00:07<00:31, 1605.41it/s] 18% 11186/61865 [00:08<00:31, 1624.37it/s] 18% 11353/61865 [00:08<00:30, 1636.35it/s] 19% 11519/61865 [00:08<00:30, 1640.54it/s] 19% 11684/61865 [00:08<00:30, 1629.11it/s] 19% 11849/61865 [00:08<00:30, 1633.98it/s] 19% 12017/61865 [00:08<00:30, 1644.49it/s] 20% 12183/61865 [00:08<00:30, 1648.55it/s] 20% 12348/61865 [00:08<00:30, 1639.02it/s] 20% 12512/61865 [00:08<00:30, 1638.10it/s] 20% 12680/61865 [00:08<00:29, 1649.37it/s] 21% 12845/61865 [00:09<00:29, 1647.92it/s] 21% 13010/61865 [00:09<00:29, 1633.92it/s] 21% 13177/61865 [00:09<00:29, 1642.00it/s] 22% 13347/61865 [00:09<00:29, 1656.49it/s] 22% 13513/61865 [00:09<00:29, 1650.32it/s] 22% 13679/61865 [00:09<00:29, 1647.63it/s] 22% 13844/61865 [00:09<00:29, 1646.63it/s] 23% 14009/61865 [00:09<00:29, 1641.99it/s] 23% 14174/61865 [00:09<00:29, 1634.52it/s] 23% 14338/61865 [00:09<00:29, 1631.06it/s] 23% 14502/61865 [00:10<00:29, 1622.92it/s] 24% 14665/61865 [00:10<00:29, 1616.42it/s] 24% 14830/61865 [00:10<00:28, 1623.73it/s] 24% 14996/61865 [00:10<00:28, 1632.19it/s] 25% 15160/61865 [00:10<00:28, 1623.55it/s] 25% 15328/61865 [00:10<00:28, 1637.97it/s] 25% 15492/61865 [00:10<00:28, 1636.12it/s] 25% 15657/61865 [00:10<00:28, 1638.38it/s] 26% 15821/61865 [00:10<00:28, 1631.45it/s] 26% 15990/61865 [00:10<00:27, 1646.74it/s] 26% 16155/61865 [00:11<00:27, 1644.88it/s] 26% 16322/61865 [00:11<00:27, 1651.30it/s] 27% 16488/61865 [00:11<00:27, 1636.26it/s] 27% 16657/61865 [00:11<00:27, 1649.89it/s] 27% 16827/61865 [00:11<00:27, 1662.91it/s] 27% 16997/61865 [00:11<00:26, 1673.56it/s] 28% 17165/61865 [00:11<00:26, 1670.94it/s] 28% 17333/61865 [00:11<00:26, 1653.51it/s] 28% 17500/61865 [00:11<00:26, 1658.09it/s] 29% 17668/61865 [00:11<00:26, 1661.52it/s] 29% 17837/61865 [00:12<00:26, 1669.64it/s] 29% 18005/61865 [00:12<00:26, 1660.48it/s] 29% 18173/61865 [00:12<00:26, 1664.81it/s] 30% 18340/61865 [00:12<00:26, 1665.58it/s] 30% 18507/61865 [00:12<00:26, 1665.02it/s] 30% 18674/61865 [00:12<00:26, 1644.27it/s] 30% 18840/61865 [00:12<00:26, 1646.31it/s] 31% 19005/61865 [00:12<00:26, 1643.63it/s] 31% 19170/61865 [00:12<00:26, 1621.96it/s] 31% 19333/61865 [00:12<00:26, 1617.37it/s] 32% 19500/61865 [00:13<00:25, 1630.69it/s] 32% 19668/61865 [00:13<00:25, 1644.27it/s] 32% 19833/61865 [00:13<00:25, 1644.76it/s] 32% 19998/61865 [00:13<00:25, 1627.13it/s] 33% 20161/61865 [00:13<00:25, 1619.95it/s] 33% 20324/61865 [00:13<00:25, 1621.88it/s] 33% 20487/61865 [00:13<00:25, 1624.13it/s] 33% 20651/61865 [00:13<00:25, 1625.75it/s] 34% 20816/61865 [00:13<00:25, 1631.71it/s] 34% 20980/61865 [00:13<00:25, 1631.02it/s] 34% 21145/61865 [00:14<00:24, 1635.20it/s] 34% 21309/61865 [00:14<00:24, 1631.67it/s] 35% 21473/61865 [00:14<00:24, 1618.22it/s] 35% 21638/61865 [00:14<00:24, 1625.57it/s] 35% 21803/61865 [00:14<00:24, 1630.02it/s] 36% 21972/61865 [00:14<00:24, 1645.36it/s] 36% 22137/61865 [00:14<00:24, 1637.26it/s] 36% 22302/61865 [00:14<00:24, 1639.66it/s] 36% 22469/61865 [00:14<00:23, 1647.98it/s] 37% 22635/61865 [00:14<00:23, 1650.78it/s] 37% 22801/61865 [00:15<00:23, 1642.24it/s] 37% 22967/61865 [00:15<00:23, 1647.06it/s] 37% 23133/61865 [00:15<00:23, 1650.78it/s] 38% 23300/61865 [00:15<00:23, 1655.11it/s] 38% 23466/61865 [00:15<00:23, 1653.20it/s] 38% 23632/61865 [00:15<00:23, 1649.74it/s] 38% 23798/61865 [00:15<00:23, 1651.80it/s] 39% 23966/61865 [00:15<00:22, 1659.10it/s] 39% 24132/61865 [00:15<00:22, 1655.21it/s] 39% 24298/61865 [00:15<00:22, 1656.28it/s] 40% 24464/61865 [00:16<00:22, 1655.65it/s] 40% 24630/61865 [00:16<00:22, 1653.71it/s] 40% 24796/61865 [00:16<00:22, 1636.18it/s] 40% 24960/61865 [00:16<00:22, 1634.67it/s] 41% 25125/61865 [00:16<00:22, 1636.56it/s] 41% 25291/61865 [00:16<00:22, 1643.51it/s] 41% 25457/61865 [00:16<00:22, 1648.42it/s] 41% 25622/61865 [00:16<00:22, 1631.12it/s] 42% 25788/61865 [00:16<00:22, 1638.71it/s] 42% 25953/61865 [00:17<00:21, 1642.04it/s] 42% 26118/61865 [00:17<00:21, 1641.65it/s] 42% 26283/61865 [00:17<00:21, 1636.09it/s] 43% 26448/61865 [00:17<00:21, 1637.79it/s] 43% 26612/61865 [00:17<00:21, 1638.01it/s] 43% 26779/61865 [00:17<00:21, 1646.33it/s] 44% 26944/61865 [00:17<00:21, 1642.45it/s] 44% 27110/61865 [00:17<00:21, 1646.72it/s] 44% 27276/61865 [00:17<00:20, 1648.73it/s] 44% 27444/61865 [00:17<00:20, 1655.05it/s] 45% 27610/61865 [00:18<00:20, 1650.33it/s] 45% 27776/61865 [00:18<00:20, 1651.68it/s] 45% 27943/61865 [00:18<00:20, 1656.54it/s] 45% 28109/61865 [00:18<00:20, 1644.42it/s] 46% 28274/61865 [00:18<00:20, 1638.17it/s] 46% 28438/61865 [00:18<00:20, 1632.83it/s] 46% 28602/61865 [00:18<00:20, 1632.18it/s] 46% 28767/61865 [00:18<00:20, 1636.38it/s] 47% 28931/61865 [00:18<00:20, 1633.85it/s] 47% 29095/61865 [00:18<00:20, 1617.45it/s] 47% 29262/61865 [00:19<00:19, 1631.94it/s] 48% 29429/61865 [00:19<00:19, 1642.12it/s] 48% 29595/61865 [00:19<00:19, 1646.24it/s] 48% 29760/61865 [00:19<00:19, 1645.95it/s] 48% 29926/61865 [00:19<00:19, 1647.94it/s] 49% 30092/61865 [00:19<00:19, 1650.65it/s] 49% 30258/61865 [00:19<00:19, 1638.01it/s] 49% 30422/61865 [00:19<00:19, 1633.37it/s] 49% 30588/61865 [00:19<00:19, 1639.37it/s] 50% 30753/61865 [00:19<00:18, 1642.20it/s] 50% 30921/61865 [00:20<00:18, 1651.39it/s] 50% 31087/61865 [00:20<00:18, 1643.04it/s] 51% 31252/61865 [00:20<00:18, 1627.37it/s] 51% 31419/61865 [00:20<00:18, 1637.80it/s] 51% 31585/61865 [00:20<00:18, 1642.72it/s] 51% 31752/61865 [00:20<00:18, 1649.38it/s] 52% 31917/61865 [00:20<00:18, 1640.02it/s] 52% 32083/61865 [00:20<00:18, 1643.45it/s] 52% 32248/61865 [00:20<00:18, 1638.22it/s] 52% 32412/61865 [00:20<00:17, 1638.35it/s] 53% 32576/61865 [00:21<00:18, 1624.53it/s] 53% 32741/61865 [00:21<00:17, 1631.99it/s] 53% 32905/61865 [00:21<00:17, 1615.85it/s] 53% 33071/61865 [00:21<00:17, 1626.54it/s] 54% 33234/61865 [00:21<00:17, 1626.52it/s] 54% 33399/61865 [00:21<00:17, 1632.21it/s] 54% 33565/61865 [00:21<00:17, 1639.81it/s] 55% 33731/61865 [00:21<00:17, 1645.05it/s] 55% 33896/61865 [00:21<00:17, 1643.51it/s] 55% 34062/61865 [00:21<00:16, 1645.54it/s] 55% 34229/61865 [00:22<00:16, 1650.47it/s] 56% 34397/61865 [00:22<00:16, 1657.63it/s] 56% 34563/61865 [00:22<00:16, 1657.01it/s] 56% 34729/61865 [00:22<00:16, 1642.30it/s] 56% 34896/61865 [00:22<00:16, 1648.52it/s] 57% 35061/61865 [00:22<00:16, 1632.20it/s] 57% 35226/61865 [00:22<00:16, 1635.30it/s] 57% 35390/61865 [00:22<00:16, 1617.32it/s] 57% 35554/61865 [00:22<00:16, 1622.13it/s] 58% 35717/61865 [00:22<00:16, 1622.02it/s] 58% 35880/61865 [00:23<00:16, 1608.95it/s] 58% 36041/61865 [00:23<00:16, 1592.83it/s] 59% 36206/61865 [00:23<00:15, 1607.25it/s] 59% 36370/61865 [00:23<00:15, 1616.77it/s] 59% 36535/61865 [00:23<00:15, 1625.16it/s] 59% 36698/61865 [00:23<00:15, 1625.24it/s] 60% 36865/61865 [00:23<00:15, 1638.17it/s] 60% 37033/61865 [00:23<00:15, 1649.96it/s] 60% 37199/61865 [00:23<00:14, 1649.63it/s] 60% 37365/61865 [00:23<00:14, 1649.47it/s] 61% 37533/61865 [00:24<00:14, 1657.64it/s] 61% 37700/61865 [00:24<00:14, 1659.75it/s] 61% 37866/61865 [00:24<00:14, 1659.77it/s] 61% 38033/61865 [00:24<00:14, 1661.74it/s] 62% 38200/61865 [00:24<00:14, 1653.38it/s] 62% 38366/61865 [00:24<00:14, 1654.86it/s] 62% 38532/61865 [00:24<00:14, 1653.52it/s] 63% 38698/61865 [00:24<00:14, 1646.94it/s] 63% 38863/61865 [00:24<00:14, 1638.94it/s] 63% 39027/61865 [00:24<00:13, 1636.15it/s] 63% 39195/61865 [00:25<00:13, 1646.17it/s] 64% 39363/61865 [00:25<00:13, 1653.57it/s] 64% 39529/61865 [00:25<00:13, 1648.09it/s] 64% 39695/61865 [00:25<00:13, 1651.02it/s] 64% 39862/61865 [00:25<00:13, 1656.15it/s] 65% 40028/61865 [00:25<00:13, 1649.93it/s] 65% 40194/61865 [00:25<00:13, 1641.32it/s] 65% 40359/61865 [00:25<00:13, 1637.27it/s] 66% 40523/61865 [00:25<00:13, 1634.34it/s] 66% 40687/61865 [00:25<00:12, 1634.73it/s] 66% 40851/61865 [00:26<00:12, 1632.58it/s] 66% 41015/61865 [00:26<00:12, 1632.19it/s] 67% 41183/61865 [00:26<00:12, 1645.86it/s] 67% 41350/61865 [00:26<00:12, 1651.09it/s] 67% 41516/61865 [00:26<00:12, 1626.73it/s] 67% 41679/61865 [00:26<00:12, 1624.80it/s] 68% 41846/61865 [00:26<00:12, 1636.60it/s] 68% 42012/61865 [00:26<00:12, 1641.40it/s] 68% 42177/61865 [00:26<00:11, 1642.21it/s] 68% 42342/61865 [00:27<00:12, 1625.58it/s] 69% 42505/61865 [00:27<00:11, 1624.47it/s] 69% 42670/61865 [00:27<00:11, 1629.14it/s] 69% 42836/61865 [00:27<00:11, 1637.71it/s] 70% 43001/61865 [00:27<00:11, 1639.20it/s] 70% 43167/61865 [00:27<00:11, 1644.78it/s] 70% 43332/61865 [00:27<00:11, 1642.26it/s] 70% 43502/61865 [00:27<00:11, 1657.01it/s] 71% 43668/61865 [00:27<00:11, 1642.05it/s] 71% 43833/61865 [00:27<00:10, 1639.34it/s] 71% 43999/61865 [00:28<00:10, 1643.65it/s] 71% 44167/61865 [00:28<00:10, 1651.88it/s] 72% 44333/61865 [00:28<00:10, 1649.22it/s] 72% 44498/61865 [00:28<00:10, 1644.41it/s] 72% 44668/61865 [00:28<00:10, 1657.76it/s] 72% 44834/61865 [00:28<00:10, 1656.06it/s] 73% 45000/61865 [00:28<00:10, 1652.35it/s] 73% 45166/61865 [00:28<00:10, 1647.94it/s] 73% 45334/61865 [00:28<00:09, 1655.57it/s] 74% 45500/61865 [00:28<00:09, 1648.58it/s] 74% 45665/61865 [00:29<00:09, 1639.00it/s] 74% 45829/61865 [00:29<00:09, 1632.12it/s] 74% 45994/61865 [00:29<00:09, 1633.84it/s] 75% 46158/61865 [00:29<00:09, 1633.20it/s] 75% 46322/61865 [00:29<00:09, 1635.11it/s] 75% 46486/61865 [00:29<00:09, 1627.75it/s] 75% 46651/61865 [00:29<00:09, 1633.03it/s] 76% 46816/61865 [00:29<00:09, 1637.94it/s] 76% 46980/61865 [00:29<00:09, 1630.62it/s] 76% 47144/61865 [00:29<00:09, 1628.83it/s] 76% 47307/61865 [00:30<00:08, 1626.62it/s] 77% 47473/61865 [00:30<00:08, 1636.07it/s] 77% 47640/61865 [00:30<00:08, 1643.73it/s] 77% 47805/61865 [00:30<00:08, 1629.51it/s] 78% 47968/61865 [00:30<00:08, 1625.24it/s] 78% 48131/61865 [00:31<00:39, 349.07it/s]  78% 48294/61865 [00:31<00:29, 456.50it/s] 78% 48456/61865 [00:31<00:23, 581.53it/s] 79% 48614/61865 [00:32<00:18, 717.41it/s] 79% 48777/61865 [00:32<00:15, 862.19it/s] 79% 48941/61865 [00:32<00:12, 1004.27it/s] 79% 49103/61865 [00:32<00:11, 1132.81it/s] 80% 49263/61865 [00:32<00:10, 1240.72it/s] 80% 49424/61865 [00:32<00:09, 1330.65it/s] 80% 49587/61865 [00:32<00:08, 1407.27it/s] 80% 49748/61865 [00:32<00:08, 1460.64it/s] 81% 49908/61865 [00:32<00:07, 1495.64it/s] 81% 50068/61865 [00:32<00:07, 1520.69it/s] 81% 50228/61865 [00:33<00:07, 1541.30it/s] 81% 50392/61865 [00:33<00:07, 1567.10it/s] 82% 50553/61865 [00:33<00:07, 1556.53it/s] 82% 50712/61865 [00:33<00:07, 1565.09it/s] 82% 50874/61865 [00:33<00:06, 1579.47it/s] 82% 51034/61865 [00:33<00:06, 1577.90it/s] 83% 51194/61865 [00:33<00:06, 1582.43it/s] 83% 51353/61865 [00:33<00:06, 1576.96it/s] 83% 51515/61865 [00:33<00:06, 1586.73it/s] 84% 51674/61865 [00:33<00:06, 1579.30it/s] 84% 51833/61865 [00:34<00:06, 1579.79it/s] 84% 51994/61865 [00:34<00:06, 1587.89it/s] 84% 52153/61865 [00:34<00:06, 1585.40it/s] 85% 52316/61865 [00:34<00:05, 1597.47it/s] 85% 52476/61865 [00:34<00:05, 1579.67it/s] 85% 52637/61865 [00:34<00:05, 1588.64it/s] 85% 52796/61865 [00:34<00:05, 1582.55it/s] 86% 52958/61865 [00:34<00:05, 1592.14it/s] 86% 53118/61865 [00:34<00:05, 1594.07it/s] 86% 53278/61865 [00:34<00:05, 1583.05it/s] 86% 53440/61865 [00:35<00:05, 1592.71it/s] 87% 53605/61865 [00:35<00:05, 1608.07it/s] 87% 53768/61865 [00:35<00:05, 1613.58it/s] 87% 53930/61865 [00:35<00:04, 1611.26it/s] 87% 54092/61865 [00:35<00:04, 1607.37it/s] 88% 54253/61865 [00:35<00:04, 1596.48it/s] 88% 54416/61865 [00:35<00:04, 1605.55it/s] 88% 54580/61865 [00:35<00:04, 1614.97it/s] 88% 54746/61865 [00:35<00:04, 1627.05it/s] 89% 54909/61865 [00:35<00:04, 1604.74it/s] 89% 55071/61865 [00:36<00:04, 1609.12it/s] 89% 55232/61865 [00:36<00:04, 1604.00it/s] 90% 55393/61865 [00:36<00:04, 1561.45it/s] 90% 55550/61865 [00:36<00:04, 1551.30it/s] 90% 55712/61865 [00:36<00:03, 1570.79it/s] 90% 55871/61865 [00:36<00:03, 1575.90it/s] 91% 56029/61865 [00:36<00:03, 1575.39it/s] 91% 56195/61865 [00:36<00:03, 1598.30it/s] 91% 56355/61865 [00:36<00:03, 1598.45it/s] 91% 56524/61865 [00:37<00:03, 1623.18it/s] 92% 56687/61865 [00:37<00:03, 1581.07it/s] 92% 56846/61865 [00:37<00:03, 1557.14it/s] 92% 57003/61865 [00:37<00:03, 1524.77it/s] 92% 57156/61865 [00:37<00:03, 1507.98it/s] 93% 57308/61865 [00:37<00:03, 1482.20it/s] 93% 57457/61865 [00:37<00:03, 1440.25it/s] 93% 57602/61865 [00:37<00:03, 1409.94it/s] 93% 57744/61865 [00:37<00:02, 1385.55it/s] 94% 57883/61865 [00:37<00:02, 1375.07it/s] 94% 58021/61865 [00:38<00:02, 1358.60it/s] 94% 58158/61865 [00:38<00:02, 1349.82it/s] 94% 58294/61865 [00:38<00:02, 1345.46it/s] 94% 58429/61865 [00:38<00:02, 1345.46it/s] 95% 58576/61865 [00:38<00:02, 1379.36it/s] 95% 58732/61865 [00:38<00:02, 1427.02it/s] 95% 58898/61865 [00:38<00:01, 1489.34it/s] 95% 59062/61865 [00:38<00:01, 1530.53it/s] 96% 59232/61865 [00:38<00:01, 1577.22it/s] 96% 59400/61865 [00:38<00:01, 1605.42it/s] 96% 59570/61865 [00:39<00:01, 1632.39it/s] 97% 59734/61865 [00:39<00:01, 1634.66it/s] 97% 59898/61865 [00:39<00:01, 1581.09it/s] 97% 60057/61865 [00:39<00:01, 1559.37it/s] 97% 60214/61865 [00:39<00:01, 1561.02it/s] 98% 60378/61865 [00:39<00:00, 1583.87it/s] 98% 60543/61865 [00:39<00:00, 1602.47it/s] 98% 60712/61865 [00:39<00:00, 1627.45it/s] 98% 60882/61865 [00:39<00:00, 1647.00it/s] 99% 61051/61865 [00:40<00:00, 1657.91it/s] 99% 61218/61865 [00:40<00:00, 1633.11it/s] 99% 61389/61865 [00:40<00:00, 1653.11it/s]100% 61558/61865 [00:40<00:00, 1663.27it/s]100% 61727/61865 [00:40<00:00, 1668.41it/s]100% 61865/61865 [00:40<00:00, 1527.77it/s]
  0% 0/61865 [00:00<?, ?it/s] 21% 13198/61865 [00:00<00:00, 131976.98it/s] 65% 40330/61865 [00:00<00:00, 156013.82it/s]100% 61865/61865 [00:00<00:00, 220482.17it/s]
Number of tasks = 645
Splitting data with seed 0
  0% 0/61865 [00:00<?, ?it/s]  1% 611/61865 [00:00<00:10, 6106.53it/s]  2% 1186/61865 [00:00<00:10, 5994.62it/s]  3% 1742/61865 [00:00<00:10, 5854.94it/s]  4% 2273/61865 [00:00<00:10, 5677.04it/s]  5% 2791/61865 [00:00<00:10, 5516.51it/s]  6% 3403/61865 [00:00<00:10, 5682.31it/s]  6% 3924/61865 [00:00<00:10, 5528.97it/s]  7% 4430/61865 [00:00<00:10, 5358.44it/s]  8% 4956/61865 [00:00<00:10, 5327.87it/s]  9% 5467/61865 [00:01<00:11, 5122.32it/s] 10% 5966/61865 [00:01<00:11, 4985.84it/s] 10% 6456/61865 [00:01<00:11, 4884.45it/s] 11% 6939/61865 [00:01<00:11, 4727.10it/s] 12% 7427/61865 [00:01<00:11, 4771.17it/s] 13% 7910/61865 [00:01<00:11, 4787.63it/s] 14% 8388/61865 [00:01<00:11, 4571.41it/s] 14% 8855/61865 [00:01<00:11, 4600.33it/s] 15% 9358/61865 [00:01<00:11, 4719.33it/s] 16% 9850/61865 [00:01<00:10, 4776.20it/s] 17% 10344/61865 [00:02<00:10, 4822.53it/s] 18% 10828/61865 [00:02<00:10, 4817.14it/s] 18% 11329/61865 [00:02<00:10, 4870.11it/s] 19% 11817/61865 [00:02<00:10, 4851.78it/s] 20% 12333/61865 [00:02<00:10, 4939.89it/s] 21% 12838/61865 [00:02<00:09, 4971.50it/s] 22% 13354/61865 [00:02<00:09, 5025.31it/s] 22% 13858/61865 [00:02<00:09, 5015.54it/s] 23% 14360/61865 [00:02<00:09, 4962.99it/s] 24% 14857/61865 [00:02<00:09, 4906.95it/s] 25% 15366/61865 [00:03<00:09, 4956.91it/s] 26% 15864/61865 [00:03<00:09, 4963.47it/s] 26% 16371/61865 [00:03<00:09, 4994.23it/s] 27% 16898/61865 [00:03<00:08, 5066.35it/s] 28% 17420/61865 [00:03<00:08, 5103.82it/s] 29% 17948/61865 [00:03<00:08, 5155.07it/s] 30% 18469/61865 [00:03<00:08, 5169.49it/s] 31% 18987/61865 [00:03<00:08, 5123.80it/s] 32% 19500/61865 [00:03<00:08, 5101.26it/s] 32% 20011/61865 [00:03<00:08, 5090.83it/s] 33% 20521/61865 [00:04<00:08, 5021.88it/s] 34% 21026/61865 [00:04<00:08, 5029.92it/s] 35% 21530/61865 [00:04<00:08, 4969.20it/s] 36% 22049/61865 [00:04<00:07, 5032.08it/s] 36% 22568/61865 [00:04<00:07, 5074.60it/s] 37% 23083/61865 [00:04<00:07, 5096.46it/s] 38% 23603/61865 [00:04<00:07, 5126.63it/s] 39% 24124/61865 [00:04<00:07, 5150.81it/s] 40% 24644/61865 [00:04<00:07, 5162.53it/s] 41% 25161/61865 [00:04<00:07, 5139.08it/s] 42% 25676/61865 [00:05<00:07, 5102.36it/s] 42% 26187/61865 [00:05<00:07, 5091.83it/s] 43% 26697/61865 [00:05<00:06, 5077.45it/s] 44% 27218/61865 [00:05<00:06, 5114.52it/s] 45% 27736/61865 [00:05<00:06, 5131.26it/s] 46% 28250/61865 [00:05<00:06, 5076.49it/s] 46% 28758/61865 [00:05<00:06, 5053.06it/s] 47% 29264/61865 [00:05<00:06, 5021.76it/s] 48% 29784/61865 [00:05<00:06, 5072.66it/s] 49% 30292/61865 [00:05<00:06, 5071.77it/s] 50% 30800/61865 [00:06<00:06, 5055.98it/s] 51% 31309/61865 [00:06<00:06, 5064.28it/s] 51% 31832/61865 [00:06<00:05, 5111.73it/s] 52% 32344/61865 [00:06<00:05, 5070.66it/s] 53% 32852/61865 [00:06<00:05, 5050.63it/s] 54% 33366/61865 [00:06<00:05, 5076.61it/s] 55% 33875/61865 [00:06<00:05, 5080.00it/s] 56% 34395/61865 [00:06<00:05, 5113.09it/s] 56% 34907/61865 [00:06<00:05, 5109.25it/s] 57% 35419/61865 [00:07<00:05, 5018.02it/s] 58% 35922/61865 [00:07<00:05, 4989.90it/s] 59% 36422/61865 [00:07<00:05, 4990.35it/s] 60% 36939/61865 [00:07<00:04, 5039.04it/s] 61% 37464/61865 [00:07<00:04, 5099.64it/s] 61% 37986/61865 [00:07<00:04, 5134.93it/s] 62% 38501/61865 [00:07<00:04, 5137.78it/s] 63% 39015/61865 [00:07<00:04, 5080.13it/s] 64% 39541/61865 [00:07<00:04, 5132.46it/s] 65% 40055/61865 [00:07<00:04, 5113.46it/s] 66% 40567/61865 [00:08<00:04, 5057.48it/s] 66% 41074/61865 [00:08<00:04, 5054.95it/s] 67% 41581/61865 [00:08<00:04, 5057.63it/s] 68% 42092/61865 [00:08<00:03, 5072.38it/s] 69% 42600/61865 [00:08<00:03, 4987.15it/s] 70% 43117/61865 [00:08<00:03, 5038.18it/s] 71% 43626/61865 [00:08<00:03, 5052.29it/s] 71% 44133/61865 [00:08<00:03, 5054.61it/s] 72% 44656/61865 [00:08<00:03, 5105.50it/s] 73% 45167/61865 [00:08<00:03, 5103.95it/s] 74% 45678/61865 [00:09<00:03, 5062.62it/s] 75% 46185/61865 [00:09<00:03, 5032.04it/s] 75% 46689/61865 [00:09<00:03, 5027.26it/s] 76% 47201/61865 [00:09<00:02, 5053.67it/s] 77% 47712/61865 [00:09<00:02, 5069.49it/s] 78% 48220/61865 [00:09<00:02, 4947.27it/s] 79% 48716/61865 [00:09<00:02, 4853.13it/s] 80% 49203/61865 [00:09<00:02, 4816.23it/s] 80% 49686/61865 [00:09<00:02, 4772.94it/s] 81% 50164/61865 [00:09<00:02, 4670.60it/s] 82% 50632/61865 [00:10<00:02, 4632.09it/s] 83% 51096/61865 [00:10<00:02, 4597.70it/s] 83% 51557/61865 [00:10<00:02, 4572.96it/s] 84% 52015/61865 [00:10<00:02, 4528.39it/s] 85% 52469/61865 [00:10<00:02, 4485.95it/s] 86% 52925/61865 [00:10<00:01, 4504.89it/s] 86% 53376/61865 [00:10<00:01, 4305.40it/s] 87% 53856/61865 [00:10<00:01, 4441.67it/s] 88% 54303/61865 [00:10<00:01, 4449.11it/s] 89% 54790/61865 [00:10<00:01, 4566.87it/s] 89% 55257/61865 [00:11<00:01, 4595.67it/s] 90% 55719/61865 [00:11<00:01, 4408.62it/s] 91% 56163/61865 [00:11<00:01, 4369.09it/s] 92% 56620/61865 [00:11<00:01, 4426.47it/s] 92% 57065/61865 [00:11<00:01, 4222.04it/s] 93% 57491/61865 [00:11<00:01, 3810.58it/s] 94% 57882/61865 [00:11<00:01, 3463.30it/s] 94% 58242/61865 [00:11<00:01, 3223.58it/s] 95% 58577/61865 [00:12<00:01, 3196.36it/s] 95% 59068/61865 [00:12<00:00, 3570.03it/s] 96% 59612/61865 [00:12<00:00, 3978.95it/s] 97% 60039/61865 [00:12<00:00, 4004.00it/s] 98% 60510/61865 [00:12<00:00, 4191.58it/s] 99% 61056/61865 [00:12<00:00, 4504.33it/s]100% 61599/61865 [00:12<00:00, 4746.21it/s]100% 61865/61865 [00:12<00:00, 4874.84it/s]
Total scaffolds = 30,615 | train scaffolds = 24,639 | val scaffolds = 3,133 | test scaffolds = 2,843
/home/apappu/thesis/molecule-metalearning/chemprop/chemprop/data/scaffold.py:152: RuntimeWarning: Mean of empty slice
  target_avgs.append(np.nanmean(targets, axis=0))
Label averages per scaffold, in decreasing order of scaffold frequency,capped at 10 scaffolds and 20 labels: [(array([nan, nan, nan, nan, nan, nan, nan, nan, nan, nan, nan, nan, nan,
       nan, nan, nan, nan, nan, nan, nan]), array([0, 0, 0, 0, 0, 0, 0, 0, 0, 0, 0, 0, 0, 0, 0, 0, 0, 0, 0, 0])), (array([nan, nan, nan, nan, nan, nan, nan, nan, nan, nan, nan, nan, nan,
       nan, nan, 0.5, nan, nan, nan, nan]), array([0, 0, 0, 0, 0, 0, 0, 0, 0, 0, 0, 0, 0, 0, 0, 2, 0, 0, 0, 0])), (array([nan, nan, nan, nan, nan, nan, nan, nan, nan, nan, nan, nan, nan,
       nan, nan, nan, nan, nan, nan, nan]), array([0, 0, 0, 0, 0, 0, 0, 0, 0, 0, 0, 0, 0, 0, 0, 0, 0, 0, 0, 0])), (array([nan, nan, nan, nan, nan, nan, nan, nan, nan, nan, nan, nan, nan,
       nan, nan, nan, nan, nan, nan, nan]), array([0, 0, 0, 0, 0, 0, 0, 0, 0, 0, 0, 0, 0, 0, 0, 0, 0, 0, 0, 0])), (array([nan, nan, nan, nan, nan, nan, nan, nan, nan, nan, nan, nan, nan,
       nan, nan, nan, nan, nan, nan, nan]), array([0, 0, 0, 0, 0, 0, 0, 0, 0, 0, 0, 0, 0, 0, 0, 0, 0, 0, 0, 0])), (array([nan, nan, nan, nan, nan, nan, nan, nan, nan, nan, nan, nan, nan,
       nan, nan, nan, nan, nan, nan, nan]), array([0, 0, 0, 0, 0, 0, 0, 0, 0, 0, 0, 0, 0, 0, 0, 0, 0, 0, 0, 0])), (array([nan, nan, nan, nan, nan, nan, nan, nan, nan, nan, nan, nan, nan,
       nan, nan, nan, nan, nan, nan, nan]), array([0, 0, 0, 0, 0, 0, 0, 0, 0, 0, 0, 0, 0, 0, 0, 0, 0, 0, 0, 0])), (array([nan, nan, nan, nan, nan, nan, nan, nan, nan, nan, nan, nan, nan,
       nan, nan, nan, nan, nan, nan, nan]), array([0, 0, 0, 0, 0, 0, 0, 0, 0, 0, 0, 0, 0, 0, 0, 0, 0, 0, 0, 0])), (array([nan, nan, nan, nan, nan, nan, nan, nan, nan, nan, nan, nan, nan,
       nan, nan, nan, nan, nan, nan, nan]), array([0, 0, 0, 0, 0, 0, 0, 0, 0, 0, 0, 0, 0, 0, 0, 0, 0, 0, 0, 0])), (array([nan, nan, nan, nan, nan, nan, nan, nan, nan, nan, nan, nan, nan,
       nan, nan, nan, nan, nan, nan, nan]), array([0, 0, 0, 0, 0, 0, 0, 0, 0, 0, 0, 0, 0, 0, 0, 0, 0, 0, 0, 0]))]
Class sizes
CHEMBL1033994 0: 41.98%, 1: 58.02%
CHEMBL1119333 0: 9.59%, 1: 90.41%
CHEMBL1217000 0: 52.41%, 1: 47.59%
CHEMBL1243965 0: 17.11%, 1: 82.89%
CHEMBL1243966 0: 41.96%, 1: 58.04%
CHEMBL1243967 0: 10.17%, 1: 89.83%
CHEMBL1243968 0: 15.06%, 1: 84.94%
CHEMBL1243970 0: 6.91%, 1: 93.09%
CHEMBL1243972 0: 9.92%, 1: 90.08%
CHEMBL1243976 0: 28.99%, 1: 71.01%
CHEMBL1246087 0: 33.88%, 1: 66.12%
CHEMBL1246088 0: 48.37%, 1: 51.63%
CHEMBL1613762 0: 2.45%, 1: 97.55%
CHEMBL1613779 0: 58.47%, 1: 41.53%
CHEMBL1613785 0: 43.22%, 1: 56.78%
CHEMBL1613787 0: 69.08%, 1: 30.92%
CHEMBL1613807 0: 95.99%, 1: 4.01%
CHEMBL1613813 0: 44.20%, 1: 55.80%
CHEMBL1613814 0: 53.85%, 1: 46.15%
CHEMBL1613817 0: 84.86%, 1: 15.14%
CHEMBL1613853 0: 41.86%, 1: 58.14%
CHEMBL1613861 0: 14.47%, 1: 85.53%
CHEMBL1613864 0: 5.19%, 1: 94.81%
CHEMBL1613867 0: 97.13%, 1: 2.87%
CHEMBL1613870 0: 15.80%, 1: 84.20%
CHEMBL1613871 0: 6.15%, 1: 93.85%
CHEMBL1613874 0: 65.78%, 1: 34.22%
CHEMBL1613876 0: 54.35%, 1: 45.65%
CHEMBL1613884 0: 21.51%, 1: 78.49%
CHEMBL1613890 0: 34.85%, 1: 65.15%
CHEMBL1613897 0: 46.64%, 1: 53.36%
CHEMBL1613898 0: 75.45%, 1: 24.55%
CHEMBL1613904 0: 50.77%, 1: 49.23%
CHEMBL1613907 0: 5.34%, 1: 94.66%
CHEMBL1613926 0: 30.15%, 1: 69.85%
CHEMBL1613928 0: 45.90%, 1: 54.10%
CHEMBL1613929 0: 81.25%, 1: 18.75%
CHEMBL1613941 0: 32.58%, 1: 67.42%
CHEMBL1613942 0: 41.43%, 1: 58.57%
CHEMBL1613947 0: 46.01%, 1: 53.99%
CHEMBL1613949 0: 60.13%, 1: 39.87%
CHEMBL1613950 0: 43.05%, 1: 56.95%
CHEMBL1613955 0: 54.04%, 1: 45.96%
CHEMBL1613962 0: 24.26%, 1: 75.74%
CHEMBL1613967 0: 44.59%, 1: 55.41%
CHEMBL1613981 0: 58.85%, 1: 41.15%
CHEMBL1613991 0: 14.98%, 1: 85.02%
CHEMBL1613997 0: 7.73%, 1: 92.27%
CHEMBL1614001 0: 98.28%, 1: 1.72%
CHEMBL1614004 0: 14.66%, 1: 85.34%
CHEMBL1614016 0: 12.22%, 1: 87.78%
CHEMBL1614030 0: 19.96%, 1: 80.04%
CHEMBL1614034 0: 2.63%, 1: 97.37%
CHEMBL1614035 0: 77.14%, 1: 22.86%
CHEMBL1614049 0: 39.63%, 1: 60.37%
CHEMBL1614053 0: 42.48%, 1: 57.52%
CHEMBL1614063 0: 95.18%, 1: 4.82%
CHEMBL1614065 0: 9.71%, 1: 90.29%
CHEMBL1614066 0: 94.74%, 1: 5.26%
CHEMBL1614069 0: 56.82%, 1: 43.18%
CHEMBL1614072 0: 50.36%, 1: 49.64%
CHEMBL1614084 0: 13.26%, 1: 86.74%
CHEMBL1614091 0: 4.43%, 1: 95.57%
CHEMBL1614092 0: 47.50%, 1: 52.50%
CHEMBL1614097 0: 46.99%, 1: 53.01%
CHEMBL1614098 0: 97.25%, 1: 2.75%
CHEMBL1614104 0: 7.74%, 1: 92.26%
CHEMBL1614105 0: 6.12%, 1: 93.88%
CHEMBL1614109 0: 59.87%, 1: 40.13%
CHEMBL1614128 0: 10.35%, 1: 89.65%
CHEMBL1614131 0: 97.14%, 1: 2.86%
CHEMBL1614132 0: 42.07%, 1: 57.93%
CHEMBL1614138 0: 67.83%, 1: 32.17%
CHEMBL1614155 0: 25.40%, 1: 74.60%
CHEMBL1614158 0: 74.52%, 1: 25.48%
CHEMBL1614167 0: 16.17%, 1: 83.83%
CHEMBL1614170 0: 68.86%, 1: 31.14%
CHEMBL1614171 0: 93.77%, 1: 6.23%
CHEMBL1614175 0: 80.66%, 1: 19.34%
CHEMBL1614185 0: 26.17%, 1: 73.83%
CHEMBL1614197 0: 5.26%, 1: 94.74%
CHEMBL1614199 0: 49.66%, 1: 50.34%
CHEMBL1614202 0: 7.32%, 1: 92.68%
CHEMBL1614215 0: 52.76%, 1: 47.24%
CHEMBL1614216 0: 48.52%, 1: 51.48%
CHEMBL1614218 0: 22.36%, 1: 77.64%
CHEMBL1614225 0: 62.50%, 1: 37.50%
CHEMBL1614244 0: 38.85%, 1: 61.15%
CHEMBL1614247 0: 44.34%, 1: 55.66%
CHEMBL1614252 0: 60.11%, 1: 39.89%
CHEMBL1614255 0: 61.26%, 1: 38.74%
CHEMBL1614259 0: 32.82%, 1: 67.18%
CHEMBL1614272 0: 67.71%, 1: 32.29%
CHEMBL1614276 0: 51.74%, 1: 48.26%
CHEMBL1614287 0: 85.53%, 1: 14.47%
CHEMBL1614288 0: 72.51%, 1: 27.49%
CHEMBL1614290 0: 4.51%, 1: 95.49%
CHEMBL1614295 0: 2.29%, 1: 97.71%
CHEMBL1614301 0: 19.74%, 1: 80.26%
CHEMBL1614304 0: 63.76%, 1: 36.24%
CHEMBL1614309 0: 27.66%, 1: 72.34%
CHEMBL1614311 0: 53.76%, 1: 46.24%
CHEMBL1614314 0: 94.70%, 1: 5.30%
CHEMBL1614319 0: 72.16%, 1: 27.84%
CHEMBL1614320 0: 29.79%, 1: 70.21%
CHEMBL1614321 0: 60.16%, 1: 39.84%
CHEMBL1614328 0: 46.64%, 1: 53.36%
CHEMBL1614329 0: 40.69%, 1: 59.31%
CHEMBL1614336 0: 47.01%, 1: 52.99%
CHEMBL1614344 0: 67.72%, 1: 32.28%
CHEMBL1614356 0: 43.90%, 1: 56.10%
CHEMBL1614359 0: 50.26%, 1: 49.74%
CHEMBL1614363 0: 53.19%, 1: 46.81%
CHEMBL1614385 0: 93.27%, 1: 6.73%
CHEMBL1614388 0: 56.19%, 1: 43.81%
CHEMBL1614393 0: 45.00%, 1: 55.00%
CHEMBL1614395 0: 11.32%, 1: 88.68%
CHEMBL1614403 0: 88.15%, 1: 11.85%
CHEMBL1614423 0: 57.84%, 1: 42.16%
CHEMBL1614425 0: 38.24%, 1: 61.76%
CHEMBL1614433 0: 60.77%, 1: 39.23%
CHEMBL1614434 0: 80.25%, 1: 19.75%
CHEMBL1614456 0: 3.36%, 1: 96.64%
CHEMBL1614466 0: 10.32%, 1: 89.68%
CHEMBL1614469 0: 24.90%, 1: 75.10%
CHEMBL1614477 0: 43.75%, 1: 56.25%
CHEMBL1614478 0: 12.50%, 1: 87.50%
CHEMBL1614480 0: 85.71%, 1: 14.29%
CHEMBL1614484 0: 9.01%, 1: 90.99%
CHEMBL1614492 0: 40.54%, 1: 59.46%
CHEMBL1614499 0: 44.47%, 1: 55.53%
CHEMBL1614503 0: 40.30%, 1: 59.70%
CHEMBL1614504 0: 17.80%, 1: 82.20%
CHEMBL1614509 0: 79.43%, 1: 20.57%
CHEMBL1614512 0: 62.79%, 1: 37.21%
CHEMBL1614514 0: 83.07%, 1: 16.93%
CHEMBL1614515 0: 19.61%, 1: 80.39%
CHEMBL1614516 0: 96.81%, 1: 3.19%
CHEMBL1614522 0: 28.55%, 1: 71.45%
CHEMBL1614524 0: 12.98%, 1: 87.02%
CHEMBL1614528 0: 40.91%, 1: 59.09%
CHEMBL1614547 0: 72.51%, 1: 27.49%
CHEMBL1614548 0: 17.95%, 1: 82.05%
CHEMBL1614549 0: 84.25%, 1: 15.75%
CHEMBL1614550 0: 9.30%, 1: 90.70%
CHEMBL1614554 0: 71.64%, 1: 28.36%
CHEMBL1676103 0: 39.85%, 1: 60.15%
CHEMBL1737860 0: 3.60%, 1: 96.40%
CHEMBL1737863 0: 36.27%, 1: 63.73%
CHEMBL1737865 0: 61.01%, 1: 38.99%
CHEMBL1737868 0: 79.41%, 1: 20.59%
CHEMBL1737910 0: 45.71%, 1: 54.29%
CHEMBL1737912 0: 26.51%, 1: 73.49%
CHEMBL1737942 0: 44.52%, 1: 55.48%
CHEMBL1737951 0: 51.83%, 1: 48.17%
CHEMBL1737961 0: 93.34%, 1: 6.66%
CHEMBL1737966 0: 21.36%, 1: 78.64%
CHEMBL1737967 0: 89.17%, 1: 10.83%
CHEMBL1737977 0: 13.87%, 1: 86.13%
CHEMBL1737978 0: 18.18%, 1: 81.82%
CHEMBL1737979 0: 8.94%, 1: 91.06%
CHEMBL1738019 0: 24.85%, 1: 75.15%
CHEMBL1738021 0: 10.87%, 1: 89.13%
CHEMBL1738025 0: 33.80%, 1: 66.20%
CHEMBL1738040 0: 73.48%, 1: 26.52%
CHEMBL1738043 0: 46.43%, 1: 53.57%
CHEMBL1738079 0: 3.88%, 1: 96.12%
CHEMBL1738080 0: 76.43%, 1: 23.57%
CHEMBL1738091 0: 89.77%, 1: 10.23%
CHEMBL1738097 0: 72.41%, 1: 27.59%
CHEMBL1738131 0: 68.59%, 1: 31.41%
CHEMBL1738164 0: 79.79%, 1: 20.21%
CHEMBL1738171 0: 85.45%, 1: 14.55%
CHEMBL1738183 0: 59.62%, 1: 40.38%
CHEMBL1738197 0: 36.90%, 1: 63.10%
CHEMBL1738202 0: 3.47%, 1: 96.53%
CHEMBL1738242 0: 16.55%, 1: 83.45%
CHEMBL1738249 0: 86.53%, 1: 13.47%
CHEMBL1738253 0: 7.33%, 1: 92.67%
CHEMBL1738319 0: 59.17%, 1: 40.83%
CHEMBL1738325 0: 96.86%, 1: 3.14%
CHEMBL1738362 0: 21.43%, 1: 78.57%
CHEMBL1738369 0: 56.34%, 1: 43.66%
CHEMBL1738371 0: 81.97%, 1: 18.03%
CHEMBL1738391 0: 68.38%, 1: 31.62%
CHEMBL1738400 0: 77.86%, 1: 22.14%
CHEMBL1738402 0: 54.19%, 1: 45.81%
CHEMBL1738407 0: 85.58%, 1: 14.42%
CHEMBL1738408 0: 2.18%, 1: 97.82%
CHEMBL1738414 0: 5.11%, 1: 94.89%
CHEMBL1738418 0: 68.85%, 1: 31.15%
CHEMBL1738422 0: 4.29%, 1: 95.71%
CHEMBL1738424 0: 77.50%, 1: 22.50%
CHEMBL1738430 0: 25.54%, 1: 74.46%
CHEMBL1738438 0: 2.76%, 1: 97.24%
CHEMBL1738482 0: 7.69%, 1: 92.31%
CHEMBL1738485 0: 17.65%, 1: 82.35%
CHEMBL1738494 0: 97.26%, 1: 2.74%
CHEMBL1738495 0: 1.70%, 1: 98.30%
CHEMBL1738497 0: 64.50%, 1: 35.50%
CHEMBL1738502 0: 15.20%, 1: 84.80%
CHEMBL1738510 0: 54.41%, 1: 45.59%
CHEMBL1738512 0: 3.05%, 1: 96.95%
CHEMBL1738513 0: 28.64%, 1: 71.36%
CHEMBL1738552 0: 64.70%, 1: 35.30%
CHEMBL1738575 0: 65.65%, 1: 34.35%
CHEMBL1738578 0: 23.30%, 1: 76.70%
CHEMBL1738579 0: 22.79%, 1: 77.21%
CHEMBL1738593 0: 17.65%, 1: 82.35%
CHEMBL1738599 0: 16.07%, 1: 83.93%
CHEMBL1738602 0: 42.70%, 1: 57.30%
CHEMBL1738610 0: 42.07%, 1: 57.93%
CHEMBL1738611 0: 2.23%, 1: 97.77%
CHEMBL1738632 0: 86.32%, 1: 13.68%
CHEMBL1738633 0: 4.05%, 1: 95.95%
CHEMBL1738639 0: 64.47%, 1: 35.53%
CHEMBL1738642 0: 34.82%, 1: 65.18%
CHEMBL1738670 0: 9.18%, 1: 90.82%
CHEMBL1738673 0: 12.98%, 1: 87.02%
CHEMBL1738679 0: 63.95%, 1: 36.05%
CHEMBL1738682 0: 62.45%, 1: 37.55%
CHEMBL1794296 0: 44.02%, 1: 55.98%
CHEMBL1794303 0: 2.71%, 1: 97.29%
CHEMBL1794320 0: 96.68%, 1: 3.32%
CHEMBL1794327 0: 91.59%, 1: 8.41%
CHEMBL1794336 0: 53.07%, 1: 46.93%
CHEMBL1794350 0: 3.44%, 1: 96.56%
CHEMBL1794355 0: 5.26%, 1: 94.74%
CHEMBL1794356 0: 13.92%, 1: 86.08%
CHEMBL1794358 0: 94.14%, 1: 5.86%
CHEMBL1794365 0: 7.12%, 1: 92.88%
CHEMBL1794383 0: 6.90%, 1: 93.10%
CHEMBL1794387 0: 65.04%, 1: 34.96%
CHEMBL1794393 0: 67.55%, 1: 32.45%
CHEMBL1794396 0: 3.96%, 1: 96.04%
CHEMBL1794410 0: 23.98%, 1: 76.02%
CHEMBL1794413 0: 6.02%, 1: 93.98%
CHEMBL1794438 0: 40.17%, 1: 59.83%
CHEMBL1794445 0: 87.84%, 1: 12.16%
CHEMBL1794452 0: 94.30%, 1: 5.70%
CHEMBL1794457 0: 92.98%, 1: 7.02%
CHEMBL1794460 0: 28.63%, 1: 71.37%
CHEMBL1794467 0: 18.39%, 1: 81.61%
CHEMBL1794475 0: 56.02%, 1: 43.98%
CHEMBL1794484 0: 44.93%, 1: 55.07%
CHEMBL1794494 0: 5.33%, 1: 94.67%
CHEMBL1794497 0: 8.47%, 1: 91.53%
CHEMBL1794499 0: 73.90%, 1: 26.10%
CHEMBL1794508 0: 94.63%, 1: 5.37%
CHEMBL1794516 0: 3.21%, 1: 96.79%
CHEMBL1794522 0: 58.65%, 1: 41.35%
CHEMBL1794528 0: 79.86%, 1: 20.14%
CHEMBL1794531 0: 92.03%, 1: 7.97%
CHEMBL1794548 0: 88.74%, 1: 11.26%
CHEMBL1794566 0: 6.05%, 1: 93.95%
CHEMBL1794567 0: 9.61%, 1: 90.39%
CHEMBL1794570 0: 92.79%, 1: 7.21%
CHEMBL1794571 0: 53.55%, 1: 46.45%
CHEMBL1794573 0: 10.54%, 1: 89.46%
CHEMBL1794574 0: 1.09%, 1: 98.91%
CHEMBL1794578 0: 46.99%, 1: 53.01%
CHEMBL1794581 0: 19.65%, 1: 80.35%
CHEMBL1863510 0: 2.14%, 1: 97.86%
CHEMBL1863512 0: 2.79%, 1: 97.21%
CHEMBL1909084 0: 99.28%, 1: 0.72%
CHEMBL1909085 0: 92.10%, 1: 7.90%
CHEMBL1909086 0: 91.52%, 1: 8.48%
CHEMBL1909087 0: 91.86%, 1: 8.14%
CHEMBL1909088 0: 87.97%, 1: 12.03%
CHEMBL1909089 0: 88.69%, 1: 11.31%
CHEMBL1909090 0: 90.81%, 1: 9.19%
CHEMBL1909091 0: 97.24%, 1: 2.76%
CHEMBL1909092 0: 97.14%, 1: 2.86%
