wandb: Tracking run with wandb version 0.9.3
wandb: Run data is saved locally in wandb/run-20200720_172617-2mev0k6r
wandb: Syncing run ffn_0.8_dropout_500_hidden_size
wandb: ⭐️ View project at https://app.wandb.ai/apappu97/molecule-metalearning-chemprop
wandb: 🚀 View run at https://app.wandb.ai/apappu97/molecule-metalearning-chemprop/runs/2mev0k6r
wandb: Run `wandb off` to turn off syncing.

Fold 0
Command line
python chemprop/train.py --data_path filtered_chembl/chembl_less_1024_more_128_645_tasks.csv --dataset_type classification --split_type scaffold_balanced --features_only --features_generator morgan --dropout 0.8 --ffn_hidden_size 500 --num_folds 2 --epochs 30 --results_save_dir results/initial_hyperparameter_tuning/ --experiment_name ffn_0.8_dropout_500_hidden_size
Args
{'ANIL': False,
 'FO_MAML': False,
 'activation': 'ReLU',
 'atom_messages': False,
 'batch_size': 50,
 'bias': False,
 'cache_cutoff': 10000,
 'checkpoint_dir': None,
 'checkpoint_path': None,
 'checkpoint_paths': None,
 'chembl_assay_metadata_pickle_path': None,
 'class_balance': False,
 'config_path': None,
 'crossval_index_dir': None,
 'crossval_index_file': None,
 'crossval_index_sets': None,
 'data_path': 'filtered_chembl/chembl_less_1024_more_128_645_tasks.csv',
 'dataset_type': 'classification',
 'depth': 3,
 'dropout': 0.8,
 'dummy': False,
 'ensemble_size': 1,
 'epochs': 30,
 'experiment_name': 'ffn_0.8_dropout_500_hidden_size',
 'features_generator': ['morgan'],
 'features_only': True,
 'features_path': None,
 'features_size': None,
 'ffn_hidden_size': 500,
 'ffn_num_layers': 2,
 'final_lr': 0.0001,
 'folds_file': None,
 'gpu': None,
 'hidden_size': 300,
 'init_lr': 0.0001,
 'inner_loop_lr': 0.05,
 'log_frequency': 10,
 'max_data_size': None,
 'max_lr': 0.001,
 'meta_batch_size': 3,
 'meta_learning': False,
 'meta_test_split_sizes': (0.8, 0.1, 0.1),
 'meta_train_split_sizes': (0.8, 0.2, 0),
 'metric': 'auc',
 'minimize_score': False,
 'multiclass_num_classes': 3,
 'no_cuda': False,
 'no_features_scaling': False,
 'num_folds': 2,
 'num_inner_gradient_steps': 2,
 'num_lrs': 1,
 'num_tasks': None,
 'num_workers': 8,
 'outer_loop_lr': 0.003,
 'pytorch_seed': 0,
 'quiet': False,
 'results_save_dir': 'results/initial_hyperparameter_tuning/',
 'save_dir': '/tmp/2273220.20.gpu.q/tmp938sg93f/fold_0',
 'save_smiles_splits': False,
 'seed': 0,
 'separate_test_features_path': None,
 'separate_test_path': None,
 'separate_val_features_path': None,
 'separate_val_path': None,
 'show_individual_scores': False,
 'smiles_column': None,
 'split_sizes': (0.8, 0.1, 0.1),
 'split_type': 'scaffold_balanced',
 'target_columns': None,
 'task_names': None,
 'test': False,
 'test_fold_index': None,
 'train_data_size': None,
 'undirected': False,
 'use_input_features': True,
 'val_fold_index': None,
 'warmup_epochs': 2.0}
Loading data
0it [00:00, ?it/s]547it [00:00, 5463.54it/s]1158it [00:00, 5641.53it/s]1775it [00:00, 5788.62it/s]2397it [00:00, 5909.55it/s]3038it [00:00, 6048.64it/s]3632it [00:00, 6015.59it/s]4171it [00:00, 4891.76it/s]4823it [00:00, 5287.52it/s]5446it [00:00, 5538.54it/s]6069it [00:01, 5726.99it/s]6692it [00:01, 5866.65it/s]7313it [00:01, 5964.05it/s]7965it [00:01, 6119.56it/s]8581it [00:01, 5125.14it/s]9124it [00:01, 5040.58it/s]9659it [00:01, 5128.55it/s]10277it [00:01, 5404.07it/s]10832it [00:01, 5386.84it/s]11410it [00:02, 5498.40it/s]12035it [00:02, 5702.62it/s]12613it [00:02, 5024.41it/s]13243it [00:02, 5348.56it/s]13901it [00:02, 5665.66it/s]14530it [00:02, 5838.00it/s]15159it [00:02, 5965.95it/s]15786it [00:02, 6052.22it/s]16400it [00:02, 6063.25it/s]17012it [00:03, 5156.66it/s]17555it [00:03, 2550.50it/s]18096it [00:03, 3030.95it/s]18651it [00:03, 3507.86it/s]19188it [00:03, 3913.96it/s]19688it [00:03, 4021.32it/s]20268it [00:04, 4428.74it/s]20777it [00:04, 4388.94it/s]21263it [00:04, 4025.35it/s]21763it [00:04, 4273.78it/s]22266it [00:04, 4474.00it/s]22816it [00:04, 4737.62it/s]23452it [00:04, 5128.69it/s]24100it [00:04, 5470.21it/s]24751it [00:04, 5743.81it/s]25410it [00:05, 5256.62it/s]26084it [00:05, 5626.27it/s]26730it [00:05, 5852.40it/s]27369it [00:05, 6003.38it/s]28010it [00:05, 6118.82it/s]28653it [00:05, 6208.48it/s]29296it [00:05, 6272.84it/s]29929it [00:05, 5577.08it/s]30568it [00:05, 5796.99it/s]31206it [00:05, 5960.13it/s]31844it [00:06, 6078.88it/s]32488it [00:06, 6182.77it/s]33113it [00:06, 6183.73it/s]33736it [00:06, 5862.05it/s]34329it [00:06, 4830.30it/s]34977it [00:06, 5228.26it/s]35629it [00:06, 5556.65it/s]36278it [00:06, 5806.19it/s]36925it [00:06, 5989.91it/s]37601it [00:07, 6201.51it/s]38236it [00:07, 5479.85it/s]38878it [00:07, 5731.17it/s]39524it [00:07, 5930.75it/s]40164it [00:07, 6063.57it/s]40809it [00:07, 6172.67it/s]41454it [00:07, 6251.81it/s]42127it [00:07, 6387.10it/s]42772it [00:07, 5543.01it/s]43350it [00:08, 5319.41it/s]43901it [00:08, 5158.78it/s]44576it [00:08, 5550.93it/s]45221it [00:08, 5793.09it/s]45867it [00:08, 5977.97it/s]46478it [00:08, 5329.91it/s]47124it [00:08, 5623.83it/s]47770it [00:08, 5849.03it/s]48419it [00:08, 6021.51it/s]49094it [00:09, 6222.60it/s]49739it [00:09, 6288.65it/s]50383it [00:09, 6332.81it/s]51022it [00:09, 5575.07it/s]51666it [00:09, 5807.24it/s]52313it [00:09, 5989.69it/s]52926it [00:09, 5856.13it/s]53522it [00:09, 5452.73it/s]54085it [00:09, 5503.46it/s]54701it [00:10, 5047.65it/s]55353it [00:10, 5412.66it/s]55975it [00:10, 5630.24it/s]56612it [00:10, 5833.26it/s]57255it [00:10, 6000.23it/s]57901it [00:10, 6129.01it/s]58550it [00:10, 6231.89it/s]59179it [00:10, 5562.11it/s]59823it [00:10, 5797.12it/s]60467it [00:11, 5974.13it/s]61111it [00:11, 6106.28it/s]61758it [00:11, 6209.92it/s]61865it [00:11, 5501.44it/s]
  0% 0/61865 [00:00<?, ?it/s]  0% 136/61865 [00:00<00:45, 1359.07it/s]  0% 268/61865 [00:00<00:45, 1345.08it/s]  1% 395/61865 [00:00<00:46, 1319.35it/s]  1% 522/61865 [00:00<00:47, 1302.49it/s]  1% 652/61865 [00:00<00:47, 1301.19it/s]  1% 826/61865 [00:00<00:43, 1407.25it/s]  2% 1005/61865 [00:00<00:40, 1503.30it/s]  2% 1171/61865 [00:00<00:39, 1545.65it/s]  2% 1321/61865 [00:00<00:42, 1432.87it/s]  2% 1495/61865 [00:01<00:39, 1512.55it/s]  3% 1647/61865 [00:02<02:46, 362.50it/s]   3% 1810/61865 [00:02<02:07, 472.76it/s]  3% 1981/61865 [00:02<01:39, 603.62it/s]  3% 2146/61865 [00:02<01:20, 745.40it/s]  4% 2313/61865 [00:02<01:06, 893.50it/s]  4% 2484/61865 [00:02<00:56, 1041.96it/s]  4% 2649/61865 [00:02<00:50, 1170.15it/s]  5% 2816/61865 [00:02<00:45, 1284.60it/s]  5% 2994/61865 [00:02<00:42, 1400.67it/s]  5% 3161/61865 [00:03<00:41, 1403.74it/s]  5% 3320/61865 [00:03<00:43, 1346.87it/s]  6% 3469/61865 [00:03<00:49, 1187.82it/s]  6% 3610/61865 [00:03<00:46, 1244.88it/s]  6% 3746/61865 [00:03<00:45, 1276.48it/s]  6% 3881/61865 [00:03<00:46, 1246.53it/s]  6% 4018/61865 [00:03<00:45, 1279.64it/s]  7% 4182/61865 [00:03<00:42, 1369.11it/s]  7% 4355/61865 [00:04<00:39, 1459.88it/s]  7% 4528/61865 [00:04<00:37, 1529.16it/s]  8% 4689/61865 [00:04<00:36, 1550.91it/s]  8% 4854/61865 [00:04<00:36, 1579.23it/s]  8% 5018/61865 [00:04<00:35, 1596.63it/s]  8% 5182/61865 [00:04<00:35, 1607.06it/s]  9% 5344/61865 [00:04<00:35, 1589.64it/s]  9% 5504/61865 [00:04<00:35, 1580.65it/s]  9% 5663/61865 [00:04<00:35, 1575.61it/s]  9% 5822/61865 [00:04<00:35, 1579.87it/s] 10% 5982/61865 [00:05<00:35, 1585.05it/s] 10% 6141/61865 [00:05<00:36, 1525.28it/s] 10% 6295/61865 [00:05<00:39, 1405.33it/s] 10% 6438/61865 [00:05<00:41, 1340.02it/s] 11% 6575/61865 [00:05<00:41, 1340.00it/s] 11% 6711/61865 [00:05<00:41, 1339.38it/s] 11% 6875/61865 [00:05<00:38, 1416.14it/s] 11% 7043/61865 [00:05<00:36, 1484.43it/s] 12% 7209/61865 [00:05<00:35, 1531.65it/s] 12% 7371/61865 [00:05<00:35, 1555.23it/s] 12% 7528/61865 [00:06<00:35, 1546.65it/s] 12% 7688/61865 [00:06<00:34, 1560.04it/s] 13% 7858/61865 [00:06<00:33, 1599.17it/s] 13% 8029/61865 [00:06<00:33, 1629.30it/s] 13% 8193/61865 [00:06<00:34, 1569.97it/s] 14% 8361/61865 [00:06<00:33, 1600.07it/s] 14% 8525/61865 [00:06<00:33, 1610.57it/s] 14% 8689/61865 [00:06<00:32, 1618.09it/s] 14% 8852/61865 [00:06<00:32, 1617.72it/s] 15% 9017/61865 [00:07<00:32, 1625.31it/s] 15% 9180/61865 [00:07<00:36, 1451.35it/s] 15% 9329/61865 [00:07<00:36, 1446.63it/s] 15% 9477/61865 [00:07<00:39, 1312.22it/s] 16% 9613/61865 [00:07<00:42, 1227.55it/s] 16% 9740/61865 [00:07<00:44, 1165.89it/s] 16% 9861/61865 [00:07<00:46, 1125.33it/s] 16% 9977/61865 [00:07<00:47, 1091.52it/s] 16% 10111/61865 [00:07<00:44, 1153.61it/s] 17% 10268/61865 [00:08<00:41, 1251.82it/s] 17% 10428/61865 [00:08<00:38, 1338.92it/s] 17% 10589/61865 [00:08<00:36, 1408.66it/s] 17% 10750/61865 [00:08<00:34, 1462.18it/s] 18% 10904/61865 [00:08<00:34, 1481.93it/s] 18% 11064/61865 [00:08<00:33, 1515.06it/s] 18% 11230/61865 [00:08<00:32, 1554.07it/s] 18% 11394/61865 [00:08<00:32, 1577.04it/s] 19% 11555/61865 [00:08<00:31, 1584.64it/s] 19% 11715/61865 [00:08<00:31, 1582.68it/s] 19% 11877/61865 [00:09<00:31, 1593.04it/s] 19% 12042/61865 [00:09<00:30, 1608.94it/s] 20% 12206/61865 [00:09<00:30, 1614.71it/s] 20% 12368/61865 [00:09<00:33, 1467.18it/s] 20% 12518/61865 [00:09<00:35, 1384.58it/s] 21% 12683/61865 [00:09<00:33, 1453.16it/s] 21% 12845/61865 [00:09<00:32, 1497.81it/s] 21% 13003/61865 [00:09<00:32, 1518.97it/s] 21% 13166/61865 [00:09<00:31, 1550.46it/s] 22% 13331/61865 [00:10<00:30, 1578.58it/s] 22% 13492/61865 [00:10<00:30, 1585.36it/s] 22% 13655/61865 [00:10<00:30, 1597.94it/s] 22% 13816/61865 [00:10<00:30, 1597.89it/s] 23% 13977/61865 [00:10<00:29, 1600.81it/s] 23% 14138/61865 [00:10<00:29, 1597.20it/s] 23% 14298/61865 [00:10<00:29, 1590.23it/s] 23% 14458/61865 [00:10<00:29, 1583.25it/s] 24% 14617/61865 [00:10<00:29, 1584.28it/s] 24% 14776/61865 [00:10<00:29, 1585.76it/s] 24% 14939/61865 [00:11<00:29, 1595.81it/s] 24% 15099/61865 [00:11<00:29, 1589.17it/s] 25% 15258/61865 [00:11<00:31, 1466.01it/s] 25% 15407/61865 [00:11<00:33, 1382.31it/s] 25% 15548/61865 [00:11<00:34, 1323.39it/s] 25% 15683/61865 [00:11<00:34, 1327.90it/s] 26% 15846/61865 [00:11<00:32, 1403.89it/s] 26% 16009/61865 [00:11<00:31, 1463.86it/s] 26% 16175/61865 [00:11<00:30, 1516.60it/s] 26% 16342/61865 [00:12<00:29, 1558.11it/s] 27% 16503/61865 [00:12<00:28, 1571.89it/s] 27% 16673/61865 [00:12<00:28, 1606.31it/s] 27% 16844/61865 [00:12<00:27, 1633.91it/s] 28% 17014/61865 [00:12<00:27, 1651.63it/s] 28% 17180/61865 [00:12<00:27, 1652.48it/s] 28% 17346/61865 [00:12<00:27, 1645.19it/s] 28% 17514/61865 [00:12<00:26, 1654.17it/s] 29% 17681/61865 [00:12<00:26, 1658.44it/s] 29% 17850/61865 [00:12<00:26, 1667.34it/s] 29% 18017/61865 [00:13<00:26, 1660.22it/s] 29% 18186/61865 [00:13<00:26, 1665.90it/s] 30% 18353/61865 [00:13<00:26, 1666.79it/s] 30% 18520/61865 [00:13<00:26, 1666.61it/s] 30% 18687/61865 [00:13<00:30, 1431.92it/s] 30% 18837/61865 [00:13<00:30, 1401.84it/s] 31% 18982/61865 [00:13<00:31, 1361.00it/s] 31% 19122/61865 [00:13<00:32, 1315.55it/s] 31% 19257/61865 [00:13<00:33, 1265.80it/s] 31% 19395/61865 [00:14<00:32, 1296.38it/s] 32% 19527/61865 [00:14<00:32, 1288.24it/s] 32% 19676/61865 [00:14<00:31, 1340.40it/s] 32% 19841/61865 [00:14<00:29, 1420.26it/s] 32% 20002/61865 [00:14<00:28, 1470.75it/s] 33% 20164/61865 [00:14<00:27, 1511.46it/s] 33% 20328/61865 [00:14<00:26, 1547.00it/s] 33% 20492/61865 [00:14<00:26, 1573.13it/s] 33% 20655/61865 [00:14<00:25, 1589.16it/s] 34% 20821/61865 [00:14<00:25, 1609.21it/s] 34% 20985/61865 [00:15<00:25, 1617.56it/s] 34% 21149/61865 [00:15<00:25, 1624.14it/s] 34% 21312/61865 [00:15<00:25, 1612.69it/s] 35% 21474/61865 [00:15<00:25, 1606.89it/s] 35% 21639/61865 [00:15<00:24, 1619.45it/s] 35% 21804/61865 [00:15<00:24, 1627.86it/s] 36% 21973/61865 [00:15<00:24, 1644.93it/s] 36% 22138/61865 [00:15<00:24, 1640.04it/s] 36% 22304/61865 [00:15<00:24, 1645.60it/s] 36% 22469/61865 [00:15<00:24, 1600.64it/s] 37% 22630/61865 [00:16<00:24, 1602.36it/s] 37% 22792/61865 [00:16<00:24, 1606.89it/s] 37% 22958/61865 [00:16<00:24, 1620.35it/s] 37% 23124/61865 [00:16<00:23, 1631.65it/s] 38% 23291/61865 [00:16<00:23, 1641.30it/s] 38% 23458/61865 [00:16<00:23, 1647.10it/s] 38% 23623/61865 [00:16<00:23, 1644.98it/s] 38% 23790/61865 [00:16<00:23, 1650.46it/s] 39% 23956/61865 [00:16<00:23, 1644.57it/s] 39% 24122/61865 [00:16<00:22, 1648.80it/s] 39% 24289/61865 [00:17<00:22, 1652.93it/s] 40% 24456/61865 [00:17<00:22, 1656.79it/s] 40% 24622/61865 [00:17<00:22, 1657.09it/s] 40% 24788/61865 [00:17<00:22, 1653.95it/s] 40% 24954/61865 [00:17<00:22, 1647.57it/s] 41% 25119/61865 [00:17<00:22, 1647.85it/s] 41% 25287/61865 [00:17<00:22, 1655.34it/s] 41% 25454/61865 [00:17<00:21, 1657.65it/s] 41% 25620/61865 [00:17<00:22, 1639.32it/s] 42% 25787/61865 [00:17<00:21, 1645.76it/s] 42% 25954/61865 [00:18<00:21, 1650.84it/s] 42% 26120/61865 [00:18<00:21, 1649.26it/s] 42% 26285/61865 [00:18<00:21, 1644.19it/s] 43% 26451/61865 [00:18<00:21, 1646.82it/s] 43% 26616/61865 [00:18<00:21, 1646.71it/s] 43% 26781/61865 [00:18<00:21, 1642.44it/s] 44% 26946/61865 [00:18<00:21, 1642.95it/s] 44% 27112/61865 [00:18<00:21, 1647.87it/s] 44% 27279/61865 [00:18<00:20, 1651.54it/s] 44% 27447/61865 [00:18<00:20, 1658.17it/s] 45% 27613/61865 [00:19<00:20, 1653.61it/s] 45% 27779/61865 [00:19<00:20, 1654.69it/s] 45% 27947/61865 [00:19<00:20, 1660.44it/s] 45% 28114/61865 [00:19<00:20, 1648.94it/s] 46% 28279/61865 [00:19<00:20, 1641.90it/s] 46% 28444/61865 [00:19<00:20, 1636.28it/s] 46% 28608/61865 [00:19<00:20, 1636.23it/s] 47% 28773/61865 [00:19<00:20, 1639.07it/s] 47% 28937/61865 [00:19<00:20, 1637.46it/s] 47% 29101/61865 [00:19<00:20, 1619.88it/s] 47% 29268/61865 [00:20<00:19, 1632.85it/s] 48% 29432/61865 [00:20<00:19, 1630.24it/s] 48% 29598/61865 [00:20<00:19, 1637.68it/s] 48% 29763/61865 [00:20<00:19, 1639.56it/s] 48% 29930/61865 [00:20<00:19, 1648.49it/s] 49% 30097/61865 [00:20<00:19, 1652.66it/s] 49% 30264/61865 [00:20<00:19, 1655.94it/s] 49% 30430/61865 [00:20<00:19, 1648.67it/s] 49% 30596/61865 [00:20<00:18, 1649.73it/s] 50% 30763/61865 [00:20<00:18, 1653.46it/s] 50% 30932/61865 [00:21<00:18, 1663.53it/s] 50% 31099/61865 [00:21<00:18, 1652.72it/s] 51% 31265/61865 [00:21<00:18, 1641.90it/s] 51% 31433/61865 [00:21<00:18, 1650.30it/s] 51% 31601/61865 [00:21<00:18, 1657.25it/s] 51% 31769/61865 [00:21<00:18, 1663.13it/s] 52% 31936/61865 [00:21<00:18, 1654.14it/s] 52% 32103/61865 [00:21<00:17, 1657.14it/s] 52% 32269/61865 [00:21<00:18, 1636.05it/s] 52% 32435/61865 [00:22<00:17, 1641.83it/s] 53% 32600/61865 [00:22<00:17, 1635.54it/s] 53% 32764/61865 [00:22<00:17, 1636.69it/s] 53% 32931/61865 [00:22<00:17, 1645.70it/s] 54% 33098/61865 [00:22<00:17, 1649.90it/s] 54% 33264/61865 [00:22<00:17, 1641.67it/s] 54% 33430/61865 [00:22<00:17, 1646.95it/s] 54% 33597/61865 [00:22<00:17, 1651.48it/s] 55% 33764/61865 [00:22<00:16, 1655.42it/s] 55% 33930/61865 [00:22<00:16, 1643.90it/s] 55% 34098/61865 [00:23<00:16, 1652.46it/s] 55% 34267/61865 [00:23<00:16, 1661.17it/s] 56% 34434/61865 [00:23<00:16, 1663.40it/s] 56% 34601/61865 [00:23<00:16, 1659.39it/s] 56% 34767/61865 [00:23<00:16, 1648.55it/s] 56% 34932/61865 [00:23<00:16, 1646.77it/s] 57% 35097/61865 [00:23<00:16, 1633.63it/s] 57% 35261/61865 [00:23<00:16, 1633.59it/s] 57% 35425/61865 [00:23<00:16, 1624.27it/s] 58% 35588/61865 [00:23<00:16, 1625.75it/s] 58% 35753/61865 [00:24<00:16, 1631.68it/s] 58% 35919/61865 [00:24<00:15, 1639.35it/s] 58% 36083/61865 [00:24<00:15, 1633.18it/s] 59% 36247/61865 [00:24<00:15, 1633.50it/s] 59% 36413/61865 [00:24<00:15, 1639.22it/s] 59% 36579/61865 [00:24<00:15, 1645.01it/s] 59% 36744/61865 [00:24<00:15, 1638.37it/s] 60% 36914/61865 [00:24<00:15, 1654.47it/s] 60% 37081/61865 [00:24<00:14, 1659.07it/s] 60% 37247/61865 [00:24<00:14, 1653.97it/s] 60% 37413/61865 [00:25<00:14, 1649.42it/s] 61% 37582/61865 [00:25<00:14, 1660.00it/s] 61% 37749/61865 [00:25<00:14, 1662.43it/s] 61% 37917/61865 [00:25<00:14, 1665.54it/s] 62% 38084/61865 [00:25<00:14, 1658.89it/s] 62% 38250/61865 [00:25<00:14, 1657.40it/s] 62% 38417/61865 [00:25<00:14, 1658.29it/s] 62% 38583/61865 [00:25<00:14, 1656.49it/s] 63% 38749/61865 [00:25<00:13, 1652.09it/s] 63% 38915/61865 [00:25<00:13, 1641.05it/s] 63% 39081/61865 [00:26<00:13, 1645.77it/s] 63% 39246/61865 [00:26<00:13, 1642.81it/s] 64% 39411/61865 [00:26<00:13, 1643.04it/s] 64% 39576/61865 [00:26<00:13, 1645.00it/s] 64% 39743/61865 [00:26<00:13, 1651.90it/s] 65% 39911/61865 [00:26<00:13, 1658.59it/s] 65% 40077/61865 [00:26<00:13, 1649.90it/s] 65% 40243/61865 [00:26<00:13, 1642.98it/s] 65% 40409/61865 [00:26<00:13, 1647.83it/s] 66% 40574/61865 [00:26<00:12, 1639.50it/s] 66% 40740/61865 [00:27<00:12, 1645.30it/s] 66% 40905/61865 [00:27<00:12, 1631.39it/s] 66% 41074/61865 [00:27<00:12, 1645.78it/s] 67% 41242/61865 [00:27<00:12, 1652.64it/s] 67% 41411/61865 [00:27<00:12, 1661.80it/s] 67% 41578/61865 [00:27<00:12, 1644.54it/s] 67% 41744/61865 [00:27<00:12, 1647.82it/s] 68% 41911/61865 [00:27<00:12, 1653.42it/s] 68% 42078/61865 [00:27<00:11, 1658.25it/s] 68% 42244/61865 [00:27<00:11, 1648.94it/s] 69% 42409/61865 [00:28<00:11, 1637.52it/s] 69% 42573/61865 [00:28<00:11, 1631.13it/s] 69% 42739/61865 [00:28<00:11, 1639.32it/s] 69% 42907/61865 [00:28<00:11, 1649.43it/s] 70% 43072/61865 [00:28<00:11, 1649.04it/s] 70% 43238/61865 [00:28<00:11, 1649.45it/s] 70% 43404/61865 [00:28<00:11, 1652.28it/s] 70% 43570/61865 [00:28<00:11, 1641.87it/s] 71% 43735/61865 [00:28<00:11, 1636.21it/s] 71% 43902/61865 [00:28<00:10, 1645.06it/s] 71% 44068/61865 [00:29<00:10, 1646.73it/s] 72% 44236/61865 [00:29<00:10, 1656.33it/s] 72% 44402/61865 [00:29<00:10, 1647.93it/s] 72% 44571/61865 [00:29<00:10, 1657.86it/s] 72% 44740/61865 [00:29<00:10, 1667.35it/s] 73% 44907/61865 [00:29<00:10, 1661.31it/s] 73% 45074/61865 [00:29<00:10, 1648.02it/s] 73% 45243/61865 [00:29<00:10, 1659.58it/s] 73% 45410/61865 [00:29<00:09, 1659.15it/s] 74% 45577/61865 [00:29<00:09, 1661.43it/s] 74% 45744/61865 [00:30<00:09, 1645.02it/s] 74% 45909/61865 [00:30<00:09, 1634.96it/s] 74% 46075/61865 [00:30<00:09, 1639.85it/s] 75% 46240/61865 [00:30<00:09, 1636.49it/s] 75% 46408/61865 [00:30<00:09, 1647.15it/s] 75% 46573/61865 [00:30<00:09, 1631.77it/s] 76% 46740/61865 [00:30<00:09, 1641.14it/s] 76% 46909/61865 [00:30<00:09, 1654.00it/s] 76% 47075/61865 [00:30<00:08, 1654.09it/s] 76% 47241/61865 [00:30<00:08, 1638.75it/s] 77% 47408/61865 [00:31<00:08, 1644.93it/s] 77% 47578/61865 [00:31<00:08, 1658.33it/s] 77% 47744/61865 [00:31<00:08, 1645.81it/s] 77% 47909/61865 [00:31<00:08, 1618.04it/s] 78% 48076/61865 [00:31<00:08, 1631.29it/s] 78% 48240/61865 [00:32<00:40, 338.37it/s]  78% 48400/61865 [00:32<00:30, 443.15it/s] 78% 48560/61865 [00:33<00:23, 565.81it/s] 79% 48721/61865 [00:33<00:18, 702.32it/s] 79% 48887/61865 [00:33<00:15, 848.59it/s] 79% 49048/61865 [00:33<00:12, 988.42it/s] 80% 49211/61865 [00:33<00:11, 1119.97it/s] 80% 49369/61865 [00:33<00:10, 1226.55it/s] 80% 49533/61865 [00:33<00:09, 1325.32it/s] 80% 49696/61865 [00:33<00:08, 1402.65it/s] 81% 49856/61865 [00:33<00:08, 1454.24it/s] 81% 50016/61865 [00:33<00:07, 1486.01it/s] 81% 50175/61865 [00:34<00:07, 1508.45it/s] 81% 50338/61865 [00:34<00:07, 1541.59it/s] 82% 50499/61865 [00:34<00:07, 1559.85it/s] 82% 50659/61865 [00:34<00:07, 1564.88it/s] 82% 50823/61865 [00:34<00:06, 1584.42it/s] 82% 50984/61865 [00:34<00:06, 1585.33it/s] 83% 51144/61865 [00:34<00:06, 1581.33it/s] 83% 51304/61865 [00:34<00:06, 1583.73it/s] 83% 51465/61865 [00:34<00:06, 1590.42it/s] 83% 51625/61865 [00:34<00:06, 1583.93it/s] 84% 51784/61865 [00:35<00:06, 1581.19it/s] 84% 51945/61865 [00:35<00:06, 1589.30it/s] 84% 52105/61865 [00:35<00:06, 1586.83it/s] 84% 52269/61865 [00:35<00:05, 1602.02it/s] 85% 52430/61865 [00:35<00:05, 1583.38it/s] 85% 52589/61865 [00:35<00:05, 1584.61it/s] 85% 52750/61865 [00:35<00:05, 1589.52it/s] 86% 52912/61865 [00:35<00:05, 1596.29it/s] 86% 53075/61865 [00:35<00:05, 1603.47it/s] 86% 53236/61865 [00:36<00:05, 1580.89it/s] 86% 53399/61865 [00:36<00:05, 1592.90it/s] 87% 53561/61865 [00:36<00:05, 1599.65it/s] 87% 53725/61865 [00:36<00:05, 1609.95it/s] 87% 53887/61865 [00:36<00:04, 1610.22it/s] 87% 54049/61865 [00:36<00:04, 1603.63it/s] 88% 54210/61865 [00:36<00:04, 1591.87it/s] 88% 54370/61865 [00:36<00:04, 1589.37it/s] 88% 54534/61865 [00:36<00:04, 1603.86it/s] 88% 54699/61865 [00:36<00:04, 1615.80it/s] 89% 54861/61865 [00:37<00:04, 1603.37it/s] 89% 55022/61865 [00:37<00:04, 1598.42it/s] 89% 55182/61865 [00:37<00:04, 1596.47it/s] 89% 55345/61865 [00:37<00:04, 1606.13it/s] 90% 55506/61865 [00:37<00:04, 1549.08it/s] 90% 55666/61865 [00:37<00:03, 1561.50it/s] 90% 55827/61865 [00:37<00:03, 1573.67it/s] 91% 55990/61865 [00:37<00:03, 1587.58it/s] 91% 56155/61865 [00:37<00:03, 1604.58it/s] 91% 56316/61865 [00:37<00:03, 1603.84it/s] 91% 56485/61865 [00:38<00:03, 1628.15it/s] 92% 56648/61865 [00:38<00:03, 1594.73it/s] 92% 56808/61865 [00:38<00:03, 1569.62it/s] 92% 56966/61865 [00:38<00:03, 1531.83it/s] 92% 57120/61865 [00:38<00:03, 1513.49it/s] 93% 57272/61865 [00:38<00:03, 1505.71it/s] 93% 57423/61865 [00:38<00:03, 1451.21it/s] 93% 57569/61865 [00:38<00:03, 1419.50it/s] 93% 57712/61865 [00:38<00:02, 1390.57it/s] 94% 57852/61865 [00:39<00:02, 1377.79it/s] 94% 57991/61865 [00:39<00:02, 1361.78it/s] 94% 58128/61865 [00:39<00:02, 1356.77it/s] 94% 58264/61865 [00:39<00:02, 1342.40it/s] 94% 58399/61865 [00:39<00:02, 1337.46it/s] 95% 58544/61865 [00:39<00:02, 1367.21it/s] 95% 58698/61865 [00:39<00:02, 1413.07it/s] 95% 58863/61865 [00:39<00:02, 1476.51it/s] 95% 59029/61865 [00:39<00:01, 1525.15it/s] 96% 59199/61865 [00:39<00:01, 1572.01it/s] 96% 59367/61865 [00:40<00:01, 1602.69it/s] 96% 59536/61865 [00:40<00:01, 1627.82it/s] 97% 59703/61865 [00:40<00:01, 1640.00it/s] 97% 59868/61865 [00:40<00:01, 1593.18it/s] 97% 60029/61865 [00:40<00:01, 1564.23it/s] 97% 60187/61865 [00:40<00:01, 1563.09it/s] 98% 60346/61865 [00:40<00:00, 1570.61it/s] 98% 60509/61865 [00:40<00:00, 1586.22it/s] 98% 60680/61865 [00:40<00:00, 1620.64it/s] 98% 60849/61865 [00:40<00:00, 1640.27it/s] 99% 61019/61865 [00:41<00:00, 1655.26it/s] 99% 61185/61865 [00:41<00:00, 1653.27it/s] 99% 61355/61865 [00:41<00:00, 1665.73it/s] 99% 61524/61865 [00:41<00:00, 1672.52it/s]100% 61693/61865 [00:41<00:00, 1675.66it/s]100% 61861/61865 [00:41<00:00, 1661.97it/s]100% 61865/61865 [00:41<00:00, 1489.14it/s]
  0% 0/61865 [00:00<?, ?it/s] 22% 13911/61865 [00:00<00:00, 139102.50it/s] 45% 27861/61865 [00:00<00:00, 139219.87it/s] 77% 47897/61865 [00:00<00:00, 153248.40it/s]100% 61865/61865 [00:00<00:00, 174777.97it/s]
Number of tasks = 645
Splitting data with seed 0
  0% 0/61865 [00:00<?, ?it/s]  1% 579/61865 [00:00<00:10, 5781.49it/s]  2% 1162/61865 [00:00<00:10, 5794.82it/s]  3% 1718/61865 [00:00<00:10, 5721.34it/s]  4% 2244/61865 [00:00<00:10, 5574.58it/s]  4% 2756/61865 [00:00<00:10, 5422.41it/s]  5% 3371/61865 [00:00<00:10, 5618.56it/s]  6% 3897/61865 [00:00<00:10, 5501.68it/s]  7% 4403/61865 [00:00<00:10, 5303.04it/s]  8% 4930/61865 [00:00<00:10, 5291.55it/s]  9% 5439/61865 [00:01<00:11, 5089.47it/s] 10% 5935/61865 [00:01<00:11, 4971.74it/s] 10% 6424/61865 [00:01<00:11, 4876.12it/s] 11% 6915/61865 [00:01<00:11, 4885.83it/s] 12% 7408/61865 [00:01<00:11, 4897.20it/s] 13% 7896/61865 [00:01<00:11, 4861.98it/s] 14% 8381/61865 [00:01<00:11, 4622.14it/s] 14% 8849/61865 [00:01<00:11, 4635.56it/s] 15% 9349/61865 [00:01<00:11, 4737.32it/s] 16% 9842/61865 [00:01<00:10, 4791.47it/s] 17% 10333/61865 [00:02<00:10, 4822.66it/s] 17% 10816/61865 [00:02<00:10, 4811.39it/s] 18% 11314/61865 [00:02<00:10, 4859.55it/s] 19% 11801/61865 [00:02<00:10, 4835.93it/s] 20% 12317/61865 [00:02<00:10, 4926.11it/s] 21% 12820/61865 [00:02<00:09, 4954.64it/s] 22% 13322/61865 [00:02<00:09, 4971.92it/s] 22% 13837/61865 [00:02<00:09, 5023.27it/s] 23% 14340/61865 [00:02<00:09, 4963.46it/s] 24% 14837/61865 [00:02<00:09, 4888.14it/s] 25% 15343/61865 [00:03<00:09, 4936.08it/s] 26% 15838/61865 [00:03<00:09, 4934.74it/s] 26% 16345/61865 [00:03<00:09, 4973.28it/s] 27% 16867/61865 [00:03<00:08, 5043.91it/s] 28% 17390/61865 [00:03<00:08, 5095.00it/s] 29% 17911/61865 [00:03<00:08, 5128.63it/s] 30% 18427/61865 [00:03<00:08, 5136.04it/s] 31% 18941/61865 [00:03<00:08, 5115.72it/s] 31% 19453/61865 [00:03<00:08, 5077.37it/s] 32% 19966/61865 [00:03<00:08, 5091.92it/s] 33% 20476/61865 [00:04<00:08, 4995.91it/s] 34% 20980/61865 [00:04<00:08, 5008.25it/s] 35% 21482/61865 [00:04<00:08, 4962.80it/s] 36% 21993/61865 [00:04<00:07, 5005.51it/s] 36% 22508/61865 [00:04<00:07, 5047.94it/s] 37% 23022/61865 [00:04<00:07, 5073.83it/s] 38% 23542/61865 [00:04<00:07, 5109.65it/s] 39% 24061/61865 [00:04<00:07, 5132.43it/s] 40% 24576/61865 [00:04<00:07, 5137.59it/s] 41% 25090/61865 [00:04<00:07, 5114.28it/s] 41% 25602/61865 [00:05<00:07, 5089.44it/s] 42% 26112/61865 [00:05<00:07, 5069.16it/s] 43% 26620/61865 [00:05<00:07, 5008.89it/s] 44% 27139/61865 [00:05<00:06, 5061.82it/s] 45% 27654/61865 [00:05<00:06, 5085.33it/s] 46% 28163/61865 [00:05<00:06, 5063.18it/s] 46% 28670/61865 [00:05<00:06, 5009.23it/s] 47% 29172/61865 [00:05<00:06, 4986.14it/s] 48% 29686/61865 [00:05<00:06, 5031.15it/s] 49% 30200/61865 [00:05<00:06, 5062.09it/s] 50% 30707/61865 [00:06<00:06, 5064.27it/s] 50% 31217/61865 [00:06<00:06, 5074.21it/s] 51% 31733/61865 [00:06<00:05, 5097.94it/s] 52% 32243/61865 [00:06<00:05, 5072.25it/s] 53% 32751/61865 [00:06<00:05, 5031.78it/s] 54% 33261/61865 [00:06<00:05, 5050.24it/s] 55% 33770/61865 [00:06<00:05, 5060.25it/s] 55% 34288/61865 [00:06<00:05, 5093.38it/s] 56% 34798/61865 [00:06<00:05, 5080.44it/s] 57% 35307/61865 [00:06<00:05, 5008.99it/s] 58% 35809/61865 [00:07<00:05, 4970.79it/s] 59% 36307/61865 [00:07<00:05, 4972.16it/s] 60% 36820/61865 [00:07<00:04, 5018.14it/s] 60% 37336/61865 [00:07<00:04, 5058.22it/s] 61% 37861/61865 [00:07<00:04, 5111.78it/s] 62% 38381/61865 [00:07<00:04, 5136.38it/s] 63% 38895/61865 [00:07<00:04, 5096.74it/s] 64% 39407/61865 [00:07<00:04, 5103.44it/s] 65% 39919/61865 [00:07<00:04, 5089.46it/s] 65% 40429/61865 [00:08<00:04, 5043.79it/s] 66% 40934/61865 [00:08<00:04, 5000.55it/s] 67% 41453/61865 [00:08<00:04, 5054.90it/s] 68% 41959/61865 [00:08<00:03, 5056.30it/s] 69% 42465/61865 [00:08<00:03, 5004.69it/s] 69% 42966/61865 [00:08<00:03, 4996.77it/s] 70% 43484/61865 [00:08<00:03, 5048.81it/s] 71% 43990/61865 [00:08<00:03, 5035.05it/s] 72% 44501/61865 [00:08<00:03, 5056.45it/s] 73% 45017/61865 [00:08<00:03, 5081.63it/s] 74% 45527/61865 [00:09<00:03, 5086.27it/s] 74% 46036/61865 [00:09<00:03, 5034.99it/s] 75% 46540/61865 [00:09<00:03, 5012.72it/s] 76% 47051/61865 [00:09<00:02, 5038.23it/s] 77% 47558/61865 [00:09<00:02, 5046.84it/s] 78% 48063/61865 [00:09<00:02, 4996.74it/s] 78% 48563/61865 [00:09<00:02, 4890.35it/s] 79% 49053/61865 [00:09<00:02, 4833.57it/s] 80% 49537/61865 [00:09<00:02, 4784.81it/s] 81% 50017/61865 [00:09<00:02, 4711.00it/s] 82% 50489/61865 [00:10<00:02, 4646.65it/s] 82% 50955/61865 [00:10<00:02, 4620.05it/s] 83% 51418/61865 [00:10<00:02, 4575.38it/s] 84% 51876/61865 [00:10<00:02, 4502.25it/s] 85% 52341/61865 [00:10<00:02, 4543.72it/s] 85% 52796/61865 [00:10<00:02, 4460.93it/s] 86% 53243/61865 [00:10<00:02, 4227.25it/s] 87% 53734/61865 [00:10<00:01, 4406.94it/s] 88% 54186/61865 [00:10<00:01, 4438.32it/s] 88% 54666/61865 [00:10<00:01, 4535.94it/s] 89% 55127/61865 [00:11<00:01, 4556.81it/s] 90% 55585/61865 [00:11<00:01, 4369.06it/s] 91% 56054/61865 [00:11<00:01, 4458.64it/s] 91% 56553/61865 [00:11<00:01, 4604.54it/s] 92% 57017/61865 [00:11<00:01, 4306.79it/s] 93% 57454/61865 [00:11<00:01, 3880.91it/s] 94% 57855/61865 [00:11<00:01, 3498.08it/s] 94% 58221/61865 [00:11<00:01, 3251.19it/s] 95% 58561/61865 [00:12<00:01, 3191.44it/s] 95% 59046/61865 [00:12<00:00, 3555.87it/s] 96% 59587/61865 [00:12<00:00, 3962.20it/s] 97% 60013/61865 [00:12<00:00, 3996.36it/s] 98% 60478/61865 [00:12<00:00, 4171.22it/s] 99% 61022/61865 [00:12<00:00, 4482.87it/s]100% 61564/61865 [00:12<00:00, 4726.70it/s]100% 61865/61865 [00:12<00:00, 4865.67it/s]
Total scaffolds = 30,615 | train scaffolds = 24,639 | val scaffolds = 3,133 | test scaffolds = 2,843
/home/apappu/thesis/molecule-metalearning/chemprop/chemprop/data/scaffold.py:152: RuntimeWarning: Mean of empty slice
  target_avgs.append(np.nanmean(targets, axis=0))
Label averages per scaffold, in decreasing order of scaffold frequency,capped at 10 scaffolds and 20 labels: [(array([nan, nan, nan, nan, nan, nan, nan, nan, nan, nan, nan, nan, nan,
       nan, nan, nan, nan, nan, nan, nan]), array([0, 0, 0, 0, 0, 0, 0, 0, 0, 0, 0, 0, 0, 0, 0, 0, 0, 0, 0, 0])), (array([nan, nan, nan, nan, nan, nan, nan, nan, nan, nan, nan, nan, nan,
       nan, nan, 0.5, nan, nan, nan, nan]), array([0, 0, 0, 0, 0, 0, 0, 0, 0, 0, 0, 0, 0, 0, 0, 2, 0, 0, 0, 0])), (array([nan, nan, nan, nan, nan, nan, nan, nan, nan, nan, nan, nan, nan,
       nan, nan, nan, nan, nan, nan, nan]), array([0, 0, 0, 0, 0, 0, 0, 0, 0, 0, 0, 0, 0, 0, 0, 0, 0, 0, 0, 0])), (array([nan, nan, nan, nan, nan, nan, nan, nan, nan, nan, nan, nan, nan,
       nan, nan, nan, nan, nan, nan, nan]), array([0, 0, 0, 0, 0, 0, 0, 0, 0, 0, 0, 0, 0, 0, 0, 0, 0, 0, 0, 0])), (array([nan, nan, nan, nan, nan, nan, nan, nan, nan, nan, nan, nan, nan,
       nan, nan, nan, nan, nan, nan, nan]), array([0, 0, 0, 0, 0, 0, 0, 0, 0, 0, 0, 0, 0, 0, 0, 0, 0, 0, 0, 0])), (array([nan, nan, nan, nan, nan, nan, nan, nan, nan, nan, nan, nan, nan,
       nan, nan, nan, nan, nan, nan, nan]), array([0, 0, 0, 0, 0, 0, 0, 0, 0, 0, 0, 0, 0, 0, 0, 0, 0, 0, 0, 0])), (array([nan, nan, nan, nan, nan, nan, nan, nan, nan, nan, nan, nan, nan,
       nan, nan, nan, nan, nan, nan, nan]), array([0, 0, 0, 0, 0, 0, 0, 0, 0, 0, 0, 0, 0, 0, 0, 0, 0, 0, 0, 0])), (array([nan, nan, nan, nan, nan, nan, nan, nan, nan, nan, nan, nan, nan,
       nan, nan, nan, nan, nan, nan, nan]), array([0, 0, 0, 0, 0, 0, 0, 0, 0, 0, 0, 0, 0, 0, 0, 0, 0, 0, 0, 0])), (array([nan, nan, nan, nan, nan, nan, nan, nan, nan, nan, nan, nan, nan,
       nan, nan, nan, nan, nan, nan, nan]), array([0, 0, 0, 0, 0, 0, 0, 0, 0, 0, 0, 0, 0, 0, 0, 0, 0, 0, 0, 0])), (array([nan, nan, nan, nan, nan, nan, nan, nan, nan, nan, nan, nan, nan,
       nan, nan, nan, nan, nan, nan, nan]), array([0, 0, 0, 0, 0, 0, 0, 0, 0, 0, 0, 0, 0, 0, 0, 0, 0, 0, 0, 0]))]
Class sizes
CHEMBL1033994 0: 41.98%, 1: 58.02%
CHEMBL1119333 0: 9.59%, 1: 90.41%
CHEMBL1217000 0: 52.41%, 1: 47.59%
CHEMBL1243965 0: 17.11%, 1: 82.89%
CHEMBL1243966 0: 41.96%, 1: 58.04%
CHEMBL1243967 0: 10.17%, 1: 89.83%
CHEMBL1243968 0: 15.06%, 1: 84.94%
CHEMBL1243970 0: 6.91%, 1: 93.09%
CHEMBL1243972 0: 9.92%, 1: 90.08%
CHEMBL1243976 0: 28.99%, 1: 71.01%
CHEMBL1246087 0: 33.88%, 1: 66.12%
CHEMBL1246088 0: 48.37%, 1: 51.63%
CHEMBL1613762 0: 2.45%, 1: 97.55%
CHEMBL1613779 0: 58.47%, 1: 41.53%
CHEMBL1613785 0: 43.22%, 1: 56.78%
CHEMBL1613787 0: 69.08%, 1: 30.92%
CHEMBL1613807 0: 95.99%, 1: 4.01%
CHEMBL1613813 0: 44.20%, 1: 55.80%
CHEMBL1613814 0: 53.85%, 1: 46.15%
CHEMBL1613817 0: 84.86%, 1: 15.14%
CHEMBL1613853 0: 41.86%, 1: 58.14%
CHEMBL1613861 0: 14.47%, 1: 85.53%
CHEMBL1613864 0: 5.19%, 1: 94.81%
CHEMBL1613867 0: 97.13%, 1: 2.87%
CHEMBL1613870 0: 15.80%, 1: 84.20%
CHEMBL1613871 0: 6.15%, 1: 93.85%
CHEMBL1613874 0: 65.78%, 1: 34.22%
CHEMBL1613876 0: 54.35%, 1: 45.65%
CHEMBL1613884 0: 21.51%, 1: 78.49%
CHEMBL1613890 0: 34.85%, 1: 65.15%
CHEMBL1613897 0: 46.64%, 1: 53.36%
CHEMBL1613898 0: 75.45%, 1: 24.55%
CHEMBL1613904 0: 50.77%, 1: 49.23%
CHEMBL1613907 0: 5.34%, 1: 94.66%
CHEMBL1613926 0: 30.15%, 1: 69.85%
CHEMBL1613928 0: 45.90%, 1: 54.10%
CHEMBL1613929 0: 81.25%, 1: 18.75%
CHEMBL1613941 0: 32.58%, 1: 67.42%
CHEMBL1613942 0: 41.43%, 1: 58.57%
CHEMBL1613947 0: 46.01%, 1: 53.99%
CHEMBL1613949 0: 60.13%, 1: 39.87%
CHEMBL1613950 0: 43.05%, 1: 56.95%
CHEMBL1613955 0: 54.04%, 1: 45.96%
CHEMBL1613962 0: 24.26%, 1: 75.74%
CHEMBL1613967 0: 44.59%, 1: 55.41%
CHEMBL1613981 0: 58.85%, 1: 41.15%
CHEMBL1613991 0: 14.98%, 1: 85.02%
CHEMBL1613997 0: 7.73%, 1: 92.27%
CHEMBL1614001 0: 98.28%, 1: 1.72%
CHEMBL1614004 0: 14.66%, 1: 85.34%
CHEMBL1614016 0: 12.22%, 1: 87.78%
CHEMBL1614030 0: 19.96%, 1: 80.04%
CHEMBL1614034 0: 2.63%, 1: 97.37%
CHEMBL1614035 0: 77.14%, 1: 22.86%
CHEMBL1614049 0: 39.63%, 1: 60.37%
CHEMBL1614053 0: 42.48%, 1: 57.52%
CHEMBL1614063 0: 95.18%, 1: 4.82%
CHEMBL1614065 0: 9.71%, 1: 90.29%
CHEMBL1614066 0: 94.74%, 1: 5.26%
CHEMBL1614069 0: 56.82%, 1: 43.18%
CHEMBL1614072 0: 50.36%, 1: 49.64%
CHEMBL1614084 0: 13.26%, 1: 86.74%
CHEMBL1614091 0: 4.43%, 1: 95.57%
CHEMBL1614092 0: 47.50%, 1: 52.50%
CHEMBL1614097 0: 46.99%, 1: 53.01%
CHEMBL1614098 0: 97.25%, 1: 2.75%
CHEMBL1614104 0: 7.74%, 1: 92.26%
CHEMBL1614105 0: 6.12%, 1: 93.88%
CHEMBL1614109 0: 59.87%, 1: 40.13%
CHEMBL1614128 0: 10.35%, 1: 89.65%
CHEMBL1614131 0: 97.14%, 1: 2.86%
CHEMBL1614132 0: 42.07%, 1: 57.93%
CHEMBL1614138 0: 67.83%, 1: 32.17%
CHEMBL1614155 0: 25.40%, 1: 74.60%
CHEMBL1614158 0: 74.52%, 1: 25.48%
CHEMBL1614167 0: 16.17%, 1: 83.83%
CHEMBL1614170 0: 68.86%, 1: 31.14%
CHEMBL1614171 0: 93.77%, 1: 6.23%
CHEMBL1614175 0: 80.66%, 1: 19.34%
CHEMBL1614185 0: 26.17%, 1: 73.83%
CHEMBL1614197 0: 5.26%, 1: 94.74%
CHEMBL1614199 0: 49.66%, 1: 50.34%
CHEMBL1614202 0: 7.32%, 1: 92.68%
CHEMBL1614215 0: 52.76%, 1: 47.24%
CHEMBL1614216 0: 48.52%, 1: 51.48%
CHEMBL1614218 0: 22.36%, 1: 77.64%
CHEMBL1614225 0: 62.50%, 1: 37.50%
CHEMBL1614244 0: 38.85%, 1: 61.15%
CHEMBL1614247 0: 44.34%, 1: 55.66%
CHEMBL1614252 0: 60.11%, 1: 39.89%
CHEMBL1614255 0: 61.26%, 1: 38.74%
CHEMBL1614259 0: 32.82%, 1: 67.18%
CHEMBL1614272 0: 67.71%, 1: 32.29%
CHEMBL1614276 0: 51.74%, 1: 48.26%
CHEMBL1614287 0: 85.53%, 1: 14.47%
CHEMBL1614288 0: 72.51%, 1: 27.49%
CHEMBL1614290 0: 4.51%, 1: 95.49%
CHEMBL1614295 0: 2.29%, 1: 97.71%
CHEMBL1614301 0: 19.74%, 1: 80.26%
CHEMBL1614304 0: 63.76%, 1: 36.24%
CHEMBL1614309 0: 27.66%, 1: 72.34%
CHEMBL1614311 0: 53.76%, 1: 46.24%
CHEMBL1614314 0: 94.70%, 1: 5.30%
CHEMBL1614319 0: 72.16%, 1: 27.84%
CHEMBL1614320 0: 29.79%, 1: 70.21%
CHEMBL1614321 0: 60.16%, 1: 39.84%
CHEMBL1614328 0: 46.64%, 1: 53.36%
CHEMBL1614329 0: 40.69%, 1: 59.31%
CHEMBL1614336 0: 47.01%, 1: 52.99%
CHEMBL1614344 0: 67.72%, 1: 32.28%
CHEMBL1614356 0: 43.90%, 1: 56.10%
CHEMBL1614359 0: 50.26%, 1: 49.74%
CHEMBL1614363 0: 53.19%, 1: 46.81%
CHEMBL1614385 0: 93.27%, 1: 6.73%
CHEMBL1614388 0: 56.19%, 1: 43.81%
CHEMBL1614393 0: 45.00%, 1: 55.00%
CHEMBL1614395 0: 11.32%, 1: 88.68%
CHEMBL1614403 0: 88.15%, 1: 11.85%
CHEMBL1614423 0: 57.84%, 1: 42.16%
CHEMBL1614425 0: 38.24%, 1: 61.76%
CHEMBL1614433 0: 60.77%, 1: 39.23%
CHEMBL1614434 0: 80.25%, 1: 19.75%
CHEMBL1614456 0: 3.36%, 1: 96.64%
CHEMBL1614466 0: 10.32%, 1: 89.68%
CHEMBL1614469 0: 24.90%, 1: 75.10%
CHEMBL1614477 0: 43.75%, 1: 56.25%
CHEMBL1614478 0: 12.50%, 1: 87.50%
CHEMBL1614480 0: 85.71%, 1: 14.29%
CHEMBL1614484 0: 9.01%, 1: 90.99%
CHEMBL1614492 0: 40.54%, 1: 59.46%
CHEMBL1614499 0: 44.47%, 1: 55.53%
CHEMBL1614503 0: 40.30%, 1: 59.70%
CHEMBL1614504 0: 17.80%, 1: 82.20%
CHEMBL1614509 0: 79.43%, 1: 20.57%
CHEMBL1614512 0: 62.79%, 1: 37.21%
CHEMBL1614514 0: 83.07%, 1: 16.93%
CHEMBL1614515 0: 19.61%, 1: 80.39%
CHEMBL1614516 0: 96.81%, 1: 3.19%
CHEMBL1614522 0: 28.55%, 1: 71.45%
CHEMBL1614524 0: 12.98%, 1: 87.02%
CHEMBL1614528 0: 40.91%, 1: 59.09%
CHEMBL1614547 0: 72.51%, 1: 27.49%
CHEMBL1614548 0: 17.95%, 1: 82.05%
CHEMBL1614549 0: 84.25%, 1: 15.75%
CHEMBL1614550 0: 9.30%, 1: 90.70%
CHEMBL1614554 0: 71.64%, 1: 28.36%
CHEMBL1676103 0: 39.85%, 1: 60.15%
CHEMBL1737860 0: 3.60%, 1: 96.40%
CHEMBL1737863 0: 36.27%, 1: 63.73%
CHEMBL1737865 0: 61.01%, 1: 38.99%
CHEMBL1737868 0: 79.41%, 1: 20.59%
CHEMBL1737910 0: 45.71%, 1: 54.29%
CHEMBL1737912 0: 26.51%, 1: 73.49%
CHEMBL1737942 0: 44.52%, 1: 55.48%
CHEMBL1737951 0: 51.83%, 1: 48.17%
CHEMBL1737961 0: 93.34%, 1: 6.66%
CHEMBL1737966 0: 21.36%, 1: 78.64%
CHEMBL1737967 0: 89.17%, 1: 10.83%
CHEMBL1737977 0: 13.87%, 1: 86.13%
CHEMBL1737978 0: 18.18%, 1: 81.82%
CHEMBL1737979 0: 8.94%, 1: 91.06%
CHEMBL1738019 0: 24.85%, 1: 75.15%
CHEMBL1738021 0: 10.87%, 1: 89.13%
CHEMBL1738025 0: 33.80%, 1: 66.20%
CHEMBL1738040 0: 73.48%, 1: 26.52%
CHEMBL1738043 0: 46.43%, 1: 53.57%
CHEMBL1738079 0: 3.88%, 1: 96.12%
CHEMBL1738080 0: 76.43%, 1: 23.57%
CHEMBL1738091 0: 89.77%, 1: 10.23%
CHEMBL1738097 0: 72.41%, 1: 27.59%
CHEMBL1738131 0: 68.59%, 1: 31.41%
CHEMBL1738164 0: 79.79%, 1: 20.21%
CHEMBL1738171 0: 85.45%, 1: 14.55%
CHEMBL1738183 0: 59.62%, 1: 40.38%
CHEMBL1738197 0: 36.90%, 1: 63.10%
CHEMBL1738202 0: 3.47%, 1: 96.53%
CHEMBL1738242 0: 16.55%, 1: 83.45%
CHEMBL1738249 0: 86.53%, 1: 13.47%
CHEMBL1738253 0: 7.33%, 1: 92.67%
CHEMBL1738319 0: 59.17%, 1: 40.83%
CHEMBL1738325 0: 96.86%, 1: 3.14%
CHEMBL1738362 0: 21.43%, 1: 78.57%
CHEMBL1738369 0: 56.34%, 1: 43.66%
CHEMBL1738371 0: 81.97%, 1: 18.03%
CHEMBL1738391 0: 68.38%, 1: 31.62%
CHEMBL1738400 0: 77.86%, 1: 22.14%
CHEMBL1738402 0: 54.19%, 1: 45.81%
CHEMBL1738407 0: 85.58%, 1: 14.42%
CHEMBL1738408 0: 2.18%, 1: 97.82%
CHEMBL1738414 0: 5.11%, 1: 94.89%
CHEMBL1738418 0: 68.85%, 1: 31.15%
CHEMBL1738422 0: 4.29%, 1: 95.71%
CHEMBL1738424 0: 77.50%, 1: 22.50%
CHEMBL1738430 0: 25.54%, 1: 74.46%
CHEMBL1738438 0: 2.76%, 1: 97.24%
CHEMBL1738482 0: 7.69%, 1: 92.31%
CHEMBL1738485 0: 17.65%, 1: 82.35%
CHEMBL1738494 0: 97.26%, 1: 2.74%
CHEMBL1738495 0: 1.70%, 1: 98.30%
CHEMBL1738497 0: 64.50%, 1: 35.50%
CHEMBL1738502 0: 15.20%, 1: 84.80%
CHEMBL1738510 0: 54.41%, 1: 45.59%
CHEMBL1738512 0: 3.05%, 1: 96.95%
CHEMBL1738513 0: 28.64%, 1: 71.36%
CHEMBL1738552 0: 64.70%, 1: 35.30%
CHEMBL1738575 0: 65.65%, 1: 34.35%
CHEMBL1738578 0: 23.30%, 1: 76.70%
CHEMBL1738579 0: 22.79%, 1: 77.21%
CHEMBL1738593 0: 17.65%, 1: 82.35%
CHEMBL1738599 0: 16.07%, 1: 83.93%
CHEMBL1738602 0: 42.70%, 1: 57.30%
CHEMBL1738610 0: 42.07%, 1: 57.93%
CHEMBL1738611 0: 2.23%, 1: 97.77%
CHEMBL1738632 0: 86.32%, 1: 13.68%
CHEMBL1738633 0: 4.05%, 1: 95.95%
CHEMBL1738639 0: 64.47%, 1: 35.53%
CHEMBL1738642 0: 34.82%, 1: 65.18%
CHEMBL1738670 0: 9.18%, 1: 90.82%
CHEMBL1738673 0: 12.98%, 1: 87.02%
CHEMBL1738679 0: 63.95%, 1: 36.05%
CHEMBL1738682 0: 62.45%, 1: 37.55%
CHEMBL1794296 0: 44.02%, 1: 55.98%
CHEMBL1794303 0: 2.71%, 1: 97.29%
CHEMBL1794320 0: 96.68%, 1: 3.32%
CHEMBL1794327 0: 91.59%, 1: 8.41%
CHEMBL1794336 0: 53.07%, 1: 46.93%
CHEMBL1794350 0: 3.44%, 1: 96.56%
CHEMBL1794355 0: 5.26%, 1: 94.74%
CHEMBL1794356 0: 13.92%, 1: 86.08%
CHEMBL1794358 0: 94.14%, 1: 5.86%
CHEMBL1794365 0: 7.12%, 1: 92.88%
CHEMBL1794383 0: 6.90%, 1: 93.10%
CHEMBL1794387 0: 65.04%, 1: 34.96%
CHEMBL1794393 0: 67.55%, 1: 32.45%
CHEMBL1794396 0: 3.96%, 1: 96.04%
CHEMBL1794410 0: 23.98%, 1: 76.02%
CHEMBL1794413 0: 6.02%, 1: 93.98%
CHEMBL1794438 0: 40.17%, 1: 59.83%
CHEMBL1794445 0: 87.84%, 1: 12.16%
CHEMBL1794452 0: 94.30%, 1: 5.70%
CHEMBL1794457 0: 92.98%, 1: 7.02%
CHEMBL1794460 0: 28.63%, 1: 71.37%
CHEMBL1794467 0: 18.39%, 1: 81.61%
CHEMBL1794475 0: 56.02%, 1: 43.98%
CHEMBL1794484 0: 44.93%, 1: 55.07%
CHEMBL1794494 0: 5.33%, 1: 94.67%
CHEMBL1794497 0: 8.47%, 1: 91.53%
CHEMBL1794499 0: 73.90%, 1: 26.10%
CHEMBL1794508 0: 94.63%, 1: 5.37%
CHEMBL1794516 0: 3.21%, 1: 96.79%
CHEMBL1794522 0: 58.65%, 1: 41.35%
CHEMBL1794528 0: 79.86%, 1: 20.14%
CHEMBL1794531 0: 92.03%, 1: 7.97%
CHEMBL1794548 0: 88.74%, 1: 11.26%
CHEMBL1794566 0: 6.05%, 1: 93.95%
CHEMBL1794567 0: 9.61%, 1: 90.39%
CHEMBL1794570 0: 92.79%, 1: 7.21%
CHEMBL1794571 0: 53.55%, 1: 46.45%
CHEMBL1794573 0: 10.54%, 1: 89.46%
CHEMBL1794574 0: 1.09%, 1: 98.91%
CHEMBL1794578 0: 46.99%, 1: 53.01%
CHEMBL1794581 0: 19.65%, 1: 80.35%
CHEMBL1863510 0: 2.14%, 1: 97.86%
CHEMBL1863512 0: 2.79%, 1: 97.21%
CHEMBL1909084 0: 99.28%, 1: 0.72%
CHEMBL1909085 0: 92.10%, 1: 7.90%
CHEMBL1909086 0: 91.52%, 1: 8.48%
CHEMBL1909087 0: 91.86%, 1: 8.14%
CHEMBL1909088 0: 87.97%, 1: 12.03%
CHEMBL1909089 0: 88.69%, 1: 11.31%
CHEMBL1909090 0: 90.81%, 1: 9.19%
