wandb: Tracking run with wandb version 0.9.3
wandb: Run data is saved locally in wandb/run-20200720_130416-1sg6zasl
wandb: Syncing run ffn_0.4_dropout_500_hidden_size
wandb: ⭐️ View project at https://app.wandb.ai/apappu97/molecule-metalearning-chemprop
wandb: 🚀 View run at https://app.wandb.ai/apappu97/molecule-metalearning-chemprop/runs/1sg6zasl
wandb: Run `wandb off` to turn off syncing.

Fold 0
Command line
python chemprop/train.py --data_path filtered_chembl/chembl_less_1024_more_128_645_tasks.csv --dataset_type classification --split_type scaffold_balanced --features_only --features_generator morgan --dropout 0.4 --ffn_hidden_size 500 --num_folds 2 --epochs 30 --results_save_dir results/initial_hyperparameter_tuning/ --experiment_name ffn_0.4_dropout_500_hidden_size
Args
{'ANIL': False,
 'FO_MAML': False,
 'activation': 'ReLU',
 'atom_messages': False,
 'batch_size': 50,
 'bias': False,
 'cache_cutoff': 10000,
 'checkpoint_dir': None,
 'checkpoint_path': None,
 'checkpoint_paths': None,
 'chembl_assay_metadata_pickle_path': None,
 'class_balance': False,
 'config_path': None,
 'crossval_index_dir': None,
 'crossval_index_file': None,
 'crossval_index_sets': None,
 'data_path': 'filtered_chembl/chembl_less_1024_more_128_645_tasks.csv',
 'dataset_type': 'classification',
 'depth': 3,
 'dropout': 0.4,
 'dummy': False,
 'ensemble_size': 1,
 'epochs': 30,
 'experiment_name': 'ffn_0.4_dropout_500_hidden_size',
 'features_generator': ['morgan'],
 'features_only': True,
 'features_path': None,
 'features_size': None,
 'ffn_hidden_size': 500,
 'ffn_num_layers': 2,
 'final_lr': 0.0001,
 'folds_file': None,
 'gpu': None,
 'hidden_size': 300,
 'init_lr': 0.0001,
 'inner_loop_lr': 0.05,
 'log_frequency': 10,
 'max_data_size': None,
 'max_lr': 0.001,
 'meta_batch_size': 3,
 'meta_learning': False,
 'meta_test_split_sizes': (0.8, 0.1, 0.1),
 'meta_train_split_sizes': (0.8, 0.2, 0),
 'metric': 'auc',
 'minimize_score': False,
 'multiclass_num_classes': 3,
 'no_cuda': False,
 'no_features_scaling': False,
 'num_folds': 2,
 'num_inner_gradient_steps': 2,
 'num_lrs': 1,
 'num_tasks': None,
 'num_workers': 8,
 'outer_loop_lr': 0.003,
 'pytorch_seed': 0,
 'quiet': False,
 'results_save_dir': 'results/initial_hyperparameter_tuning/',
 'save_dir': '/tmp/2273220.12.gpu.q/tmp3r_xbu4k/fold_0',
 'save_smiles_splits': False,
 'seed': 0,
 'separate_test_features_path': None,
 'separate_test_path': None,
 'separate_val_features_path': None,
 'separate_val_path': None,
 'show_individual_scores': False,
 'smiles_column': None,
 'split_sizes': (0.8, 0.1, 0.1),
 'split_type': 'scaffold_balanced',
 'target_columns': None,
 'task_names': None,
 'test': False,
 'test_fold_index': None,
 'train_data_size': None,
 'undirected': False,
 'use_input_features': True,
 'val_fold_index': None,
 'warmup_epochs': 2.0}
Loading data
0it [00:00, ?it/s]646it [00:00, 6459.48it/s]1277it [00:00, 6413.03it/s]1876it [00:00, 6279.88it/s]2505it [00:00, 6282.29it/s]3074it [00:00, 6090.04it/s]3686it [00:00, 6097.39it/s]4221it [00:00, 5071.20it/s]4827it [00:00, 5330.96it/s]5452it [00:00, 5576.63it/s]6082it [00:01, 5773.47it/s]6719it [00:01, 5940.09it/s]7354it [00:01, 6057.12it/s]7981it [00:01, 6097.80it/s]8591it [00:01, 5257.35it/s]9168it [00:01, 5400.55it/s]9817it [00:01, 5685.88it/s]10460it [00:01, 5888.93it/s]11101it [00:01, 6034.58it/s]11747it [00:02, 6155.62it/s]12394it [00:02, 6244.90it/s]13024it [00:02, 5499.59it/s]13672it [00:02, 5759.70it/s]14318it [00:02, 5951.56it/s]14961it [00:02, 6076.15it/s]15634it [00:02, 6256.98it/s]16269it [00:02, 6279.39it/s]16903it [00:02, 5443.14it/s]17472it [00:03, 2773.85it/s]18109it [00:03, 3339.25it/s]18780it [00:03, 3931.70it/s]19412it [00:03, 4434.06it/s]20060it [00:03, 4896.90it/s]20706it [00:03, 5279.73it/s]21317it [00:03, 4926.83it/s]21956it [00:04, 5289.93it/s]22603it [00:04, 5594.30it/s]23236it [00:04, 5794.28it/s]23879it [00:04, 5969.52it/s]24529it [00:04, 6118.87it/s]25181it [00:04, 6231.95it/s]25817it [00:04, 5536.85it/s]26454it [00:04, 5761.72it/s]27100it [00:04, 5954.38it/s]27753it [00:05, 6115.07it/s]28405it [00:05, 6229.37it/s]29055it [00:05, 6306.78it/s]29692it [00:05, 5547.82it/s]30340it [00:05, 5796.83it/s]30989it [00:05, 5986.56it/s]31667it [00:05, 6202.47it/s]32299it [00:05, 6234.68it/s]32939it [00:05, 6281.32it/s]33586it [00:05, 6336.15it/s]34224it [00:06, 5573.78it/s]34874it [00:06, 5821.17it/s]35522it [00:06, 6002.38it/s]36200it [00:06, 6215.48it/s]36849it [00:06, 6294.56it/s]37499it [00:06, 6352.43it/s]38140it [00:06, 5605.30it/s]38792it [00:06, 5849.69it/s]39446it [00:06, 6038.75it/s]40099it [00:07, 6178.08it/s]40749it [00:07, 6270.14it/s]41410it [00:07, 6367.61it/s]42062it [00:07, 6410.96it/s]42708it [00:07, 5625.68it/s]43355it [00:07, 5853.81it/s]43995it [00:07, 6006.08it/s]44644it [00:07, 6142.77it/s]45290it [00:07, 6232.96it/s]45971it [00:08, 6395.14it/s]46617it [00:08, 5631.76it/s]47265it [00:08, 5861.10it/s]47916it [00:08, 6039.98it/s]48566it [00:08, 6169.89it/s]49220it [00:08, 6273.99it/s]49856it [00:08, 6299.08it/s]50513it [00:08, 5592.02it/s]51193it [00:08, 5905.48it/s]51846it [00:09, 6079.19it/s]52497it [00:09, 6200.93it/s]53135it [00:09, 6252.48it/s]53768it [00:09, 6241.20it/s]54398it [00:09, 6241.44it/s]55026it [00:09, 5518.17it/s]55652it [00:09, 5721.27it/s]56269it [00:09, 5847.84it/s]56911it [00:09, 6008.25it/s]57555it [00:09, 6131.47it/s]58207it [00:10, 6241.27it/s]58871it [00:10, 6355.32it/s]59511it [00:10, 5593.78it/s]60164it [00:10, 5844.66it/s]60813it [00:10, 6023.70it/s]61469it [00:10, 6172.89it/s]61865it [00:10, 5797.84it/s]
  0% 0/61865 [00:00<?, ?it/s]  0% 173/61865 [00:00<00:35, 1724.75it/s]  1% 345/61865 [00:00<00:35, 1721.21it/s]  1% 506/61865 [00:00<00:36, 1685.53it/s]  1% 672/61865 [00:00<00:36, 1675.56it/s]  1% 840/61865 [00:00<00:36, 1675.63it/s]  2% 1009/61865 [00:00<00:36, 1678.42it/s]  2% 1165/61865 [00:00<00:37, 1638.36it/s]  2% 1315/61865 [00:00<00:41, 1457.19it/s]  2% 1475/61865 [00:00<00:40, 1496.80it/s]  3% 1621/61865 [00:02<02:43, 367.35it/s]   3% 1782/61865 [00:02<02:05, 477.89it/s]  3% 1953/61865 [00:02<01:38, 609.48it/s]  3% 2116/61865 [00:02<01:19, 749.89it/s]  4% 2276/61865 [00:02<01:06, 891.76it/s]  4% 2442/61865 [00:02<00:57, 1035.21it/s]  4% 2596/61865 [00:02<00:51, 1147.23it/s]  4% 2757/61865 [00:02<00:47, 1254.22it/s]  5% 2934/61865 [00:02<00:42, 1373.16it/s]  5% 3113/61865 [00:02<00:39, 1474.70it/s]  5% 3284/61865 [00:03<00:38, 1537.20it/s]  6% 3458/61865 [00:03<00:36, 1591.26it/s]  6% 3630/61865 [00:03<00:35, 1626.26it/s]  6% 3801/61865 [00:03<00:35, 1637.68it/s]  6% 3971/61865 [00:03<00:35, 1619.98it/s]  7% 4137/61865 [00:03<00:35, 1616.35it/s]  7% 4312/61865 [00:03<00:34, 1652.33it/s]  7% 4482/61865 [00:03<00:34, 1665.68it/s]  8% 4651/61865 [00:03<00:34, 1654.79it/s]  8% 4818/61865 [00:03<00:34, 1648.35it/s]  8% 4984/61865 [00:04<00:35, 1616.34it/s]  8% 5147/61865 [00:04<00:35, 1616.32it/s]  9% 5310/61865 [00:04<00:35, 1577.83it/s]  9% 5471/61865 [00:04<00:35, 1585.76it/s]  9% 5632/61865 [00:04<00:35, 1591.04it/s]  9% 5794/61865 [00:04<00:35, 1598.16it/s] 10% 5955/61865 [00:04<00:35, 1581.21it/s] 10% 6114/61865 [00:04<00:35, 1575.19it/s] 10% 6277/61865 [00:04<00:34, 1590.56it/s] 10% 6438/61865 [00:04<00:34, 1594.71it/s] 11% 6603/61865 [00:05<00:34, 1607.94it/s] 11% 6765/61865 [00:05<00:34, 1610.16it/s] 11% 6930/61865 [00:05<00:33, 1619.96it/s] 11% 7099/61865 [00:05<00:33, 1638.43it/s] 12% 7266/61865 [00:05<00:33, 1647.17it/s] 12% 7431/61865 [00:05<00:33, 1608.90it/s] 12% 7593/61865 [00:05<00:34, 1595.09it/s] 13% 7755/61865 [00:05<00:33, 1600.49it/s] 13% 7928/61865 [00:05<00:32, 1636.71it/s] 13% 8094/61865 [00:05<00:32, 1642.40it/s] 13% 8259/61865 [00:06<00:33, 1599.25it/s] 14% 8420/61865 [00:06<00:33, 1586.64it/s] 14% 8591/61865 [00:06<00:32, 1620.29it/s] 14% 8757/61865 [00:06<00:32, 1631.90it/s] 14% 8921/61865 [00:06<00:32, 1629.15it/s] 15% 9085/61865 [00:06<00:32, 1631.70it/s] 15% 9251/61865 [00:06<00:32, 1639.26it/s] 15% 9417/61865 [00:06<00:31, 1644.43it/s] 15% 9582/61865 [00:06<00:32, 1632.62it/s] 16% 9746/61865 [00:07<00:31, 1631.38it/s] 16% 9914/61865 [00:07<00:31, 1643.46it/s] 16% 10079/61865 [00:07<00:31, 1644.27it/s] 17% 10244/61865 [00:07<00:31, 1626.58it/s] 17% 10408/61865 [00:07<00:31, 1628.11it/s] 17% 10572/61865 [00:07<00:31, 1629.26it/s] 17% 10735/61865 [00:07<00:31, 1628.01it/s] 18% 10898/61865 [00:07<00:31, 1624.35it/s] 18% 11061/61865 [00:07<00:31, 1624.01it/s] 18% 11227/61865 [00:07<00:30, 1634.55it/s] 18% 11394/61865 [00:08<00:30, 1643.80it/s] 19% 11559/61865 [00:08<00:30, 1636.60it/s] 19% 11723/61865 [00:08<00:30, 1628.66it/s] 19% 11889/61865 [00:08<00:30, 1636.53it/s] 19% 12053/61865 [00:08<00:30, 1623.46it/s] 20% 12216/61865 [00:08<00:31, 1600.07it/s] 20% 12377/61865 [00:08<00:30, 1599.55it/s] 20% 12542/61865 [00:08<00:30, 1613.41it/s] 21% 12704/61865 [00:08<00:30, 1606.85it/s] 21% 12868/61865 [00:08<00:30, 1616.46it/s] 21% 13030/61865 [00:09<00:30, 1607.28it/s] 21% 13197/61865 [00:09<00:29, 1624.14it/s] 22% 13368/61865 [00:09<00:29, 1646.62it/s] 22% 13534/61865 [00:09<00:29, 1649.08it/s] 22% 13700/61865 [00:09<00:29, 1646.13it/s] 22% 13865/61865 [00:09<00:29, 1643.97it/s] 23% 14030/61865 [00:09<00:29, 1639.63it/s] 23% 14194/61865 [00:09<00:29, 1634.28it/s] 23% 14358/61865 [00:09<00:29, 1626.14it/s] 23% 14521/61865 [00:09<00:29, 1617.04it/s] 24% 14683/61865 [00:10<00:29, 1611.85it/s] 24% 14847/61865 [00:10<00:29, 1617.93it/s] 24% 15013/61865 [00:10<00:28, 1629.16it/s] 25% 15176/61865 [00:10<00:28, 1623.37it/s] 25% 15343/61865 [00:10<00:28, 1636.49it/s] 25% 15508/61865 [00:10<00:28, 1638.27it/s] 25% 15672/61865 [00:10<00:28, 1628.51it/s] 26% 15835/61865 [00:10<00:28, 1622.08it/s] 26% 16000/61865 [00:10<00:28, 1628.52it/s] 26% 16164/61865 [00:10<00:28, 1631.48it/s] 26% 16332/61865 [00:11<00:27, 1644.51it/s] 27% 16497/61865 [00:11<00:27, 1635.25it/s] 27% 16666/61865 [00:11<00:27, 1648.96it/s] 27% 16838/61865 [00:11<00:27, 1667.06it/s] 27% 17008/61865 [00:11<00:26, 1674.94it/s] 28% 17176/61865 [00:11<00:26, 1668.20it/s] 28% 17343/61865 [00:11<00:26, 1652.55it/s] 28% 17511/61865 [00:11<00:26, 1660.48it/s] 29% 17678/61865 [00:11<00:26, 1663.32it/s] 29% 17846/61865 [00:11<00:26, 1667.76it/s] 29% 18013/61865 [00:12<00:26, 1657.97it/s] 29% 18180/61865 [00:12<00:26, 1660.94it/s] 30% 18347/61865 [00:12<00:26, 1662.92it/s] 30% 18514/61865 [00:12<00:26, 1664.02it/s] 30% 18681/61865 [00:12<00:26, 1644.34it/s] 30% 18847/61865 [00:12<00:26, 1646.77it/s] 31% 19012/61865 [00:12<00:26, 1641.35it/s] 31% 19178/61865 [00:12<00:25, 1644.98it/s] 31% 19343/61865 [00:12<00:26, 1634.41it/s] 32% 19510/61865 [00:12<00:25, 1643.49it/s] 32% 19679/61865 [00:13<00:25, 1656.64it/s] 32% 19845/61865 [00:13<00:25, 1643.43it/s] 32% 20010/61865 [00:13<00:25, 1631.98it/s] 33% 20174/61865 [00:13<00:25, 1631.90it/s] 33% 20338/61865 [00:13<00:25, 1631.88it/s] 33% 20502/61865 [00:13<00:25, 1632.72it/s] 33% 20666/61865 [00:13<00:25, 1632.88it/s] 34% 20832/61865 [00:13<00:25, 1639.65it/s] 34% 20996/61865 [00:13<00:24, 1638.36it/s] 34% 21160/61865 [00:13<00:24, 1637.08it/s] 34% 21324/61865 [00:14<00:24, 1635.87it/s] 35% 21488/61865 [00:14<00:24, 1621.49it/s] 35% 21654/61865 [00:14<00:24, 1630.84it/s] 35% 21820/61865 [00:14<00:24, 1638.97it/s] 36% 21989/61865 [00:14<00:24, 1650.92it/s] 36% 22155/61865 [00:14<00:24, 1643.71it/s] 36% 22321/61865 [00:14<00:23, 1647.68it/s] 36% 22489/61865 [00:14<00:23, 1656.62it/s] 37% 22656/61865 [00:14<00:23, 1658.04it/s] 37% 22822/61865 [00:14<00:23, 1650.05it/s] 37% 22989/61865 [00:15<00:23, 1653.21it/s] 37% 23157/61865 [00:15<00:23, 1659.21it/s] 38% 23325/61865 [00:15<00:23, 1663.68it/s] 38% 23492/61865 [00:15<00:23, 1646.35it/s] 38% 23659/61865 [00:15<00:23, 1651.90it/s] 39% 23825/61865 [00:15<00:23, 1653.33it/s] 39% 23994/61865 [00:15<00:22, 1663.46it/s] 39% 24161/61865 [00:15<00:22, 1656.00it/s] 39% 24328/61865 [00:15<00:22, 1657.85it/s] 40% 24494/61865 [00:15<00:22, 1658.13it/s] 40% 24660/61865 [00:16<00:22, 1658.46it/s] 40% 24826/61865 [00:16<00:22, 1649.65it/s] 40% 24991/61865 [00:16<00:22, 1644.66it/s] 41% 25157/61865 [00:16<00:22, 1647.33it/s] 41% 25325/61865 [00:16<00:22, 1655.29it/s] 41% 25491/61865 [00:16<00:21, 1653.72it/s] 41% 25657/61865 [00:16<00:22, 1634.36it/s] 42% 25823/61865 [00:16<00:21, 1641.90it/s] 42% 25989/61865 [00:16<00:21, 1646.55it/s] 42% 26155/61865 [00:17<00:21, 1647.31it/s] 43% 26320/61865 [00:17<00:21, 1643.27it/s] 43% 26485/61865 [00:17<00:21, 1639.99it/s] 43% 26653/61865 [00:17<00:21, 1649.78it/s] 43% 26822/61865 [00:17<00:21, 1658.15it/s] 44% 26988/61865 [00:17<00:21, 1647.10it/s] 44% 27155/61865 [00:17<00:21, 1652.66it/s] 44% 27321/61865 [00:17<00:21, 1640.68it/s] 44% 27489/61865 [00:17<00:20, 1649.87it/s] 45% 27655/61865 [00:17<00:20, 1651.10it/s] 45% 27821/61865 [00:18<00:20, 1649.66it/s] 45% 27988/61865 [00:18<00:20, 1654.78it/s] 46% 28154/61865 [00:18<00:20, 1644.23it/s] 46% 28319/61865 [00:18<00:20, 1634.77it/s] 46% 28483/61865 [00:18<00:20, 1634.75it/s] 46% 28648/61865 [00:18<00:20, 1637.89it/s] 47% 28812/61865 [00:18<00:20, 1634.90it/s] 47% 28976/61865 [00:18<00:20, 1627.65it/s] 47% 29139/61865 [00:18<00:20, 1628.30it/s] 47% 29306/61865 [00:18<00:19, 1638.09it/s] 48% 29472/61865 [00:19<00:19, 1643.42it/s] 48% 29641/61865 [00:19<00:19, 1655.75it/s] 48% 29807/61865 [00:19<00:19, 1623.17it/s] 48% 29970/61865 [00:19<00:19, 1623.14it/s] 49% 30133/61865 [00:19<00:19, 1605.19it/s] 49% 30296/61865 [00:19<00:19, 1611.72it/s] 49% 30459/61865 [00:19<00:19, 1616.62it/s] 50% 30626/61865 [00:19<00:19, 1629.65it/s] 50% 30793/61865 [00:19<00:18, 1638.00it/s] 50% 30961/61865 [00:19<00:18, 1647.94it/s] 50% 31126/61865 [00:20<00:18, 1618.52it/s] 51% 31290/61865 [00:20<00:18, 1624.54it/s] 51% 31457/61865 [00:20<00:18, 1637.70it/s] 51% 31625/61865 [00:20<00:18, 1648.92it/s] 51% 31792/61865 [00:20<00:18, 1653.83it/s] 52% 31958/61865 [00:20<00:18, 1646.76it/s] 52% 32125/61865 [00:20<00:18, 1650.63it/s] 52% 32291/61865 [00:20<00:17, 1643.42it/s] 52% 32456/61865 [00:20<00:17, 1643.82it/s] 53% 32621/61865 [00:20<00:17, 1635.34it/s] 53% 32786/61865 [00:21<00:17, 1636.79it/s] 53% 32954/61865 [00:21<00:17, 1647.87it/s] 54% 33120/61865 [00:21<00:17, 1651.31it/s] 54% 33286/61865 [00:21<00:17, 1642.99it/s] 54% 33453/61865 [00:21<00:17, 1647.95it/s] 54% 33620/61865 [00:21<00:17, 1654.28it/s] 55% 33786/61865 [00:21<00:17, 1651.07it/s] 55% 33952/61865 [00:21<00:16, 1643.64it/s] 55% 34120/61865 [00:21<00:16, 1653.66it/s] 55% 34289/61865 [00:21<00:16, 1662.01it/s] 56% 34456/61865 [00:22<00:16, 1654.85it/s] 56% 34622/61865 [00:22<00:16, 1649.26it/s] 56% 34787/61865 [00:22<00:16, 1636.62it/s] 56% 34951/61865 [00:22<00:16, 1628.83it/s] 57% 35114/61865 [00:22<00:16, 1626.99it/s] 57% 35277/61865 [00:22<00:16, 1625.19it/s] 57% 35440/61865 [00:22<00:16, 1615.95it/s] 58% 35603/61865 [00:22<00:16, 1618.27it/s] 58% 35767/61865 [00:22<00:16, 1623.29it/s] 58% 35934/61865 [00:22<00:15, 1636.41it/s] 58% 36098/61865 [00:23<00:15, 1624.98it/s] 59% 36261/61865 [00:23<00:15, 1625.11it/s] 59% 36429/61865 [00:23<00:15, 1638.18it/s] 59% 36595/61865 [00:23<00:15, 1643.91it/s] 59% 36760/61865 [00:23<00:15, 1641.64it/s] 60% 36925/61865 [00:23<00:15, 1621.51it/s] 60% 37092/61865 [00:23<00:15, 1635.39it/s] 60% 37256/61865 [00:23<00:15, 1632.46it/s] 60% 37423/61865 [00:23<00:14, 1641.31it/s] 61% 37589/61865 [00:23<00:14, 1643.36it/s] 61% 37758/61865 [00:24<00:14, 1656.78it/s] 61% 37924/61865 [00:24<00:14, 1656.66it/s] 62% 38090/61865 [00:24<00:14, 1653.46it/s] 62% 38256/61865 [00:24<00:14, 1653.75it/s] 62% 38423/61865 [00:24<00:14, 1656.21it/s] 62% 38589/61865 [00:24<00:14, 1654.59it/s] 63% 38755/61865 [00:24<00:14, 1639.78it/s] 63% 38920/61865 [00:24<00:14, 1631.83it/s] 63% 39086/61865 [00:24<00:13, 1637.96it/s] 63% 39256/61865 [00:24<00:13, 1654.89it/s] 64% 39422/61865 [00:25<00:13, 1651.54it/s] 64% 39588/61865 [00:25<00:13, 1648.44it/s] 64% 39754/61865 [00:25<00:13, 1651.44it/s] 65% 39921/61865 [00:25<00:13, 1654.90it/s] 65% 40087/61865 [00:25<00:13, 1650.78it/s] 65% 40253/61865 [00:25<00:13, 1640.75it/s] 65% 40418/61865 [00:25<00:13, 1641.79it/s] 66% 40583/61865 [00:25<00:12, 1638.06it/s] 66% 40749/61865 [00:25<00:12, 1643.53it/s] 66% 40914/61865 [00:26<00:12, 1631.18it/s] 66% 41080/61865 [00:26<00:12, 1639.12it/s] 67% 41247/61865 [00:26<00:12, 1647.53it/s] 67% 41415/61865 [00:26<00:12, 1655.50it/s] 67% 41581/61865 [00:26<00:12, 1640.09it/s] 67% 41747/61865 [00:26<00:12, 1643.58it/s] 68% 41915/61865 [00:26<00:12, 1651.74it/s] 68% 42081/61865 [00:26<00:11, 1652.95it/s] 68% 42247/61865 [00:26<00:11, 1645.89it/s] 69% 42412/61865 [00:26<00:11, 1634.52it/s] 69% 42576/61865 [00:27<00:11, 1616.30it/s] 69% 42742/61865 [00:27<00:11, 1627.88it/s] 69% 42910/61865 [00:27<00:11, 1640.89it/s] 70% 43075/61865 [00:27<00:11, 1642.43it/s] 70% 43241/61865 [00:27<00:11, 1645.28it/s] 70% 43408/61865 [00:27<00:11, 1651.40it/s] 70% 43575/61865 [00:27<00:11, 1656.16it/s] 71% 43741/61865 [00:27<00:11, 1643.49it/s] 71% 43908/61865 [00:27<00:10, 1650.46it/s] 71% 44074/61865 [00:27<00:10, 1649.97it/s] 72% 44242/61865 [00:28<00:10, 1657.32it/s] 72% 44408/61865 [00:28<00:10, 1644.85it/s] 72% 44577/61865 [00:28<00:10, 1657.13it/s] 72% 44746/61865 [00:28<00:10, 1664.60it/s] 73% 44913/61865 [00:28<00:10, 1659.31it/s] 73% 45079/61865 [00:28<00:10, 1647.81it/s] 73% 45248/61865 [00:28<00:10, 1657.80it/s] 73% 45414/61865 [00:28<00:09, 1655.10it/s] 74% 45580/61865 [00:28<00:09, 1656.07it/s] 74% 45746/61865 [00:28<00:09, 1643.37it/s] 74% 45911/61865 [00:29<00:09, 1633.26it/s] 74% 46075/61865 [00:29<00:09, 1632.90it/s] 75% 46239/61865 [00:29<00:09, 1631.26it/s] 75% 46403/61865 [00:29<00:09, 1633.82it/s] 75% 46567/61865 [00:29<00:09, 1617.48it/s] 76% 46734/61865 [00:29<00:09, 1631.69it/s] 76% 46902/61865 [00:29<00:09, 1644.56it/s] 76% 47068/61865 [00:29<00:08, 1648.73it/s] 76% 47233/61865 [00:29<00:08, 1633.76it/s] 77% 47400/61865 [00:29<00:08, 1641.53it/s] 77% 47569/61865 [00:30<00:08, 1653.71it/s] 77% 47735/61865 [00:30<00:08, 1640.66it/s] 77% 47900/61865 [00:30<00:08, 1630.32it/s] 78% 48067/61865 [00:30<00:08, 1640.31it/s] 78% 48232/61865 [00:31<00:39, 341.68it/s]  78% 48392/61865 [00:31<00:30, 447.18it/s] 78% 48554/61865 [00:31<00:23, 570.99it/s] 79% 48714/61865 [00:32<00:18, 707.38it/s] 79% 48880/61865 [00:32<00:15, 854.15it/s] 79% 49041/61865 [00:32<00:12, 993.48it/s] 80% 49205/61865 [00:32<00:11, 1126.50it/s] 80% 49363/61865 [00:32<00:10, 1231.27it/s] 80% 49527/61865 [00:32<00:09, 1329.18it/s] 80% 49690/61865 [00:32<00:08, 1405.78it/s] 81% 49851/61865 [00:32<00:08, 1456.36it/s] 81% 50011/61865 [00:32<00:07, 1489.69it/s] 81% 50172/61865 [00:32<00:07, 1522.61it/s] 81% 50335/61865 [00:33<00:07, 1553.23it/s] 82% 50496/61865 [00:33<00:07, 1567.90it/s] 82% 50657/61865 [00:33<00:07, 1571.19it/s] 82% 50819/61865 [00:33<00:06, 1582.99it/s] 82% 50980/61865 [00:33<00:06, 1585.55it/s] 83% 51140/61865 [00:33<00:06, 1581.16it/s] 83% 51300/61865 [00:33<00:06, 1583.91it/s] 83% 51460/61865 [00:33<00:06, 1588.66it/s] 83% 51620/61865 [00:33<00:06, 1584.38it/s] 84% 51779/61865 [00:33<00:06, 1572.10it/s] 84% 51941/61865 [00:34<00:06, 1583.97it/s] 84% 52100/61865 [00:34<00:06, 1583.45it/s] 84% 52264/61865 [00:34<00:06, 1599.82it/s] 85% 52425/61865 [00:34<00:06, 1537.81it/s] 85% 52583/61865 [00:34<00:05, 1549.79it/s] 85% 52739/61865 [00:34<00:05, 1541.48it/s] 86% 52897/61865 [00:34<00:05, 1551.65it/s] 86% 53058/61865 [00:34<00:05, 1568.21it/s] 86% 53216/61865 [00:34<00:05, 1560.44it/s] 86% 53382/61865 [00:34<00:05, 1586.68it/s] 87% 53544/61865 [00:35<00:05, 1595.99it/s] 87% 53708/61865 [00:35<00:05, 1607.04it/s] 87% 53872/61865 [00:35<00:04, 1615.71it/s] 87% 54034/61865 [00:35<00:04, 1606.33it/s] 88% 54195/61865 [00:35<00:04, 1601.22it/s] 88% 54357/61865 [00:35<00:04, 1604.91it/s] 88% 54521/61865 [00:35<00:04, 1614.51it/s] 88% 54687/61865 [00:35<00:04, 1627.73it/s] 89% 54850/61865 [00:35<00:04, 1616.36it/s] 89% 55012/61865 [00:35<00:04, 1612.18it/s] 89% 55174/61865 [00:36<00:04, 1599.31it/s] 89% 55337/61865 [00:36<00:04, 1607.20it/s] 90% 55498/61865 [00:36<00:04, 1544.31it/s] 90% 55657/61865 [00:36<00:03, 1556.53it/s] 90% 55818/61865 [00:36<00:03, 1569.43it/s] 90% 55981/61865 [00:36<00:03, 1586.00it/s] 91% 56147/61865 [00:36<00:03, 1606.68it/s] 91% 56308/61865 [00:36<00:03, 1603.23it/s] 91% 56478/61865 [00:36<00:03, 1629.11it/s] 92% 56642/61865 [00:37<00:03, 1597.57it/s] 92% 56803/61865 [00:37<00:03, 1574.55it/s] 92% 56961/61865 [00:37<00:03, 1537.28it/s] 92% 57116/61865 [00:37<00:03, 1516.46it/s] 93% 57268/61865 [00:37<00:03, 1500.98it/s] 93% 57419/61865 [00:37<00:03, 1450.66it/s] 93% 57565/61865 [00:37<00:03, 1418.81it/s] 93% 57708/61865 [00:37<00:02, 1387.04it/s] 94% 57848/61865 [00:37<00:02, 1377.89it/s] 94% 57987/61865 [00:37<00:02, 1361.62it/s] 94% 58124/61865 [00:38<00:02, 1357.37it/s] 94% 58260/61865 [00:38<00:02, 1353.40it/s] 94% 58396/61865 [00:38<00:02, 1346.28it/s] 95% 58541/61865 [00:38<00:02, 1373.50it/s] 95% 58695/61865 [00:38<00:02, 1418.25it/s] 95% 58857/61865 [00:38<00:02, 1473.09it/s] 95% 59022/61865 [00:38<00:01, 1521.47it/s] 96% 59183/61865 [00:38<00:01, 1544.60it/s] 96% 59343/61865 [00:38<00:01, 1559.65it/s] 96% 59503/61865 [00:38<00:01, 1570.46it/s] 96% 59663/61865 [00:39<00:01, 1576.90it/s] 97% 59822/61865 [00:39<00:01, 1568.07it/s] 97% 59980/61865 [00:39<00:01, 1533.12it/s] 97% 60135/61865 [00:39<00:01, 1536.78it/s] 97% 60297/61865 [00:39<00:01, 1560.03it/s] 98% 60454/61865 [00:39<00:00, 1554.35it/s] 98% 60621/61865 [00:39<00:00, 1586.53it/s] 98% 60791/61865 [00:39<00:00, 1617.30it/s] 99% 60961/61865 [00:39<00:00, 1640.94it/s] 99% 61127/61865 [00:39<00:00, 1645.27it/s] 99% 61297/61865 [00:40<00:00, 1660.90it/s] 99% 61467/61865 [00:40<00:00, 1670.48it/s]100% 61637/61865 [00:40<00:00, 1677.52it/s]100% 61805/61865 [00:40<00:00, 1672.55it/s]100% 61865/61865 [00:40<00:00, 1530.29it/s]
  0% 0/61865 [00:00<?, ?it/s] 22% 13476/61865 [00:00<00:00, 134755.95it/s] 63% 39003/61865 [00:00<00:00, 156990.30it/s]100% 61865/61865 [00:00<00:00, 215823.24it/s]
Number of tasks = 645
Splitting data with seed 0
  0% 0/61865 [00:00<?, ?it/s]  1% 612/61865 [00:00<00:10, 6112.68it/s]  2% 1197/61865 [00:00<00:10, 6029.98it/s]  3% 1747/61865 [00:00<00:10, 5855.26it/s]  4% 2272/61865 [00:00<00:10, 5656.94it/s]  5% 2785/61865 [00:00<00:10, 5484.48it/s]  5% 3399/61865 [00:00<00:10, 5665.80it/s]  6% 3917/61865 [00:00<00:10, 5509.61it/s]  7% 4421/61865 [00:00<00:10, 5311.19it/s]  8% 4943/61865 [00:00<00:10, 5282.08it/s]  9% 5450/61865 [00:01<00:11, 5078.70it/s] 10% 5945/61865 [00:01<00:11, 4967.93it/s] 10% 6433/61865 [00:01<00:11, 4868.04it/s] 11% 6927/61865 [00:01<00:11, 4887.22it/s] 12% 7420/61865 [00:01<00:11, 4891.13it/s] 13% 7907/61865 [00:01<00:11, 4867.90it/s] 14% 8392/61865 [00:01<00:11, 4634.78it/s] 14% 8862/61865 [00:01<00:11, 4653.16it/s] 15% 9367/61865 [00:01<00:11, 4764.68it/s] 16% 9860/61865 [00:01<00:10, 4812.77it/s] 17% 10353/61865 [00:02<00:10, 4847.24it/s] 18% 10839/61865 [00:02<00:10, 4843.18it/s] 18% 11340/61865 [00:02<00:10, 4890.82it/s] 19% 11830/61865 [00:02<00:10, 4849.42it/s] 20% 12345/61865 [00:02<00:10, 4934.72it/s] 21% 12851/61865 [00:02<00:09, 4967.30it/s] 22% 13368/61865 [00:02<00:09, 5024.10it/s] 22% 13885/61865 [00:02<00:09, 5066.70it/s] 23% 14393/61865 [00:02<00:09, 4971.51it/s] 24% 14891/61865 [00:02<00:09, 4911.99it/s] 25% 15392/61865 [00:03<00:09, 4940.65it/s] 26% 15887/61865 [00:03<00:09, 4923.67it/s] 26% 16385/61865 [00:03<00:09, 4939.50it/s] 27% 16901/61865 [00:03<00:08, 5000.84it/s] 28% 17412/61865 [00:03<00:08, 5031.44it/s] 29% 17929/61865 [00:03<00:08, 5069.69it/s] 30% 18437/61865 [00:03<00:08, 5071.48it/s] 31% 18945/61865 [00:03<00:08, 5043.57it/s] 31% 19450/61865 [00:03<00:08, 5003.91it/s] 32% 19955/61865 [00:03<00:08, 5014.40it/s] 33% 20457/61865 [00:04<00:08, 4918.83it/s] 34% 20956/61865 [00:04<00:08, 4937.10it/s] 35% 21451/61865 [00:04<00:08, 4893.52it/s] 35% 21955/61865 [00:04<00:08, 4933.65it/s] 36% 22462/61865 [00:04<00:07, 4971.42it/s] 37% 22969/61865 [00:04<00:07, 5000.01it/s] 38% 23476/61865 [00:04<00:07, 5017.92it/s] 39% 23985/61865 [00:04<00:07, 5037.44it/s] 40% 24491/61865 [00:04<00:07, 5042.65it/s] 40% 24996/61865 [00:04<00:07, 5026.43it/s] 41% 25499/61865 [00:05<00:07, 5007.09it/s] 42% 26000/61865 [00:05<00:07, 4974.57it/s] 43% 26498/61865 [00:05<00:07, 4959.44it/s] 44% 27004/61865 [00:05<00:06, 4988.07it/s] 44% 27507/61865 [00:05<00:06, 4998.80it/s] 45% 28013/61865 [00:05<00:06, 5014.96it/s] 46% 28515/61865 [00:05<00:06, 4948.60it/s] 47% 29011/61865 [00:05<00:06, 4899.20it/s] 48% 29518/61865 [00:05<00:06, 4948.05it/s] 49% 30025/61865 [00:05<00:06, 4983.22it/s] 49% 30524/61865 [00:06<00:06, 4984.90it/s] 50% 31037/61865 [00:06<00:06, 5023.83it/s] 51% 31540/61865 [00:06<00:06, 5012.77it/s] 52% 32049/61865 [00:06<00:05, 5035.31it/s] 53% 32553/61865 [00:06<00:05, 4961.99it/s] 53% 33050/61865 [00:06<00:05, 4959.51it/s] 54% 33554/61865 [00:06<00:05, 4982.39it/s] 55% 34059/61865 [00:06<00:05, 5001.16it/s] 56% 34564/61865 [00:06<00:05, 5015.63it/s] 57% 35066/61865 [00:07<00:05, 4928.86it/s] 57% 35560/61865 [00:07<00:05, 4869.48it/s] 58% 36048/61865 [00:07<00:05, 4870.01it/s] 59% 36537/61865 [00:07<00:05, 4874.32it/s] 60% 37050/61865 [00:07<00:05, 4945.82it/s] 61% 37563/61865 [00:07<00:04, 4999.22it/s] 62% 38071/61865 [00:07<00:04, 5020.29it/s] 62% 38577/61865 [00:07<00:04, 5029.11it/s] 63% 39081/61865 [00:07<00:04, 4983.74it/s] 64% 39595/61865 [00:07<00:04, 5029.51it/s] 65% 40099/61865 [00:08<00:04, 5006.13it/s] 66% 40600/61865 [00:08<00:04, 4956.00it/s] 66% 41097/61865 [00:08<00:04, 4959.18it/s] 67% 41594/61865 [00:08<00:04, 4961.00it/s] 68% 42095/61865 [00:08<00:03, 4970.39it/s] 69% 42593/61865 [00:08<00:03, 4891.71it/s] 70% 43100/61865 [00:08<00:03, 4941.54it/s] 70% 43595/61865 [00:08<00:03, 4869.38it/s] 71% 44089/61865 [00:08<00:03, 4890.02it/s] 72% 44597/61865 [00:08<00:03, 4942.44it/s] 73% 45092/61865 [00:09<00:03, 4874.98it/s] 74% 45592/61865 [00:09<00:03, 4910.30it/s] 74% 46084/61865 [00:09<00:03, 4850.74it/s] 75% 46570/61865 [00:09<00:03, 4850.28it/s] 76% 47074/61865 [00:09<00:03, 4904.58it/s] 77% 47574/61865 [00:09<00:02, 4931.90it/s] 78% 48068/61865 [00:09<00:02, 4882.07it/s] 78% 48557/61865 [00:09<00:02, 4793.41it/s] 79% 49037/61865 [00:09<00:02, 4735.66it/s] 80% 49512/61865 [00:09<00:02, 4700.89it/s] 81% 49983/61865 [00:10<00:02, 4620.90it/s] 82% 50446/61865 [00:10<00:02, 4579.16it/s] 82% 50905/61865 [00:10<00:02, 4559.07it/s] 83% 51362/61865 [00:10<00:02, 4493.01it/s] 84% 51812/61865 [00:10<00:02, 4444.54it/s] 84% 52271/61865 [00:10<00:02, 4484.49it/s] 85% 52720/61865 [00:10<00:02, 4423.24it/s] 86% 53163/61865 [00:10<00:02, 4161.23it/s] 87% 53649/61865 [00:10<00:01, 4346.31it/s] 87% 54104/61865 [00:10<00:01, 4403.98it/s] 88% 54567/61865 [00:11<00:01, 4467.74it/s] 89% 55043/61865 [00:11<00:01, 4549.40it/s] 90% 55501/61865 [00:11<00:01, 4365.14it/s] 90% 55958/61865 [00:11<00:01, 4423.08it/s] 91% 56448/61865 [00:11<00:01, 4555.71it/s] 92% 56907/61865 [00:11<00:01, 4336.51it/s] 93% 57345/61865 [00:11<00:01, 3966.03it/s] 93% 57751/61865 [00:11<00:01, 3534.83it/s] 94% 58120/61865 [00:12<00:01, 3250.13it/s] 94% 58461/61865 [00:12<00:01, 3127.90it/s] 95% 58876/61865 [00:12<00:00, 3376.84it/s] 96% 59402/61865 [00:12<00:00, 3781.87it/s] 97% 59867/61865 [00:12<00:00, 4003.38it/s] 97% 60289/61865 [00:12<00:00, 4025.90it/s] 98% 60809/61865 [00:12<00:00, 4317.49it/s] 99% 61346/61865 [00:12<00:00, 4585.62it/s]100% 61865/61865 [00:12<00:00, 4809.02it/s]
Total scaffolds = 30,615 | train scaffolds = 24,639 | val scaffolds = 3,133 | test scaffolds = 2,843
/home/apappu/thesis/molecule-metalearning/chemprop/chemprop/data/scaffold.py:152: RuntimeWarning: Mean of empty slice
  target_avgs.append(np.nanmean(targets, axis=0))
Label averages per scaffold, in decreasing order of scaffold frequency,capped at 10 scaffolds and 20 labels: [(array([nan, nan, nan, nan, nan, nan, nan, nan, nan, nan, nan, nan, nan,
       nan, nan, nan, nan, nan, nan, nan]), array([0, 0, 0, 0, 0, 0, 0, 0, 0, 0, 0, 0, 0, 0, 0, 0, 0, 0, 0, 0])), (array([nan, nan, nan, nan, nan, nan, nan, nan, nan, nan, nan, nan, nan,
       nan, nan, 0.5, nan, nan, nan, nan]), array([0, 0, 0, 0, 0, 0, 0, 0, 0, 0, 0, 0, 0, 0, 0, 2, 0, 0, 0, 0])), (array([nan, nan, nan, nan, nan, nan, nan, nan, nan, nan, nan, nan, nan,
       nan, nan, nan, nan, nan, nan, nan]), array([0, 0, 0, 0, 0, 0, 0, 0, 0, 0, 0, 0, 0, 0, 0, 0, 0, 0, 0, 0])), (array([nan, nan, nan, nan, nan, nan, nan, nan, nan, nan, nan, nan, nan,
       nan, nan, nan, nan, nan, nan, nan]), array([0, 0, 0, 0, 0, 0, 0, 0, 0, 0, 0, 0, 0, 0, 0, 0, 0, 0, 0, 0])), (array([nan, nan, nan, nan, nan, nan, nan, nan, nan, nan, nan, nan, nan,
       nan, nan, nan, nan, nan, nan, nan]), array([0, 0, 0, 0, 0, 0, 0, 0, 0, 0, 0, 0, 0, 0, 0, 0, 0, 0, 0, 0])), (array([nan, nan, nan, nan, nan, nan, nan, nan, nan, nan, nan, nan, nan,
       nan, nan, nan, nan, nan, nan, nan]), array([0, 0, 0, 0, 0, 0, 0, 0, 0, 0, 0, 0, 0, 0, 0, 0, 0, 0, 0, 0])), (array([nan, nan, nan, nan, nan, nan, nan, nan, nan, nan, nan, nan, nan,
       nan, nan, nan, nan, nan, nan, nan]), array([0, 0, 0, 0, 0, 0, 0, 0, 0, 0, 0, 0, 0, 0, 0, 0, 0, 0, 0, 0])), (array([nan, nan, nan, nan, nan, nan, nan, nan, nan, nan, nan, nan, nan,
       nan, nan, nan, nan, nan, nan, nan]), array([0, 0, 0, 0, 0, 0, 0, 0, 0, 0, 0, 0, 0, 0, 0, 0, 0, 0, 0, 0])), (array([nan, nan, nan, nan, nan, nan, nan, nan, nan, nan, nan, nan, nan,
       nan, nan, nan, nan, nan, nan, nan]), array([0, 0, 0, 0, 0, 0, 0, 0, 0, 0, 0, 0, 0, 0, 0, 0, 0, 0, 0, 0])), (array([nan, nan, nan, nan, nan, nan, nan, nan, nan, nan, nan, nan, nan,
       nan, nan, nan, nan, nan, nan, nan]), array([0, 0, 0, 0, 0, 0, 0, 0, 0, 0, 0, 0, 0, 0, 0, 0, 0, 0, 0, 0]))]
Class sizes
CHEMBL1033994 0: 41.98%, 1: 58.02%
CHEMBL1119333 0: 9.59%, 1: 90.41%
CHEMBL1217000 0: 52.41%, 1: 47.59%
CHEMBL1243965 0: 17.11%, 1: 82.89%
CHEMBL1243966 0: 41.96%, 1: 58.04%
CHEMBL1243967 0: 10.17%, 1: 89.83%
CHEMBL1243968 0: 15.06%, 1: 84.94%
CHEMBL1243970 0: 6.91%, 1: 93.09%
CHEMBL1243972 0: 9.92%, 1: 90.08%
CHEMBL1243976 0: 28.99%, 1: 71.01%
CHEMBL1246087 0: 33.88%, 1: 66.12%
CHEMBL1246088 0: 48.37%, 1: 51.63%
CHEMBL1613762 0: 2.45%, 1: 97.55%
CHEMBL1613779 0: 58.47%, 1: 41.53%
CHEMBL1613785 0: 43.22%, 1: 56.78%
CHEMBL1613787 0: 69.08%, 1: 30.92%
CHEMBL1613807 0: 95.99%, 1: 4.01%
CHEMBL1613813 0: 44.20%, 1: 55.80%
CHEMBL1613814 0: 53.85%, 1: 46.15%
CHEMBL1613817 0: 84.86%, 1: 15.14%
CHEMBL1613853 0: 41.86%, 1: 58.14%
CHEMBL1613861 0: 14.47%, 1: 85.53%
CHEMBL1613864 0: 5.19%, 1: 94.81%
CHEMBL1613867 0: 97.13%, 1: 2.87%
CHEMBL1613870 0: 15.80%, 1: 84.20%
CHEMBL1613871 0: 6.15%, 1: 93.85%
CHEMBL1613874 0: 65.78%, 1: 34.22%
CHEMBL1613876 0: 54.35%, 1: 45.65%
CHEMBL1613884 0: 21.51%, 1: 78.49%
CHEMBL1613890 0: 34.85%, 1: 65.15%
CHEMBL1613897 0: 46.64%, 1: 53.36%
CHEMBL1613898 0: 75.45%, 1: 24.55%
CHEMBL1613904 0: 50.77%, 1: 49.23%
CHEMBL1613907 0: 5.34%, 1: 94.66%
CHEMBL1613926 0: 30.15%, 1: 69.85%
CHEMBL1613928 0: 45.90%, 1: 54.10%
CHEMBL1613929 0: 81.25%, 1: 18.75%
CHEMBL1613941 0: 32.58%, 1: 67.42%
CHEMBL1613942 0: 41.43%, 1: 58.57%
CHEMBL1613947 0: 46.01%, 1: 53.99%
CHEMBL1613949 0: 60.13%, 1: 39.87%
CHEMBL1613950 0: 43.05%, 1: 56.95%
CHEMBL1613955 0: 54.04%, 1: 45.96%
CHEMBL1613962 0: 24.26%, 1: 75.74%
CHEMBL1613967 0: 44.59%, 1: 55.41%
CHEMBL1613981 0: 58.85%, 1: 41.15%
CHEMBL1613991 0: 14.98%, 1: 85.02%
CHEMBL1613997 0: 7.73%, 1: 92.27%
CHEMBL1614001 0: 98.28%, 1: 1.72%
CHEMBL1614004 0: 14.66%, 1: 85.34%
CHEMBL1614016 0: 12.22%, 1: 87.78%
CHEMBL1614030 0: 19.96%, 1: 80.04%
CHEMBL1614034 0: 2.63%, 1: 97.37%
CHEMBL1614035 0: 77.14%, 1: 22.86%
CHEMBL1614049 0: 39.63%, 1: 60.37%
CHEMBL1614053 0: 42.48%, 1: 57.52%
CHEMBL1614063 0: 95.18%, 1: 4.82%
CHEMBL1614065 0: 9.71%, 1: 90.29%
CHEMBL1614066 0: 94.74%, 1: 5.26%
CHEMBL1614069 0: 56.82%, 1: 43.18%
CHEMBL1614072 0: 50.36%, 1: 49.64%
CHEMBL1614084 0: 13.26%, 1: 86.74%
CHEMBL1614091 0: 4.43%, 1: 95.57%
CHEMBL1614092 0: 47.50%, 1: 52.50%
CHEMBL1614097 0: 46.99%, 1: 53.01%
CHEMBL1614098 0: 97.25%, 1: 2.75%
CHEMBL1614104 0: 7.74%, 1: 92.26%
CHEMBL1614105 0: 6.12%, 1: 93.88%
CHEMBL1614109 0: 59.87%, 1: 40.13%
CHEMBL1614128 0: 10.35%, 1: 89.65%
CHEMBL1614131 0: 97.14%, 1: 2.86%
CHEMBL1614132 0: 42.07%, 1: 57.93%
CHEMBL1614138 0: 67.83%, 1: 32.17%
CHEMBL1614155 0: 25.40%, 1: 74.60%
CHEMBL1614158 0: 74.52%, 1: 25.48%
CHEMBL1614167 0: 16.17%, 1: 83.83%
CHEMBL1614170 0: 68.86%, 1: 31.14%
CHEMBL1614171 0: 93.77%, 1: 6.23%
CHEMBL1614175 0: 80.66%, 1: 19.34%
CHEMBL1614185 0: 26.17%, 1: 73.83%
CHEMBL1614197 0: 5.26%, 1: 94.74%
CHEMBL1614199 0: 49.66%, 1: 50.34%
CHEMBL1614202 0: 7.32%, 1: 92.68%
CHEMBL1614215 0: 52.76%, 1: 47.24%
CHEMBL1614216 0: 48.52%, 1: 51.48%
CHEMBL1614218 0: 22.36%, 1: 77.64%
CHEMBL1614225 0: 62.50%, 1: 37.50%
CHEMBL1614244 0: 38.85%, 1: 61.15%
CHEMBL1614247 0: 44.34%, 1: 55.66%
CHEMBL1614252 0: 60.11%, 1: 39.89%
CHEMBL1614255 0: 61.26%, 1: 38.74%
CHEMBL1614259 0: 32.82%, 1: 67.18%
CHEMBL1614272 0: 67.71%, 1: 32.29%
CHEMBL1614276 0: 51.74%, 1: 48.26%
CHEMBL1614287 0: 85.53%, 1: 14.47%
CHEMBL1614288 0: 72.51%, 1: 27.49%
CHEMBL1614290 0: 4.51%, 1: 95.49%
CHEMBL1614295 0: 2.29%, 1: 97.71%
CHEMBL1614301 0: 19.74%, 1: 80.26%
CHEMBL1614304 0: 63.76%, 1: 36.24%
CHEMBL1614309 0: 27.66%, 1: 72.34%
CHEMBL1614311 0: 53.76%, 1: 46.24%
CHEMBL1614314 0: 94.70%, 1: 5.30%
CHEMBL1614319 0: 72.16%, 1: 27.84%
CHEMBL1614320 0: 29.79%, 1: 70.21%
CHEMBL1614321 0: 60.16%, 1: 39.84%
CHEMBL1614328 0: 46.64%, 1: 53.36%
CHEMBL1614329 0: 40.69%, 1: 59.31%
CHEMBL1614336 0: 47.01%, 1: 52.99%
CHEMBL1614344 0: 67.72%, 1: 32.28%
CHEMBL1614356 0: 43.90%, 1: 56.10%
CHEMBL1614359 0: 50.26%, 1: 49.74%
CHEMBL1614363 0: 53.19%, 1: 46.81%
CHEMBL1614385 0: 93.27%, 1: 6.73%
CHEMBL1614388 0: 56.19%, 1: 43.81%
CHEMBL1614393 0: 45.00%, 1: 55.00%
CHEMBL1614395 0: 11.32%, 1: 88.68%
CHEMBL1614403 0: 88.15%, 1: 11.85%
CHEMBL1614423 0: 57.84%, 1: 42.16%
CHEMBL1614425 0: 38.24%, 1: 61.76%
CHEMBL1614433 0: 60.77%, 1: 39.23%
CHEMBL1614434 0: 80.25%, 1: 19.75%
CHEMBL1614456 0: 3.36%, 1: 96.64%
CHEMBL1614466 0: 10.32%, 1: 89.68%
CHEMBL1614469 0: 24.90%, 1: 75.10%
CHEMBL1614477 0: 43.75%, 1: 56.25%
CHEMBL1614478 0: 12.50%, 1: 87.50%
CHEMBL1614480 0: 85.71%, 1: 14.29%
CHEMBL1614484 0: 9.01%, 1: 90.99%
CHEMBL1614492 0: 40.54%, 1: 59.46%
CHEMBL1614499 0: 44.47%, 1: 55.53%
CHEMBL1614503 0: 40.30%, 1: 59.70%
CHEMBL1614504 0: 17.80%, 1: 82.20%
CHEMBL1614509 0: 79.43%, 1: 20.57%
CHEMBL1614512 0: 62.79%, 1: 37.21%
CHEMBL1614514 0: 83.07%, 1: 16.93%
CHEMBL1614515 0: 19.61%, 1: 80.39%
CHEMBL1614516 0: 96.81%, 1: 3.19%
CHEMBL1614522 0: 28.55%, 1: 71.45%
CHEMBL1614524 0: 12.98%, 1: 87.02%
CHEMBL1614528 0: 40.91%, 1: 59.09%
CHEMBL1614547 0: 72.51%, 1: 27.49%
CHEMBL1614548 0: 17.95%, 1: 82.05%
CHEMBL1614549 0: 84.25%, 1: 15.75%
CHEMBL1614550 0: 9.30%, 1: 90.70%
CHEMBL1614554 0: 71.64%, 1: 28.36%
CHEMBL1676103 0: 39.85%, 1: 60.15%
CHEMBL1737860 0: 3.60%, 1: 96.40%
CHEMBL1737863 0: 36.27%, 1: 63.73%
CHEMBL1737865 0: 61.01%, 1: 38.99%
CHEMBL1737868 0: 79.41%, 1: 20.59%
CHEMBL1737910 0: 45.71%, 1: 54.29%
CHEMBL1737912 0: 26.51%, 1: 73.49%
CHEMBL1737942 0: 44.52%, 1: 55.48%
CHEMBL1737951 0: 51.83%, 1: 48.17%
CHEMBL1737961 0: 93.34%, 1: 6.66%
CHEMBL1737966 0: 21.36%, 1: 78.64%
CHEMBL1737967 0: 89.17%, 1: 10.83%
CHEMBL1737977 0: 13.87%, 1: 86.13%
CHEMBL1737978 0: 18.18%, 1: 81.82%
CHEMBL1737979 0: 8.94%, 1: 91.06%
CHEMBL1738019 0: 24.85%, 1: 75.15%
CHEMBL1738021 0: 10.87%, 1: 89.13%
CHEMBL1738025 0: 33.80%, 1: 66.20%
CHEMBL1738040 0: 73.48%, 1: 26.52%
CHEMBL1738043 0: 46.43%, 1: 53.57%
CHEMBL1738079 0: 3.88%, 1: 96.12%
CHEMBL1738080 0: 76.43%, 1: 23.57%
CHEMBL1738091 0: 89.77%, 1: 10.23%
CHEMBL1738097 0: 72.41%, 1: 27.59%
CHEMBL1738131 0: 68.59%, 1: 31.41%
CHEMBL1738164 0: 79.79%, 1: 20.21%
CHEMBL1738171 0: 85.45%, 1: 14.55%
CHEMBL1738183 0: 59.62%, 1: 40.38%
CHEMBL1738197 0: 36.90%, 1: 63.10%
CHEMBL1738202 0: 3.47%, 1: 96.53%
CHEMBL1738242 0: 16.55%, 1: 83.45%
CHEMBL1738249 0: 86.53%, 1: 13.47%
CHEMBL1738253 0: 7.33%, 1: 92.67%
CHEMBL1738319 0: 59.17%, 1: 40.83%
CHEMBL1738325 0: 96.86%, 1: 3.14%
CHEMBL1738362 0: 21.43%, 1: 78.57%
CHEMBL1738369 0: 56.34%, 1: 43.66%
CHEMBL1738371 0: 81.97%, 1: 18.03%
CHEMBL1738391 0: 68.38%, 1: 31.62%
CHEMBL1738400 0: 77.86%, 1: 22.14%
CHEMBL1738402 0: 54.19%, 1: 45.81%
CHEMBL1738407 0: 85.58%, 1: 14.42%
CHEMBL1738408 0: 2.18%, 1: 97.82%
CHEMBL1738414 0: 5.11%, 1: 94.89%
CHEMBL1738418 0: 68.85%, 1: 31.15%
CHEMBL1738422 0: 4.29%, 1: 95.71%
CHEMBL1738424 0: 77.50%, 1: 22.50%
CHEMBL1738430 0: 25.54%, 1: 74.46%
CHEMBL1738438 0: 2.76%, 1: 97.24%
CHEMBL1738482 0: 7.69%, 1: 92.31%
CHEMBL1738485 0: 17.65%, 1: 82.35%
CHEMBL1738494 0: 97.26%, 1: 2.74%
CHEMBL1738495 0: 1.70%, 1: 98.30%
CHEMBL1738497 0: 64.50%, 1: 35.50%
CHEMBL1738502 0: 15.20%, 1: 84.80%
CHEMBL1738510 0: 54.41%, 1: 45.59%
CHEMBL1738512 0: 3.05%, 1: 96.95%
CHEMBL1738513 0: 28.64%, 1: 71.36%
CHEMBL1738552 0: 64.70%, 1: 35.30%
CHEMBL1738575 0: 65.65%, 1: 34.35%
CHEMBL1738578 0: 23.30%, 1: 76.70%
CHEMBL1738579 0: 22.79%, 1: 77.21%
CHEMBL1738593 0: 17.65%, 1: 82.35%
CHEMBL1738599 0: 16.07%, 1: 83.93%
CHEMBL1738602 0: 42.70%, 1: 57.30%
CHEMBL1738610 0: 42.07%, 1: 57.93%
CHEMBL1738611 0: 2.23%, 1: 97.77%
CHEMBL1738632 0: 86.32%, 1: 13.68%
CHEMBL1738633 0: 4.05%, 1: 95.95%
CHEMBL1738639 0: 64.47%, 1: 35.53%
CHEMBL1738642 0: 34.82%, 1: 65.18%
CHEMBL1738670 0: 9.18%, 1: 90.82%
CHEMBL1738673 0: 12.98%, 1: 87.02%
CHEMBL1738679 0: 63.95%, 1: 36.05%
CHEMBL1738682 0: 62.45%, 1: 37.55%
CHEMBL1794296 0: 44.02%, 1: 55.98%
CHEMBL1794303 0: 2.71%, 1: 97.29%
CHEMBL1794320 0: 96.68%, 1: 3.32%
CHEMBL1794327 0: 91.59%, 1: 8.41%
CHEMBL1794336 0: 53.07%, 1: 46.93%
CHEMBL1794350 0: 3.44%, 1: 96.56%
CHEMBL1794355 0: 5.26%, 1: 94.74%
CHEMBL1794356 0: 13.92%, 1: 86.08%
CHEMBL1794358 0: 94.14%, 1: 5.86%
CHEMBL1794365 0: 7.12%, 1: 92.88%
CHEMBL1794383 0: 6.90%, 1: 93.10%
CHEMBL1794387 0: 65.04%, 1: 34.96%
CHEMBL1794393 0: 67.55%, 1: 32.45%
CHEMBL1794396 0: 3.96%, 1: 96.04%
CHEMBL1794410 0: 23.98%, 1: 76.02%
CHEMBL1794413 0: 6.02%, 1: 93.98%
CHEMBL1794438 0: 40.17%, 1: 59.83%
CHEMBL1794445 0: 87.84%, 1: 12.16%
CHEMBL1794452 0: 94.30%, 1: 5.70%
CHEMBL1794457 0: 92.98%, 1: 7.02%
CHEMBL1794460 0: 28.63%, 1: 71.37%
CHEMBL1794467 0: 18.39%, 1: 81.61%
CHEMBL1794475 0: 56.02%, 1: 43.98%
CHEMBL1794484 0: 44.93%, 1: 55.07%
CHEMBL1794494 0: 5.33%, 1: 94.67%
CHEMBL1794497 0: 8.47%, 1: 91.53%
CHEMBL1794499 0: 73.90%, 1: 26.10%
CHEMBL1794508 0: 94.63%, 1: 5.37%
CHEMBL1794516 0: 3.21%, 1: 96.79%
CHEMBL1794522 0: 58.65%, 1: 41.35%
CHEMBL1794528 0: 79.86%, 1: 20.14%
CHEMBL1794531 0: 92.03%, 1: 7.97%
CHEMBL1794548 0: 88.74%, 1: 11.26%
CHEMBL1794566 0: 6.05%, 1: 93.95%
CHEMBL1794567 0: 9.61%, 1: 90.39%
CHEMBL1794570 0: 92.79%, 1: 7.21%
CHEMBL1794571 0: 53.55%, 1: 46.45%
CHEMBL1794573 0: 10.54%, 1: 89.46%
CHEMBL1794574 0: 1.09%, 1: 98.91%
CHEMBL1794578 0: 46.99%, 1: 53.01%
CHEMBL1794581 0: 19.65%, 1: 80.35%
CHEMBL1863510 0: 2.14%, 1: 97.86%
CHEMBL1863512 0: 2.79%, 1: 97.21%
CHEMBL1909084 0: 99.28%, 1: 0.72%
CHEMBL1909085 0: 92.10%, 1: 7.90%
CHEMBL1909086 0: 91.52%, 1: 8.48%
CHEMBL1909087 0: 91.86%, 1: 8.14%
CHEMBL1909088 0: 87.97%, 1: 12.03%
CHEMBL1909089 0: 88.69%, 1: 11.31%
CHEMBL1909090 0: 90.81%, 1: 9.19%
CHEMBL1909091 0: 97.24%, 1: 2.76%
CHEMBL1909092 0: 97.14%, 1: 2.86%
CHEMBL1909093 0: 98.42%, 1: 1.58%
CHEMBL1909094 0: 90.85%, 1: 9.15%
CHEMBL1909095 0: 98.56%, 1: 1.44%
CHEMBL1909097 0: 99.28%, 1: 0.72%
CHEMBL1909102 0: 92.94%, 1: 7.06%
CHEMBL1909103 0: 97.23%, 1: 2.77%
CHEMBL1909104 0: 87.06%, 1: 12.94%
CHEMBL1909105 0: 88.70%, 1: 11.30%
CHEMBL1909106 0: 98.57%, 1: 1.43%
