wandb: Tracking run with wandb version 0.9.3
wandb: Run data is saved locally in wandb/run-20200720_111055-3ahb88d3
wandb: Syncing run ffn_0.2_dropout_400_hidden_size
wandb: ⭐️ View project at https://app.wandb.ai/apappu97/molecule-metalearning-chemprop
wandb: 🚀 View run at https://app.wandb.ai/apappu97/molecule-metalearning-chemprop/runs/3ahb88d3
wandb: Run `wandb off` to turn off syncing.

Fold 0
Command line
python chemprop/train.py --data_path filtered_chembl/chembl_less_1024_more_128_645_tasks.csv --dataset_type classification --split_type scaffold_balanced --features_only --features_generator morgan --dropout 0.2 --ffn_hidden_size 400 --num_folds 2 --epochs 30 --results_save_dir results/initial_hyperparameter_tuning/ --experiment_name ffn_0.2_dropout_400_hidden_size
Args
{'ANIL': False,
 'FO_MAML': False,
 'activation': 'ReLU',
 'atom_messages': False,
 'batch_size': 50,
 'bias': False,
 'cache_cutoff': 10000,
 'checkpoint_dir': None,
 'checkpoint_path': None,
 'checkpoint_paths': None,
 'chembl_assay_metadata_pickle_path': None,
 'class_balance': False,
 'config_path': None,
 'crossval_index_dir': None,
 'crossval_index_file': None,
 'crossval_index_sets': None,
 'data_path': 'filtered_chembl/chembl_less_1024_more_128_645_tasks.csv',
 'dataset_type': 'classification',
 'depth': 3,
 'dropout': 0.2,
 'dummy': False,
 'ensemble_size': 1,
 'epochs': 30,
 'experiment_name': 'ffn_0.2_dropout_400_hidden_size',
 'features_generator': ['morgan'],
 'features_only': True,
 'features_path': None,
 'features_size': None,
 'ffn_hidden_size': 400,
 'ffn_num_layers': 2,
 'final_lr': 0.0001,
 'folds_file': None,
 'gpu': None,
 'hidden_size': 300,
 'init_lr': 0.0001,
 'inner_loop_lr': 0.05,
 'log_frequency': 10,
 'max_data_size': None,
 'max_lr': 0.001,
 'meta_batch_size': 3,
 'meta_learning': False,
 'meta_test_split_sizes': (0.8, 0.1, 0.1),
 'meta_train_split_sizes': (0.8, 0.2, 0),
 'metric': 'auc',
 'minimize_score': False,
 'multiclass_num_classes': 3,
 'no_cuda': False,
 'no_features_scaling': False,
 'num_folds': 2,
 'num_inner_gradient_steps': 2,
 'num_lrs': 1,
 'num_tasks': None,
 'num_workers': 8,
 'outer_loop_lr': 0.003,
 'pytorch_seed': 0,
 'quiet': False,
 'results_save_dir': 'results/initial_hyperparameter_tuning/',
 'save_dir': '/tmp/2273220.7.gpu.q/tmpr33xa_sw/fold_0',
 'save_smiles_splits': False,
 'seed': 0,
 'separate_test_features_path': None,
 'separate_test_path': None,
 'separate_val_features_path': None,
 'separate_val_path': None,
 'show_individual_scores': False,
 'smiles_column': None,
 'split_sizes': (0.8, 0.1, 0.1),
 'split_type': 'scaffold_balanced',
 'target_columns': None,
 'task_names': None,
 'test': False,
 'test_fold_index': None,
 'train_data_size': None,
 'undirected': False,
 'use_input_features': True,
 'val_fold_index': None,
 'warmup_epochs': 2.0}
Loading data
0it [00:00, ?it/s]621it [00:00, 6203.14it/s]1254it [00:00, 6240.01it/s]1888it [00:00, 6268.99it/s]2521it [00:00, 6285.13it/s]3144it [00:00, 6267.67it/s]3793it [00:00, 6308.62it/s]4351it [00:00, 5456.52it/s]4990it [00:00, 5705.93it/s]5635it [00:00, 5909.55it/s]6263it [00:01, 6014.88it/s]6934it [00:01, 6156.70it/s]7546it [00:01, 4286.45it/s]8189it [00:01, 4762.68it/s]8735it [00:01, 4434.61it/s]9381it [00:01, 4894.66it/s]10054it [00:01, 5330.07it/s]10701it [00:01, 5625.88it/s]11348it [00:02, 5853.71it/s]11997it [00:02, 6031.08it/s]12622it [00:02, 5396.34it/s]13272it [00:02, 5685.22it/s]13920it [00:02, 5902.28it/s]14596it [00:02, 6134.68it/s]15227it [00:02, 6184.82it/s]15875it [00:02, 6269.11it/s]16524it [00:02, 6333.48it/s]17163it [00:03, 2930.45it/s]17813it [00:03, 3508.17it/s]18465it [00:03, 4071.89it/s]19140it [00:03, 4585.92it/s]19820it [00:03, 5081.62it/s]20477it [00:03, 5451.68it/s]21132it [00:03, 5738.98it/s]21770it [00:04, 5263.66it/s]22406it [00:04, 5549.28it/s]23059it [00:04, 5810.50it/s]23707it [00:04, 5995.97it/s]24367it [00:04, 6139.70it/s]25043it [00:04, 6313.29it/s]25688it [00:04, 5553.12it/s]26335it [00:04, 5798.45it/s]26981it [00:04, 5982.19it/s]27627it [00:05, 6116.74it/s]28272it [00:05, 6211.97it/s]28920it [00:05, 6287.80it/s]29594it [00:05, 5576.87it/s]30266it [00:05, 5876.71it/s]30898it [00:05, 6001.24it/s]31541it [00:05, 6121.30it/s]32184it [00:05, 6209.43it/s]32831it [00:05, 6284.71it/s]33475it [00:06, 6330.14it/s]34112it [00:06, 5627.78it/s]34758it [00:06, 5851.80it/s]35405it [00:06, 6022.11it/s]36051it [00:06, 6146.57it/s]36698it [00:06, 6239.36it/s]37347it [00:06, 6311.08it/s]37983it [00:06, 5562.70it/s]38654it [00:06, 5814.39it/s]39317it [00:07, 6035.79it/s]39967it [00:07, 6165.90it/s]40616it [00:07, 6257.61it/s]41265it [00:07, 6325.47it/s]41915it [00:07, 6376.69it/s]42557it [00:07, 5618.13it/s]43205it [00:07, 5851.48it/s]43881it [00:07, 6095.92it/s]44528it [00:07, 6202.29it/s]45172it [00:07, 6270.08it/s]45821it [00:08, 6334.09it/s]46460it [00:08, 5560.92it/s]47108it [00:08, 5807.65it/s]47754it [00:08, 5988.55it/s]48417it [00:08, 6167.14it/s]49064it [00:08, 6252.50it/s]49710it [00:08, 6312.64it/s]50358it [00:08, 6360.58it/s]50999it [00:08, 5586.03it/s]51648it [00:09, 5827.92it/s]52297it [00:09, 6011.87it/s]52957it [00:09, 6132.30it/s]53610it [00:09, 6244.61it/s]54242it [00:09, 6239.42it/s]54872it [00:09, 5443.68it/s]55499it [00:09, 5666.13it/s]56125it [00:09, 5831.09it/s]56783it [00:09, 6036.31it/s]57427it [00:10, 6149.81it/s]58078it [00:10, 6252.15it/s]58729it [00:10, 6326.86it/s]59367it [00:10, 5565.66it/s]60017it [00:10, 5815.58it/s]60667it [00:10, 6004.48it/s]61328it [00:10, 6146.30it/s]61865it [00:10, 5764.03it/s]
  0% 0/61865 [00:00<?, ?it/s]  0% 173/61865 [00:00<00:35, 1729.89it/s]  1% 347/61865 [00:00<00:35, 1732.85it/s]  1% 510/61865 [00:00<00:36, 1697.55it/s]  1% 677/61865 [00:00<00:36, 1689.18it/s]  1% 846/61865 [00:00<00:36, 1685.60it/s]  2% 1015/61865 [00:00<00:36, 1683.45it/s]  2% 1172/61865 [00:00<00:36, 1645.13it/s]  2% 1323/61865 [00:00<00:41, 1465.27it/s]  2% 1488/61865 [00:00<00:39, 1513.95it/s]  3% 1636/61865 [00:02<02:41, 372.10it/s]   3% 1798/61865 [00:02<02:04, 483.80it/s]  3% 1968/61865 [00:02<01:37, 615.62it/s]  3% 2133/61865 [00:02<01:18, 757.78it/s]  4% 2297/61865 [00:02<01:05, 903.18it/s]  4% 2464/61865 [00:02<00:56, 1046.61it/s]  4% 2620/61865 [00:02<00:51, 1160.80it/s]  5% 2784/61865 [00:02<00:46, 1271.80it/s]  5% 2960/61865 [00:02<00:42, 1385.64it/s]  5% 3141/61865 [00:02<00:39, 1490.21it/s]  5% 3312/61865 [00:03<00:37, 1549.62it/s]  6% 3485/61865 [00:03<00:36, 1598.51it/s]  6% 3657/61865 [00:03<00:35, 1632.46it/s]  6% 3828/61865 [00:03<00:35, 1642.45it/s]  6% 3998/61865 [00:03<00:35, 1625.43it/s]  7% 4165/61865 [00:03<00:35, 1622.77it/s]  7% 4340/61865 [00:03<00:34, 1656.84it/s]  7% 4515/61865 [00:03<00:34, 1681.55it/s]  8% 4685/61865 [00:03<00:34, 1661.98it/s]  8% 4853/61865 [00:03<00:34, 1663.36it/s]  8% 5021/61865 [00:04<00:34, 1659.84it/s]  8% 5188/61865 [00:04<00:34, 1655.85it/s]  9% 5354/61865 [00:04<00:34, 1628.41it/s]  9% 5518/61865 [00:04<00:34, 1610.41it/s]  9% 5682/61865 [00:04<00:34, 1617.78it/s]  9% 5845/61865 [00:04<00:34, 1619.32it/s] 10% 6008/61865 [00:04<00:34, 1620.22it/s] 10% 6171/61865 [00:04<00:34, 1614.75it/s] 10% 6334/61865 [00:04<00:34, 1618.95it/s] 11% 6497/61865 [00:04<00:34, 1619.59it/s] 11% 6662/61865 [00:05<00:33, 1627.64it/s] 11% 6826/61865 [00:05<00:33, 1629.15it/s] 11% 6991/61865 [00:05<00:33, 1634.99it/s] 12% 7159/61865 [00:05<00:33, 1646.78it/s] 12% 7327/61865 [00:05<00:32, 1655.14it/s] 12% 7493/61865 [00:05<00:33, 1612.84it/s] 12% 7655/61865 [00:05<00:33, 1609.33it/s] 13% 7820/61865 [00:05<00:33, 1620.94it/s] 13% 7994/61865 [00:05<00:32, 1653.49it/s] 13% 8160/61865 [00:05<00:33, 1604.69it/s] 13% 8328/61865 [00:06<00:32, 1623.91it/s] 14% 8491/61865 [00:06<00:32, 1624.39it/s] 14% 8661/61865 [00:06<00:32, 1644.80it/s] 14% 8826/61865 [00:06<00:32, 1645.04it/s] 15% 8991/61865 [00:06<00:32, 1642.53it/s] 15% 9158/61865 [00:06<00:31, 1649.78it/s] 15% 9324/61865 [00:06<00:31, 1644.21it/s] 15% 9489/61865 [00:06<00:31, 1639.20it/s] 16% 9653/61865 [00:06<00:31, 1634.59it/s] 16% 9817/61865 [00:06<00:31, 1634.77it/s] 16% 9983/61865 [00:07<00:31, 1639.45it/s] 16% 10149/61865 [00:07<00:31, 1644.26it/s] 17% 10314/61865 [00:07<00:31, 1633.79it/s] 17% 10478/61865 [00:07<00:31, 1630.73it/s] 17% 10642/61865 [00:07<00:31, 1629.82it/s] 17% 10808/61865 [00:07<00:31, 1637.94it/s] 18% 10972/61865 [00:07<00:31, 1621.81it/s] 18% 11139/61865 [00:07<00:31, 1634.77it/s] 18% 11307/61865 [00:07<00:30, 1647.56it/s] 19% 11474/61865 [00:08<00:30, 1653.72it/s] 19% 11640/61865 [00:08<00:30, 1639.04it/s] 19% 11805/61865 [00:08<00:30, 1640.51it/s] 19% 11975/61865 [00:08<00:30, 1655.00it/s] 20% 12142/61865 [00:08<00:29, 1658.51it/s] 20% 12308/61865 [00:08<00:30, 1649.39it/s] 20% 12473/61865 [00:08<00:30, 1644.87it/s] 20% 12640/61865 [00:08<00:29, 1651.82it/s] 21% 12807/61865 [00:08<00:29, 1654.13it/s] 21% 12973/61865 [00:08<00:29, 1635.81it/s] 21% 13138/61865 [00:09<00:29, 1637.98it/s] 22% 13309/61865 [00:09<00:29, 1658.86it/s] 22% 13477/61865 [00:09<00:29, 1664.14it/s] 22% 13645/61865 [00:09<00:28, 1666.99it/s] 22% 13812/61865 [00:09<00:29, 1654.90it/s] 23% 13978/61865 [00:09<00:28, 1655.40it/s] 23% 14144/61865 [00:09<00:28, 1648.07it/s] 23% 14309/61865 [00:09<00:29, 1637.20it/s] 23% 14473/61865 [00:09<00:29, 1626.63it/s] 24% 14636/61865 [00:09<00:29, 1625.81it/s] 24% 14800/61865 [00:10<00:28, 1627.42it/s] 24% 14966/61865 [00:10<00:28, 1634.99it/s] 24% 15130/61865 [00:10<00:28, 1624.22it/s] 25% 15299/61865 [00:10<00:28, 1643.11it/s] 25% 15464/61865 [00:10<00:28, 1644.90it/s] 25% 15629/61865 [00:10<00:28, 1643.18it/s] 26% 15794/61865 [00:10<00:28, 1643.12it/s] 26% 15962/61865 [00:10<00:27, 1651.64it/s] 26% 16128/61865 [00:10<00:27, 1648.76it/s] 26% 16298/61865 [00:10<00:27, 1661.01it/s] 27% 16465/61865 [00:11<00:27, 1648.78it/s] 27% 16632/61865 [00:11<00:27, 1654.08it/s] 27% 16799/61865 [00:11<00:27, 1656.20it/s] 27% 16971/61865 [00:11<00:26, 1674.82it/s] 28% 17141/61865 [00:11<00:26, 1681.56it/s] 28% 17310/61865 [00:11<00:26, 1661.40it/s] 28% 17478/61865 [00:11<00:26, 1664.88it/s] 29% 17646/61865 [00:11<00:26, 1667.77it/s] 29% 17817/61865 [00:11<00:26, 1677.68it/s] 29% 17985/61865 [00:11<00:26, 1669.46it/s] 29% 18153/61865 [00:12<00:26, 1672.57it/s] 30% 18321/61865 [00:12<00:26, 1673.46it/s] 30% 18490/61865 [00:12<00:25, 1675.52it/s] 30% 18658/61865 [00:12<00:26, 1654.35it/s] 30% 18824/61865 [00:12<00:26, 1653.04it/s] 31% 18990/61865 [00:12<00:25, 1654.52it/s] 31% 19156/61865 [00:12<00:25, 1653.43it/s] 31% 19322/61865 [00:12<00:25, 1643.86it/s] 32% 19490/61865 [00:12<00:25, 1652.78it/s] 32% 19660/61865 [00:12<00:25, 1664.43it/s] 32% 19827/61865 [00:13<00:25, 1664.58it/s] 32% 19994/61865 [00:13<00:25, 1649.40it/s] 33% 20159/61865 [00:13<00:25, 1639.28it/s] 33% 20325/61865 [00:13<00:25, 1642.56it/s] 33% 20491/61865 [00:13<00:25, 1644.88it/s] 33% 20656/61865 [00:13<00:25, 1634.16it/s] 34% 20823/61865 [00:13<00:25, 1641.63it/s] 34% 20988/61865 [00:13<00:24, 1642.40it/s] 34% 21155/61865 [00:13<00:24, 1648.71it/s] 34% 21320/61865 [00:13<00:24, 1645.37it/s] 35% 21485/61865 [00:14<00:24, 1632.09it/s] 35% 21652/61865 [00:14<00:24, 1641.29it/s] 35% 21819/61865 [00:14<00:24, 1647.73it/s] 36% 21988/61865 [00:14<00:24, 1659.39it/s] 36% 22154/61865 [00:14<00:24, 1652.15it/s] 36% 22321/61865 [00:14<00:23, 1657.05it/s] 36% 22490/61865 [00:14<00:23, 1666.17it/s] 37% 22657/61865 [00:14<00:23, 1665.34it/s] 37% 22824/61865 [00:14<00:23, 1658.74it/s] 37% 22991/61865 [00:14<00:23, 1660.05it/s] 37% 23159/61865 [00:15<00:23, 1665.68it/s] 38% 23327/61865 [00:15<00:23, 1668.68it/s] 38% 23494/61865 [00:15<00:23, 1664.24it/s] 38% 23662/61865 [00:15<00:22, 1666.69it/s] 39% 23829/61865 [00:15<00:22, 1665.44it/s] 39% 23999/61865 [00:15<00:22, 1674.97it/s] 39% 24167/61865 [00:15<00:22, 1665.27it/s] 39% 24334/61865 [00:15<00:22, 1655.36it/s] 40% 24503/61865 [00:15<00:22, 1663.22it/s] 40% 24670/61865 [00:15<00:22, 1664.26it/s] 40% 24837/61865 [00:16<00:22, 1655.51it/s] 40% 25003/61865 [00:16<00:22, 1652.48it/s] 41% 25170/61865 [00:16<00:22, 1656.74it/s] 41% 25338/61865 [00:16<00:21, 1662.13it/s] 41% 25505/61865 [00:16<00:21, 1660.05it/s] 41% 25672/61865 [00:16<00:21, 1645.76it/s] 42% 25839/61865 [00:16<00:21, 1651.27it/s] 42% 26006/61865 [00:16<00:21, 1654.09it/s] 42% 26172/61865 [00:16<00:21, 1653.02it/s] 43% 26338/61865 [00:16<00:21, 1650.02it/s] 43% 26504/61865 [00:17<00:21, 1646.25it/s] 43% 26672/61865 [00:17<00:21, 1655.67it/s] 43% 26841/61865 [00:17<00:21, 1663.27it/s] 44% 27008/61865 [00:17<00:21, 1655.95it/s] 44% 27175/61865 [00:17<00:20, 1660.06it/s] 44% 27343/61865 [00:17<00:20, 1663.91it/s] 44% 27511/61865 [00:17<00:20, 1666.53it/s] 45% 27678/61865 [00:17<00:20, 1659.19it/s] 45% 27846/61865 [00:17<00:20, 1663.16it/s] 45% 28013/61865 [00:18<00:20, 1664.97it/s] 46% 28180/61865 [00:18<00:20, 1645.06it/s] 46% 28345/61865 [00:18<00:20, 1636.53it/s] 46% 28511/61865 [00:18<00:20, 1640.72it/s] 46% 28676/61865 [00:18<00:20, 1642.77it/s] 47% 28841/61865 [00:18<00:20, 1642.49it/s] 47% 29006/61865 [00:18<00:20, 1633.89it/s] 47% 29172/61865 [00:18<00:19, 1639.95it/s] 47% 29340/61865 [00:18<00:19, 1649.23it/s] 48% 29507/61865 [00:18<00:19, 1654.71it/s] 48% 29675/61865 [00:19<00:19, 1661.83it/s] 48% 29842/61865 [00:19<00:19, 1651.76it/s] 49% 30009/61865 [00:19<00:19, 1656.54it/s] 49% 30178/61865 [00:19<00:19, 1663.94it/s] 49% 30345/61865 [00:19<00:18, 1661.40it/s] 49% 30512/61865 [00:19<00:18, 1650.22it/s] 50% 30682/61865 [00:19<00:18, 1662.41it/s] 50% 30850/61865 [00:19<00:18, 1666.59it/s] 50% 31017/61865 [00:19<00:18, 1663.94it/s] 50% 31184/61865 [00:19<00:18, 1645.35it/s] 51% 31351/61865 [00:20<00:18, 1650.91it/s] 51% 31520/61865 [00:20<00:18, 1661.66it/s] 51% 31690/61865 [00:20<00:18, 1671.18it/s] 51% 31858/61865 [00:20<00:18, 1654.59it/s] 52% 32024/61865 [00:20<00:18, 1649.66it/s] 52% 32191/61865 [00:20<00:17, 1653.78it/s] 52% 32357/61865 [00:20<00:17, 1646.76it/s] 53% 32522/61865 [00:20<00:17, 1643.43it/s] 53% 32688/61865 [00:20<00:17, 1645.49it/s] 53% 32854/61865 [00:20<00:17, 1649.77it/s] 53% 33020/61865 [00:21<00:17, 1651.85it/s] 54% 33188/61865 [00:21<00:17, 1657.45it/s] 54% 33354/61865 [00:21<00:17, 1651.77it/s] 54% 33520/61865 [00:21<00:17, 1652.98it/s] 54% 33688/61865 [00:21<00:16, 1658.12it/s] 55% 33855/61865 [00:21<00:16, 1658.16it/s] 55% 34021/61865 [00:21<00:16, 1654.06it/s] 55% 34189/61865 [00:21<00:16, 1659.78it/s] 56% 34359/61865 [00:21<00:16, 1670.32it/s] 56% 34527/61865 [00:21<00:16, 1673.08it/s] 56% 34695/61865 [00:22<00:16, 1651.60it/s] 56% 34862/61865 [00:22<00:16, 1656.44it/s] 57% 35028/61865 [00:22<00:16, 1643.32it/s] 57% 35193/61865 [00:22<00:16, 1643.51it/s] 57% 35358/61865 [00:22<00:16, 1627.94it/s] 57% 35522/61865 [00:22<00:16, 1629.66it/s] 58% 35686/61865 [00:22<00:16, 1623.14it/s] 58% 35853/61865 [00:22<00:15, 1636.32it/s] 58% 36017/61865 [00:22<00:15, 1633.50it/s] 58% 36181/61865 [00:22<00:15, 1633.32it/s] 59% 36347/61865 [00:23<00:15, 1639.27it/s] 59% 36515/61865 [00:23<00:15, 1649.30it/s] 59% 36680/61865 [00:23<00:15, 1644.97it/s] 60% 36848/61865 [00:23<00:15, 1652.61it/s] 60% 37016/61865 [00:23<00:14, 1660.63it/s] 60% 37183/61865 [00:23<00:14, 1662.31it/s] 60% 37350/61865 [00:23<00:14, 1664.07it/s] 61% 37517/61865 [00:23<00:14, 1665.75it/s] 61% 37687/61865 [00:23<00:14, 1674.10it/s] 61% 37855/61865 [00:23<00:14, 1673.33it/s] 61% 38023/61865 [00:24<00:14, 1675.09it/s] 62% 38191/61865 [00:24<00:14, 1665.84it/s] 62% 38358/61865 [00:24<00:14, 1666.76it/s] 62% 38525/61865 [00:24<00:14, 1665.76it/s] 63% 38692/61865 [00:24<00:13, 1661.16it/s] 63% 38859/61865 [00:24<00:13, 1651.03it/s] 63% 39025/61865 [00:24<00:13, 1648.48it/s] 63% 39194/61865 [00:24<00:13, 1658.65it/s] 64% 39362/61865 [00:24<00:13, 1664.86it/s] 64% 39529/61865 [00:24<00:13, 1649.69it/s] 64% 39696/61865 [00:25<00:13, 1655.51it/s] 64% 39865/61865 [00:25<00:13, 1663.25it/s] 65% 40032/61865 [00:25<00:13, 1658.60it/s] 65% 40198/61865 [00:25<00:13, 1650.22it/s] 65% 40364/61865 [00:25<00:13, 1646.66it/s] 66% 40529/61865 [00:25<00:12, 1643.55it/s] 66% 40694/61865 [00:25<00:12, 1644.55it/s] 66% 40859/61865 [00:25<00:12, 1641.22it/s] 66% 41024/61865 [00:25<00:12, 1639.24it/s] 67% 41194/61865 [00:25<00:12, 1654.46it/s] 67% 41362/61865 [00:26<00:12, 1661.43it/s] 67% 41529/61865 [00:26<00:12, 1654.19it/s] 67% 41695/61865 [00:26<00:12, 1650.92it/s] 68% 41863/61865 [00:26<00:12, 1659.29it/s] 68% 42029/61865 [00:26<00:11, 1657.23it/s] 68% 42196/61865 [00:26<00:11, 1658.06it/s] 68% 42362/61865 [00:26<00:11, 1640.12it/s] 69% 42527/61865 [00:26<00:11, 1634.62it/s] 69% 42693/61865 [00:26<00:11, 1640.48it/s] 69% 42861/61865 [00:26<00:11, 1651.81it/s] 70% 43027/61865 [00:27<00:11, 1650.14it/s] 70% 43195/61865 [00:27<00:11, 1658.64it/s] 70% 43361/61865 [00:27<00:11, 1646.01it/s] 70% 43532/61865 [00:27<00:11, 1661.87it/s] 71% 43699/61865 [00:27<00:11, 1647.90it/s] 71% 43865/61865 [00:27<00:10, 1650.41it/s] 71% 44032/61865 [00:27<00:10, 1655.79it/s] 71% 44201/61865 [00:27<00:10, 1663.27it/s] 72% 44368/61865 [00:27<00:10, 1659.66it/s] 72% 44534/61865 [00:28<00:10, 1657.79it/s] 72% 44705/61865 [00:28<00:10, 1672.13it/s] 73% 44873/61865 [00:28<00:10, 1666.73it/s] 73% 45040/61865 [00:28<00:10, 1657.20it/s] 73% 45207/61865 [00:28<00:10, 1660.91it/s] 73% 45375/61865 [00:28<00:09, 1665.98it/s] 74% 45542/61865 [00:28<00:09, 1663.32it/s] 74% 45709/61865 [00:28<00:09, 1649.34it/s] 74% 45874/61865 [00:28<00:09, 1639.57it/s] 74% 46040/61865 [00:28<00:09, 1644.46it/s] 75% 46205/61865 [00:29<00:09, 1638.75it/s] 75% 46372/61865 [00:29<00:09, 1646.24it/s] 75% 46537/61865 [00:29<00:09, 1630.18it/s] 75% 46703/61865 [00:29<00:09, 1638.61it/s] 76% 46871/61865 [00:29<00:09, 1648.70it/s] 76% 47036/61865 [00:29<00:09, 1647.46it/s] 76% 47201/61865 [00:29<00:08, 1636.30it/s] 77% 47367/61865 [00:29<00:08, 1641.65it/s] 77% 47535/61865 [00:29<00:08, 1650.96it/s] 77% 47703/61865 [00:29<00:08, 1657.92it/s] 77% 47869/61865 [00:30<00:08, 1631.51it/s] 78% 48034/61865 [00:30<00:08, 1636.86it/s] 78% 48198/61865 [00:31<00:40, 335.52it/s]  78% 48358/61865 [00:31<00:30, 439.71it/s] 78% 48521/61865 [00:31<00:23, 562.75it/s] 79% 48678/61865 [00:31<00:18, 696.48it/s] 79% 48844/61865 [00:31<00:15, 842.77it/s] 79% 49005/61865 [00:32<00:13, 983.30it/s] 79% 49168/61865 [00:32<00:11, 1116.03it/s] 80% 49326/61865 [00:32<00:10, 1223.36it/s] 80% 49491/61865 [00:32<00:09, 1324.51it/s] 80% 49654/61865 [00:32<00:08, 1402.67it/s] 81% 49815/61865 [00:32<00:08, 1456.31it/s] 81% 49976/61865 [00:32<00:07, 1489.11it/s] 81% 50136/61865 [00:32<00:07, 1519.91it/s] 81% 50299/61865 [00:32<00:07, 1550.69it/s] 82% 50460/61865 [00:32<00:07, 1567.27it/s] 82% 50621/61865 [00:33<00:07, 1578.58it/s] 82% 50783/61865 [00:33<00:06, 1588.74it/s] 82% 50944/61865 [00:33<00:06, 1591.59it/s] 83% 51105/61865 [00:33<00:06, 1586.87it/s] 83% 51269/61865 [00:33<00:06, 1598.48it/s] 83% 51430/61865 [00:33<00:06, 1592.26it/s] 83% 51590/61865 [00:33<00:06, 1590.39it/s] 84% 51750/61865 [00:33<00:06, 1585.86it/s] 84% 51911/61865 [00:33<00:06, 1590.13it/s] 84% 52071/61865 [00:33<00:06, 1592.01it/s] 84% 52234/61865 [00:34<00:06, 1602.85it/s] 85% 52395/61865 [00:34<00:05, 1596.37it/s] 85% 52555/61865 [00:34<00:05, 1584.64it/s] 85% 52718/61865 [00:34<00:05, 1597.38it/s] 85% 52878/61865 [00:34<00:05, 1592.14it/s] 86% 53042/61865 [00:34<00:05, 1604.19it/s] 86% 53203/61865 [00:34<00:05, 1581.43it/s] 86% 53368/61865 [00:34<00:05, 1600.47it/s] 87% 53531/61865 [00:34<00:05, 1608.31it/s] 87% 53695/61865 [00:34<00:05, 1614.24it/s] 87% 53860/61865 [00:35<00:04, 1623.67it/s] 87% 54023/61865 [00:35<00:04, 1611.75it/s] 88% 54185/61865 [00:35<00:04, 1607.04it/s] 88% 54348/61865 [00:35<00:04, 1611.41it/s] 88% 54513/61865 [00:35<00:04, 1620.80it/s] 88% 54680/61865 [00:35<00:04, 1634.87it/s] 89% 54844/61865 [00:35<00:04, 1623.61it/s] 89% 55007/61865 [00:35<00:04, 1616.48it/s] 89% 55169/61865 [00:35<00:04, 1610.26it/s] 89% 55332/61865 [00:35<00:04, 1614.41it/s] 90% 55494/61865 [00:36<00:04, 1559.76it/s] 90% 55654/61865 [00:36<00:03, 1569.93it/s] 90% 55815/61865 [00:36<00:03, 1580.69it/s] 90% 55976/61865 [00:36<00:03, 1588.62it/s] 91% 56143/61865 [00:36<00:03, 1611.10it/s] 91% 56305/61865 [00:36<00:03, 1606.54it/s] 91% 56475/61865 [00:36<00:03, 1633.33it/s] 92% 56639/61865 [00:36<00:03, 1600.03it/s] 92% 56800/61865 [00:36<00:03, 1576.46it/s] 92% 56958/61865 [00:36<00:03, 1539.36it/s] 92% 57113/61865 [00:37<00:03, 1519.28it/s] 93% 57266/61865 [00:37<00:03, 1508.15it/s] 93% 57418/61865 [00:37<00:03, 1456.41it/s] 93% 57565/61865 [00:37<00:03, 1424.15it/s] 93% 57708/61865 [00:37<00:02, 1393.58it/s] 94% 57848/61865 [00:37<00:02, 1383.21it/s] 94% 57987/61865 [00:37<00:02, 1365.95it/s] 94% 58124/61865 [00:37<00:02, 1360.73it/s] 94% 58261/61865 [00:37<00:02, 1356.41it/s] 94% 58397/61865 [00:38<00:02, 1348.86it/s] 95% 58542/61865 [00:38<00:02, 1375.69it/s] 95% 58696/61865 [00:38<00:02, 1420.69it/s] 95% 58862/61865 [00:38<00:02, 1483.73it/s] 95% 59028/61865 [00:38<00:01, 1531.29it/s] 96% 59199/61865 [00:38<00:01, 1578.32it/s] 96% 59366/61865 [00:38<00:01, 1603.72it/s] 96% 59536/61865 [00:38<00:01, 1629.16it/s] 97% 59704/61865 [00:38<00:01, 1642.11it/s] 97% 59869/61865 [00:38<00:01, 1595.30it/s] 97% 60030/61865 [00:39<00:01, 1568.49it/s] 97% 60188/61865 [00:39<00:01, 1567.71it/s] 98% 60353/61865 [00:39<00:00, 1590.76it/s] 98% 60517/61865 [00:39<00:00, 1604.11it/s] 98% 60689/61865 [00:39<00:00, 1634.84it/s] 98% 60859/61865 [00:39<00:00, 1652.11it/s] 99% 61030/61865 [00:39<00:00, 1666.66it/s] 99% 61197/61865 [00:39<00:00, 1658.92it/s] 99% 61369/61865 [00:39<00:00, 1674.77it/s] 99% 61539/61865 [00:39<00:00, 1680.75it/s]100% 61708/61865 [00:40<00:00, 1683.35it/s]100% 61865/61865 [00:40<00:00, 1540.01it/s]
  0% 0/61865 [00:00<?, ?it/s] 24% 14806/61865 [00:00<00:00, 148053.43it/s] 57% 35137/61865 [00:00<00:00, 161195.71it/s]100% 61577/61865 [00:00<00:00, 182574.44it/s]100% 61865/61865 [00:00<00:00, 205358.08it/s]
Number of tasks = 645
Splitting data with seed 0
  0% 0/61865 [00:00<?, ?it/s]  1% 623/61865 [00:00<00:09, 6220.14it/s]  2% 1211/61865 [00:00<00:09, 6113.20it/s]  3% 1758/61865 [00:00<00:10, 5904.03it/s]  4% 2292/61865 [00:00<00:10, 5701.92it/s]  5% 2809/61865 [00:00<00:10, 5529.80it/s]  6% 3424/61865 [00:00<00:10, 5698.22it/s]  6% 3941/61865 [00:00<00:10, 5510.61it/s]  7% 4454/61865 [00:00<00:10, 5389.46it/s]  8% 4975/61865 [00:00<00:10, 5332.19it/s]  9% 5486/61865 [00:01<00:10, 5138.28it/s] 10% 5986/61865 [00:01<00:11, 5001.63it/s] 10% 6477/61865 [00:01<00:11, 4896.80it/s] 11% 6978/61865 [00:01<00:11, 4928.10it/s] 12% 7467/61865 [00:01<00:11, 4898.38it/s] 13% 7962/61865 [00:01<00:11, 4890.67it/s] 14% 8450/61865 [00:01<00:11, 4660.51it/s] 14% 8924/61865 [00:01<00:11, 4682.87it/s] 15% 9429/61865 [00:01<00:10, 4784.69it/s] 16% 9928/61865 [00:01<00:10, 4843.53it/s] 17% 10418/61865 [00:02<00:10, 4857.36it/s] 18% 10905/61865 [00:02<00:10, 4854.11it/s] 18% 11395/61865 [00:02<00:10, 4865.63it/s] 19% 11896/61865 [00:02<00:10, 4907.84it/s] 20% 12409/61865 [00:02<00:09, 4971.37it/s] 21% 12917/61865 [00:02<00:09, 5003.20it/s] 22% 13435/61865 [00:02<00:09, 5054.51it/s] 23% 13945/61865 [00:02<00:09, 5066.92it/s] 23% 14452/61865 [00:02<00:09, 4994.39it/s] 24% 14952/61865 [00:02<00:09, 4934.35it/s] 25% 15454/61865 [00:03<00:09, 4958.15it/s] 26% 15958/61865 [00:03<00:09, 4979.70it/s] 27% 16457/61865 [00:03<00:09, 4980.89it/s] 27% 16997/61865 [00:03<00:08, 5096.47it/s] 28% 17511/61865 [00:03<00:08, 5106.87it/s] 29% 18042/61865 [00:03<00:08, 5164.58it/s] 30% 18560/61865 [00:03<00:08, 5160.59it/s] 31% 19077/61865 [00:03<00:08, 5117.17it/s] 32% 19590/61865 [00:03<00:08, 5114.29it/s] 32% 20102/61865 [00:03<00:08, 5074.73it/s] 33% 20610/61865 [00:04<00:08, 5031.72it/s] 34% 21114/61865 [00:04<00:08, 5034.05it/s] 35% 21618/61865 [00:04<00:08, 4999.10it/s] 36% 22135/61865 [00:04<00:07, 5048.55it/s] 37% 22655/61865 [00:04<00:07, 5089.73it/s] 37% 23171/61865 [00:04<00:07, 5110.11it/s] 38% 23685/61865 [00:04<00:07, 5118.95it/s] 39% 24198/61865 [00:04<00:07, 5114.56it/s] 40% 24712/61865 [00:04<00:07, 5120.99it/s] 41% 25225/61865 [00:04<00:07, 5058.67it/s] 42% 25732/61865 [00:05<00:07, 5024.75it/s] 42% 26235/61865 [00:05<00:07, 5012.22it/s] 43% 26737/61865 [00:05<00:07, 4993.67it/s] 44% 27249/61865 [00:05<00:06, 5030.12it/s] 45% 27758/61865 [00:05<00:06, 5045.73it/s] 46% 28263/61865 [00:05<00:06, 4991.26it/s] 46% 28763/61865 [00:05<00:06, 4974.25it/s] 47% 29261/61865 [00:05<00:06, 4940.06it/s] 48% 29773/61865 [00:05<00:06, 4990.80it/s] 49% 30276/61865 [00:05<00:06, 5000.10it/s] 50% 30783/61865 [00:06<00:06, 5018.39it/s] 51% 31285/61865 [00:06<00:06, 5010.86it/s] 51% 31801/61865 [00:06<00:05, 5052.78it/s] 52% 32307/61865 [00:06<00:05, 5009.06it/s] 53% 32809/61865 [00:06<00:05, 4976.95it/s] 54% 33317/61865 [00:06<00:05, 5006.40it/s] 55% 33818/61865 [00:06<00:05, 4997.93it/s] 55% 34331/61865 [00:06<00:05, 5035.09it/s] 56% 34835/61865 [00:06<00:05, 5026.58it/s] 57% 35338/61865 [00:06<00:05, 4947.52it/s] 58% 35834/61865 [00:07<00:05, 4907.36it/s] 59% 36326/61865 [00:07<00:05, 4905.83it/s] 60% 36826/61865 [00:07<00:05, 4931.93it/s] 60% 37332/61865 [00:07<00:04, 4968.39it/s] 61% 37852/61865 [00:07<00:04, 5032.47it/s] 62% 38362/61865 [00:07<00:04, 5052.50it/s] 63% 38868/61865 [00:07<00:04, 5028.19it/s] 64% 39372/61865 [00:07<00:04, 5026.85it/s] 64% 39885/61865 [00:07<00:04, 5053.24it/s] 65% 40391/61865 [00:08<00:04, 5008.60it/s] 66% 40893/61865 [00:08<00:04, 4946.28it/s] 67% 41406/61865 [00:08<00:04, 4999.99it/s] 68% 41907/61865 [00:08<00:04, 4980.88it/s] 69% 42406/61865 [00:08<00:03, 4942.91it/s] 69% 42901/61865 [00:08<00:03, 4924.89it/s] 70% 43405/61865 [00:08<00:03, 4958.10it/s] 71% 43911/61865 [00:08<00:03, 4987.54it/s] 72% 44412/61865 [00:08<00:03, 4993.29it/s] 73% 44926/61865 [00:08<00:03, 5036.14it/s] 73% 45430/61865 [00:09<00:03, 5025.33it/s] 74% 45933/61865 [00:09<00:03, 4970.18it/s] 75% 46431/61865 [00:09<00:03, 4956.45it/s] 76% 46928/61865 [00:09<00:03, 4959.88it/s] 77% 47425/61865 [00:09<00:02, 4959.58it/s] 77% 47922/61865 [00:09<00:02, 4895.99it/s] 78% 48412/61865 [00:09<00:02, 4849.64it/s] 79% 48898/61865 [00:09<00:02, 4795.78it/s] 80% 49378/61865 [00:09<00:02, 4719.48it/s] 81% 49851/61865 [00:09<00:02, 4664.67it/s] 81% 50318/61865 [00:10<00:02, 4607.14it/s] 82% 50780/61865 [00:10<00:02, 4574.96it/s] 83% 51238/61865 [00:10<00:02, 4516.76it/s] 84% 51691/61865 [00:10<00:02, 4465.88it/s] 84% 52140/61865 [00:10<00:02, 4472.09it/s] 85% 52588/61865 [00:10<00:02, 4411.03it/s] 86% 53049/61865 [00:10<00:01, 4466.93it/s] 86% 53497/61865 [00:10<00:01, 4271.22it/s] 87% 53951/61865 [00:10<00:01, 4346.42it/s] 88% 54403/61865 [00:10<00:01, 4396.76it/s] 89% 54880/61865 [00:11<00:01, 4500.57it/s] 89% 55336/61865 [00:11<00:01, 4517.63it/s] 90% 55789/61865 [00:11<00:01, 4312.98it/s] 91% 56260/61865 [00:11<00:01, 4424.44it/s] 92% 56706/61865 [00:11<00:01, 4407.36it/s] 92% 57149/61865 [00:11<00:01, 4179.19it/s] 93% 57571/61865 [00:11<00:01, 3693.38it/s] 94% 57954/61865 [00:11<00:01, 3356.01it/s] 94% 58305/61865 [00:12<00:01, 3157.89it/s] 95% 58634/61865 [00:12<00:01, 3180.42it/s] 96% 59137/61865 [00:12<00:00, 3573.85it/s] 96% 59667/61865 [00:12<00:00, 3960.03it/s] 97% 60092/61865 [00:12<00:00, 3947.00it/s] 98% 60566/61865 [00:12<00:00, 4154.32it/s] 99% 61101/61865 [00:12<00:00, 4452.70it/s]100% 61637/61865 [00:12<00:00, 4688.12it/s]100% 61865/61865 [00:12<00:00, 4839.79it/s]
Total scaffolds = 30,615 | train scaffolds = 24,639 | val scaffolds = 3,133 | test scaffolds = 2,843
/home/apappu/thesis/molecule-metalearning/chemprop/chemprop/data/scaffold.py:152: RuntimeWarning: Mean of empty slice
  target_avgs.append(np.nanmean(targets, axis=0))
Label averages per scaffold, in decreasing order of scaffold frequency,capped at 10 scaffolds and 20 labels: [(array([nan, nan, nan, nan, nan, nan, nan, nan, nan, nan, nan, nan, nan,
       nan, nan, nan, nan, nan, nan, nan]), array([0, 0, 0, 0, 0, 0, 0, 0, 0, 0, 0, 0, 0, 0, 0, 0, 0, 0, 0, 0])), (array([nan, nan, nan, nan, nan, nan, nan, nan, nan, nan, nan, nan, nan,
       nan, nan, 0.5, nan, nan, nan, nan]), array([0, 0, 0, 0, 0, 0, 0, 0, 0, 0, 0, 0, 0, 0, 0, 2, 0, 0, 0, 0])), (array([nan, nan, nan, nan, nan, nan, nan, nan, nan, nan, nan, nan, nan,
       nan, nan, nan, nan, nan, nan, nan]), array([0, 0, 0, 0, 0, 0, 0, 0, 0, 0, 0, 0, 0, 0, 0, 0, 0, 0, 0, 0])), (array([nan, nan, nan, nan, nan, nan, nan, nan, nan, nan, nan, nan, nan,
       nan, nan, nan, nan, nan, nan, nan]), array([0, 0, 0, 0, 0, 0, 0, 0, 0, 0, 0, 0, 0, 0, 0, 0, 0, 0, 0, 0])), (array([nan, nan, nan, nan, nan, nan, nan, nan, nan, nan, nan, nan, nan,
       nan, nan, nan, nan, nan, nan, nan]), array([0, 0, 0, 0, 0, 0, 0, 0, 0, 0, 0, 0, 0, 0, 0, 0, 0, 0, 0, 0])), (array([nan, nan, nan, nan, nan, nan, nan, nan, nan, nan, nan, nan, nan,
       nan, nan, nan, nan, nan, nan, nan]), array([0, 0, 0, 0, 0, 0, 0, 0, 0, 0, 0, 0, 0, 0, 0, 0, 0, 0, 0, 0])), (array([nan, nan, nan, nan, nan, nan, nan, nan, nan, nan, nan, nan, nan,
       nan, nan, nan, nan, nan, nan, nan]), array([0, 0, 0, 0, 0, 0, 0, 0, 0, 0, 0, 0, 0, 0, 0, 0, 0, 0, 0, 0])), (array([nan, nan, nan, nan, nan, nan, nan, nan, nan, nan, nan, nan, nan,
       nan, nan, nan, nan, nan, nan, nan]), array([0, 0, 0, 0, 0, 0, 0, 0, 0, 0, 0, 0, 0, 0, 0, 0, 0, 0, 0, 0])), (array([nan, nan, nan, nan, nan, nan, nan, nan, nan, nan, nan, nan, nan,
       nan, nan, nan, nan, nan, nan, nan]), array([0, 0, 0, 0, 0, 0, 0, 0, 0, 0, 0, 0, 0, 0, 0, 0, 0, 0, 0, 0])), (array([nan, nan, nan, nan, nan, nan, nan, nan, nan, nan, nan, nan, nan,
       nan, nan, nan, nan, nan, nan, nan]), array([0, 0, 0, 0, 0, 0, 0, 0, 0, 0, 0, 0, 0, 0, 0, 0, 0, 0, 0, 0]))]
Class sizes
CHEMBL1033994 0: 41.98%, 1: 58.02%
CHEMBL1119333 0: 9.59%, 1: 90.41%
CHEMBL1217000 0: 52.41%, 1: 47.59%
CHEMBL1243965 0: 17.11%, 1: 82.89%
CHEMBL1243966 0: 41.96%, 1: 58.04%
CHEMBL1243967 0: 10.17%, 1: 89.83%
CHEMBL1243968 0: 15.06%, 1: 84.94%
CHEMBL1243970 0: 6.91%, 1: 93.09%
CHEMBL1243972 0: 9.92%, 1: 90.08%
CHEMBL1243976 0: 28.99%, 1: 71.01%
CHEMBL1246087 0: 33.88%, 1: 66.12%
CHEMBL1246088 0: 48.37%, 1: 51.63%
CHEMBL1613762 0: 2.45%, 1: 97.55%
CHEMBL1613779 0: 58.47%, 1: 41.53%
CHEMBL1613785 0: 43.22%, 1: 56.78%
CHEMBL1613787 0: 69.08%, 1: 30.92%
CHEMBL1613807 0: 95.99%, 1: 4.01%
CHEMBL1613813 0: 44.20%, 1: 55.80%
CHEMBL1613814 0: 53.85%, 1: 46.15%
CHEMBL1613817 0: 84.86%, 1: 15.14%
CHEMBL1613853 0: 41.86%, 1: 58.14%
CHEMBL1613861 0: 14.47%, 1: 85.53%
CHEMBL1613864 0: 5.19%, 1: 94.81%
CHEMBL1613867 0: 97.13%, 1: 2.87%
CHEMBL1613870 0: 15.80%, 1: 84.20%
CHEMBL1613871 0: 6.15%, 1: 93.85%
CHEMBL1613874 0: 65.78%, 1: 34.22%
CHEMBL1613876 0: 54.35%, 1: 45.65%
CHEMBL1613884 0: 21.51%, 1: 78.49%
CHEMBL1613890 0: 34.85%, 1: 65.15%
CHEMBL1613897 0: 46.64%, 1: 53.36%
CHEMBL1613898 0: 75.45%, 1: 24.55%
CHEMBL1613904 0: 50.77%, 1: 49.23%
CHEMBL1613907 0: 5.34%, 1: 94.66%
CHEMBL1613926 0: 30.15%, 1: 69.85%
CHEMBL1613928 0: 45.90%, 1: 54.10%
CHEMBL1613929 0: 81.25%, 1: 18.75%
CHEMBL1613941 0: 32.58%, 1: 67.42%
CHEMBL1613942 0: 41.43%, 1: 58.57%
CHEMBL1613947 0: 46.01%, 1: 53.99%
CHEMBL1613949 0: 60.13%, 1: 39.87%
CHEMBL1613950 0: 43.05%, 1: 56.95%
CHEMBL1613955 0: 54.04%, 1: 45.96%
CHEMBL1613962 0: 24.26%, 1: 75.74%
CHEMBL1613967 0: 44.59%, 1: 55.41%
CHEMBL1613981 0: 58.85%, 1: 41.15%
CHEMBL1613991 0: 14.98%, 1: 85.02%
CHEMBL1613997 0: 7.73%, 1: 92.27%
CHEMBL1614001 0: 98.28%, 1: 1.72%
CHEMBL1614004 0: 14.66%, 1: 85.34%
CHEMBL1614016 0: 12.22%, 1: 87.78%
CHEMBL1614030 0: 19.96%, 1: 80.04%
CHEMBL1614034 0: 2.63%, 1: 97.37%
CHEMBL1614035 0: 77.14%, 1: 22.86%
CHEMBL1614049 0: 39.63%, 1: 60.37%
CHEMBL1614053 0: 42.48%, 1: 57.52%
CHEMBL1614063 0: 95.18%, 1: 4.82%
CHEMBL1614065 0: 9.71%, 1: 90.29%
CHEMBL1614066 0: 94.74%, 1: 5.26%
CHEMBL1614069 0: 56.82%, 1: 43.18%
CHEMBL1614072 0: 50.36%, 1: 49.64%
CHEMBL1614084 0: 13.26%, 1: 86.74%
CHEMBL1614091 0: 4.43%, 1: 95.57%
CHEMBL1614092 0: 47.50%, 1: 52.50%
CHEMBL1614097 0: 46.99%, 1: 53.01%
CHEMBL1614098 0: 97.25%, 1: 2.75%
CHEMBL1614104 0: 7.74%, 1: 92.26%
CHEMBL1614105 0: 6.12%, 1: 93.88%
CHEMBL1614109 0: 59.87%, 1: 40.13%
CHEMBL1614128 0: 10.35%, 1: 89.65%
CHEMBL1614131 0: 97.14%, 1: 2.86%
CHEMBL1614132 0: 42.07%, 1: 57.93%
CHEMBL1614138 0: 67.83%, 1: 32.17%
CHEMBL1614155 0: 25.40%, 1: 74.60%
CHEMBL1614158 0: 74.52%, 1: 25.48%
CHEMBL1614167 0: 16.17%, 1: 83.83%
CHEMBL1614170 0: 68.86%, 1: 31.14%
CHEMBL1614171 0: 93.77%, 1: 6.23%
CHEMBL1614175 0: 80.66%, 1: 19.34%
CHEMBL1614185 0: 26.17%, 1: 73.83%
CHEMBL1614197 0: 5.26%, 1: 94.74%
CHEMBL1614199 0: 49.66%, 1: 50.34%
CHEMBL1614202 0: 7.32%, 1: 92.68%
CHEMBL1614215 0: 52.76%, 1: 47.24%
CHEMBL1614216 0: 48.52%, 1: 51.48%
CHEMBL1614218 0: 22.36%, 1: 77.64%
CHEMBL1614225 0: 62.50%, 1: 37.50%
CHEMBL1614244 0: 38.85%, 1: 61.15%
CHEMBL1614247 0: 44.34%, 1: 55.66%
CHEMBL1614252 0: 60.11%, 1: 39.89%
CHEMBL1614255 0: 61.26%, 1: 38.74%
CHEMBL1614259 0: 32.82%, 1: 67.18%
CHEMBL1614272 0: 67.71%, 1: 32.29%
CHEMBL1614276 0: 51.74%, 1: 48.26%
CHEMBL1614287 0: 85.53%, 1: 14.47%
CHEMBL1614288 0: 72.51%, 1: 27.49%
CHEMBL1614290 0: 4.51%, 1: 95.49%
CHEMBL1614295 0: 2.29%, 1: 97.71%
CHEMBL1614301 0: 19.74%, 1: 80.26%
CHEMBL1614304 0: 63.76%, 1: 36.24%
CHEMBL1614309 0: 27.66%, 1: 72.34%
CHEMBL1614311 0: 53.76%, 1: 46.24%
CHEMBL1614314 0: 94.70%, 1: 5.30%
CHEMBL1614319 0: 72.16%, 1: 27.84%
CHEMBL1614320 0: 29.79%, 1: 70.21%
CHEMBL1614321 0: 60.16%, 1: 39.84%
CHEMBL1614328 0: 46.64%, 1: 53.36%
CHEMBL1614329 0: 40.69%, 1: 59.31%
CHEMBL1614336 0: 47.01%, 1: 52.99%
CHEMBL1614344 0: 67.72%, 1: 32.28%
CHEMBL1614356 0: 43.90%, 1: 56.10%
CHEMBL1614359 0: 50.26%, 1: 49.74%
CHEMBL1614363 0: 53.19%, 1: 46.81%
CHEMBL1614385 0: 93.27%, 1: 6.73%
CHEMBL1614388 0: 56.19%, 1: 43.81%
CHEMBL1614393 0: 45.00%, 1: 55.00%
CHEMBL1614395 0: 11.32%, 1: 88.68%
CHEMBL1614403 0: 88.15%, 1: 11.85%
CHEMBL1614423 0: 57.84%, 1: 42.16%
CHEMBL1614425 0: 38.24%, 1: 61.76%
CHEMBL1614433 0: 60.77%, 1: 39.23%
CHEMBL1614434 0: 80.25%, 1: 19.75%
CHEMBL1614456 0: 3.36%, 1: 96.64%
CHEMBL1614466 0: 10.32%, 1: 89.68%
CHEMBL1614469 0: 24.90%, 1: 75.10%
CHEMBL1614477 0: 43.75%, 1: 56.25%
CHEMBL1614478 0: 12.50%, 1: 87.50%
CHEMBL1614480 0: 85.71%, 1: 14.29%
CHEMBL1614484 0: 9.01%, 1: 90.99%
CHEMBL1614492 0: 40.54%, 1: 59.46%
CHEMBL1614499 0: 44.47%, 1: 55.53%
CHEMBL1614503 0: 40.30%, 1: 59.70%
CHEMBL1614504 0: 17.80%, 1: 82.20%
CHEMBL1614509 0: 79.43%, 1: 20.57%
CHEMBL1614512 0: 62.79%, 1: 37.21%
CHEMBL1614514 0: 83.07%, 1: 16.93%
CHEMBL1614515 0: 19.61%, 1: 80.39%
CHEMBL1614516 0: 96.81%, 1: 3.19%
CHEMBL1614522 0: 28.55%, 1: 71.45%
CHEMBL1614524 0: 12.98%, 1: 87.02%
CHEMBL1614528 0: 40.91%, 1: 59.09%
CHEMBL1614547 0: 72.51%, 1: 27.49%
CHEMBL1614548 0: 17.95%, 1: 82.05%
CHEMBL1614549 0: 84.25%, 1: 15.75%
CHEMBL1614550 0: 9.30%, 1: 90.70%
CHEMBL1614554 0: 71.64%, 1: 28.36%
CHEMBL1676103 0: 39.85%, 1: 60.15%
CHEMBL1737860 0: 3.60%, 1: 96.40%
CHEMBL1737863 0: 36.27%, 1: 63.73%
CHEMBL1737865 0: 61.01%, 1: 38.99%
CHEMBL1737868 0: 79.41%, 1: 20.59%
CHEMBL1737910 0: 45.71%, 1: 54.29%
CHEMBL1737912 0: 26.51%, 1: 73.49%
CHEMBL1737942 0: 44.52%, 1: 55.48%
CHEMBL1737951 0: 51.83%, 1: 48.17%
CHEMBL1737961 0: 93.34%, 1: 6.66%
CHEMBL1737966 0: 21.36%, 1: 78.64%
CHEMBL1737967 0: 89.17%, 1: 10.83%
CHEMBL1737977 0: 13.87%, 1: 86.13%
CHEMBL1737978 0: 18.18%, 1: 81.82%
CHEMBL1737979 0: 8.94%, 1: 91.06%
CHEMBL1738019 0: 24.85%, 1: 75.15%
CHEMBL1738021 0: 10.87%, 1: 89.13%
CHEMBL1738025 0: 33.80%, 1: 66.20%
CHEMBL1738040 0: 73.48%, 1: 26.52%
CHEMBL1738043 0: 46.43%, 1: 53.57%
CHEMBL1738079 0: 3.88%, 1: 96.12%
CHEMBL1738080 0: 76.43%, 1: 23.57%
CHEMBL1738091 0: 89.77%, 1: 10.23%
CHEMBL1738097 0: 72.41%, 1: 27.59%
CHEMBL1738131 0: 68.59%, 1: 31.41%
CHEMBL1738164 0: 79.79%, 1: 20.21%
CHEMBL1738171 0: 85.45%, 1: 14.55%
CHEMBL1738183 0: 59.62%, 1: 40.38%
CHEMBL1738197 0: 36.90%, 1: 63.10%
CHEMBL1738202 0: 3.47%, 1: 96.53%
CHEMBL1738242 0: 16.55%, 1: 83.45%
CHEMBL1738249 0: 86.53%, 1: 13.47%
CHEMBL1738253 0: 7.33%, 1: 92.67%
CHEMBL1738319 0: 59.17%, 1: 40.83%
CHEMBL1738325 0: 96.86%, 1: 3.14%
CHEMBL1738362 0: 21.43%, 1: 78.57%
CHEMBL1738369 0: 56.34%, 1: 43.66%
CHEMBL1738371 0: 81.97%, 1: 18.03%
CHEMBL1738391 0: 68.38%, 1: 31.62%
CHEMBL1738400 0: 77.86%, 1: 22.14%
CHEMBL1738402 0: 54.19%, 1: 45.81%
CHEMBL1738407 0: 85.58%, 1: 14.42%
CHEMBL1738408 0: 2.18%, 1: 97.82%
CHEMBL1738414 0: 5.11%, 1: 94.89%
CHEMBL1738418 0: 68.85%, 1: 31.15%
CHEMBL1738422 0: 4.29%, 1: 95.71%
CHEMBL1738424 0: 77.50%, 1: 22.50%
CHEMBL1738430 0: 25.54%, 1: 74.46%
CHEMBL1738438 0: 2.76%, 1: 97.24%
CHEMBL1738482 0: 7.69%, 1: 92.31%
CHEMBL1738485 0: 17.65%, 1: 82.35%
CHEMBL1738494 0: 97.26%, 1: 2.74%
CHEMBL1738495 0: 1.70%, 1: 98.30%
CHEMBL1738497 0: 64.50%, 1: 35.50%
CHEMBL1738502 0: 15.20%, 1: 84.80%
CHEMBL1738510 0: 54.41%, 1: 45.59%
CHEMBL1738512 0: 3.05%, 1: 96.95%
CHEMBL1738513 0: 28.64%, 1: 71.36%
CHEMBL1738552 0: 64.70%, 1: 35.30%
CHEMBL1738575 0: 65.65%, 1: 34.35%
CHEMBL1738578 0: 23.30%, 1: 76.70%
CHEMBL1738579 0: 22.79%, 1: 77.21%
CHEMBL1738593 0: 17.65%, 1: 82.35%
CHEMBL1738599 0: 16.07%, 1: 83.93%
CHEMBL1738602 0: 42.70%, 1: 57.30%
CHEMBL1738610 0: 42.07%, 1: 57.93%
CHEMBL1738611 0: 2.23%, 1: 97.77%
CHEMBL1738632 0: 86.32%, 1: 13.68%
CHEMBL1738633 0: 4.05%, 1: 95.95%
CHEMBL1738639 0: 64.47%, 1: 35.53%
CHEMBL1738642 0: 34.82%, 1: 65.18%
CHEMBL1738670 0: 9.18%, 1: 90.82%
CHEMBL1738673 0: 12.98%, 1: 87.02%
CHEMBL1738679 0: 63.95%, 1: 36.05%
CHEMBL1738682 0: 62.45%, 1: 37.55%
CHEMBL1794296 0: 44.02%, 1: 55.98%
CHEMBL1794303 0: 2.71%, 1: 97.29%
CHEMBL1794320 0: 96.68%, 1: 3.32%
CHEMBL1794327 0: 91.59%, 1: 8.41%
CHEMBL1794336 0: 53.07%, 1: 46.93%
CHEMBL1794350 0: 3.44%, 1: 96.56%
CHEMBL1794355 0: 5.26%, 1: 94.74%
CHEMBL1794356 0: 13.92%, 1: 86.08%
CHEMBL1794358 0: 94.14%, 1: 5.86%
CHEMBL1794365 0: 7.12%, 1: 92.88%
CHEMBL1794383 0: 6.90%, 1: 93.10%
CHEMBL1794387 0: 65.04%, 1: 34.96%
CHEMBL1794393 0: 67.55%, 1: 32.45%
CHEMBL1794396 0: 3.96%, 1: 96.04%
CHEMBL1794410 0: 23.98%, 1: 76.02%
CHEMBL1794413 0: 6.02%, 1: 93.98%
CHEMBL1794438 0: 40.17%, 1: 59.83%
CHEMBL1794445 0: 87.84%, 1: 12.16%
CHEMBL1794452 0: 94.30%, 1: 5.70%
CHEMBL1794457 0: 92.98%, 1: 7.02%
CHEMBL1794460 0: 28.63%, 1: 71.37%
CHEMBL1794467 0: 18.39%, 1: 81.61%
CHEMBL1794475 0: 56.02%, 1: 43.98%
CHEMBL1794484 0: 44.93%, 1: 55.07%
CHEMBL1794494 0: 5.33%, 1: 94.67%
CHEMBL1794497 0: 8.47%, 1: 91.53%
CHEMBL1794499 0: 73.90%, 1: 26.10%
CHEMBL1794508 0: 94.63%, 1: 5.37%
CHEMBL1794516 0: 3.21%, 1: 96.79%
CHEMBL1794522 0: 58.65%, 1: 41.35%
CHEMBL1794528 0: 79.86%, 1: 20.14%
CHEMBL1794531 0: 92.03%, 1: 7.97%
CHEMBL1794548 0: 88.74%, 1: 11.26%
CHEMBL1794566 0: 6.05%, 1: 93.95%
CHEMBL1794567 0: 9.61%, 1: 90.39%
CHEMBL1794570 0: 92.79%, 1: 7.21%
CHEMBL1794571 0: 53.55%, 1: 46.45%
CHEMBL1794573 0: 10.54%, 1: 89.46%
CHEMBL1794574 0: 1.09%, 1: 98.91%
CHEMBL1794578 0: 46.99%, 1: 53.01%
CHEMBL1794581 0: 19.65%, 1: 80.35%
CHEMBL1863510 0: 2.14%, 1: 97.86%
CHEMBL1863512 0: 2.79%, 1: 97.21%
CHEMBL1909084 0: 99.28%, 1: 0.72%
CHEMBL1909085 0: 92.10%, 1: 7.90%
CHEMBL1909086 0: 91.52%, 1: 8.48%
CHEMBL1909087 0: 91.86%, 1: 8.14%
CHEMBL1909088 0: 87.97%, 1: 12.03%
CHEMBL1909089 0: 88.69%, 1: 11.31%
CHEMBL1909090 0: 90.81%, 1: 9.19%
CHEMBL1909091 0: 97.24%, 1: 2.76%
CHEMBL1909092 0: 97.14%, 1: 2.86%
CHEMBL1909093 0: 98.42%, 1: 1.58%
CHEMBL1909094 0: 90.85%, 1: 9.15%
CHEMBL1909095 0: 98.56%, 1: 1.44%
CHEMBL1909097 0: 99.28%, 1: 0.72%
CHEMBL1909102 0: 92.94%, 1: 7.06%
CHEMBL1909103 0: 97.23%, 1: 2.77%
CHEMBL1909104 0: 87.06%, 1: 12.94%
CHEMBL1909105 0: 88.70%, 1: 11.30%
CHEMBL1909106 0: 98.57%, 1: 1.43%
CHEMBL1909107 0: 97.86%, 1: 2.14%
CHEMBL1909108 0: 93.04%, 1: 6.96%
CHEMBL1909109 0: 90.35%, 1: 9.65%
