wandb: Tracking run with wandb version 0.9.3
wandb: Run data is saved locally in wandb/run-20200720_111055-3isyched
wandb: Syncing run ffn_0.2_dropout_300_hidden_size
wandb: ⭐️ View project at https://app.wandb.ai/apappu97/molecule-metalearning-chemprop
wandb: 🚀 View run at https://app.wandb.ai/apappu97/molecule-metalearning-chemprop/runs/3isyched
wandb: Run `wandb off` to turn off syncing.

Fold 0
Command line
python chemprop/train.py --data_path filtered_chembl/chembl_less_1024_more_128_645_tasks.csv --dataset_type classification --split_type scaffold_balanced --features_only --features_generator morgan --dropout 0.2 --ffn_hidden_size 300 --num_folds 2 --epochs 30 --results_save_dir results/initial_hyperparameter_tuning/ --experiment_name ffn_0.2_dropout_300_hidden_size
Args
{'ANIL': False,
 'FO_MAML': False,
 'activation': 'ReLU',
 'atom_messages': False,
 'batch_size': 50,
 'bias': False,
 'cache_cutoff': 10000,
 'checkpoint_dir': None,
 'checkpoint_path': None,
 'checkpoint_paths': None,
 'chembl_assay_metadata_pickle_path': None,
 'class_balance': False,
 'config_path': None,
 'crossval_index_dir': None,
 'crossval_index_file': None,
 'crossval_index_sets': None,
 'data_path': 'filtered_chembl/chembl_less_1024_more_128_645_tasks.csv',
 'dataset_type': 'classification',
 'depth': 3,
 'dropout': 0.2,
 'dummy': False,
 'ensemble_size': 1,
 'epochs': 30,
 'experiment_name': 'ffn_0.2_dropout_300_hidden_size',
 'features_generator': ['morgan'],
 'features_only': True,
 'features_path': None,
 'features_size': None,
 'ffn_hidden_size': 300,
 'ffn_num_layers': 2,
 'final_lr': 0.0001,
 'folds_file': None,
 'gpu': None,
 'hidden_size': 300,
 'init_lr': 0.0001,
 'inner_loop_lr': 0.05,
 'log_frequency': 10,
 'max_data_size': None,
 'max_lr': 0.001,
 'meta_batch_size': 3,
 'meta_learning': False,
 'meta_test_split_sizes': (0.8, 0.1, 0.1),
 'meta_train_split_sizes': (0.8, 0.2, 0),
 'metric': 'auc',
 'minimize_score': False,
 'multiclass_num_classes': 3,
 'no_cuda': False,
 'no_features_scaling': False,
 'num_folds': 2,
 'num_inner_gradient_steps': 2,
 'num_lrs': 1,
 'num_tasks': None,
 'num_workers': 8,
 'outer_loop_lr': 0.003,
 'pytorch_seed': 0,
 'quiet': False,
 'results_save_dir': 'results/initial_hyperparameter_tuning/',
 'save_dir': '/tmp/2273220.6.gpu.q/tmp6u32e6vg/fold_0',
 'save_smiles_splits': False,
 'seed': 0,
 'separate_test_features_path': None,
 'separate_test_path': None,
 'separate_val_features_path': None,
 'separate_val_path': None,
 'show_individual_scores': False,
 'smiles_column': None,
 'split_sizes': (0.8, 0.1, 0.1),
 'split_type': 'scaffold_balanced',
 'target_columns': None,
 'task_names': None,
 'test': False,
 'test_fold_index': None,
 'train_data_size': None,
 'undirected': False,
 'use_input_features': True,
 'val_fold_index': None,
 'warmup_epochs': 2.0}
Loading data
0it [00:00, ?it/s]540it [00:00, 5396.53it/s]1179it [00:00, 5659.29it/s]1821it [00:00, 5867.56it/s]2437it [00:00, 5949.94it/s]3090it [00:00, 6111.41it/s]3724it [00:00, 6177.73it/s]4281it [00:00, 4745.85it/s]4919it [00:00, 5139.16it/s]5538it [00:00, 5397.61it/s]6205it [00:01, 5723.91it/s]6848it [00:01, 5916.71it/s]7452it [00:01, 4746.11it/s]8087it [00:01, 5133.98it/s]8642it [00:01, 4426.28it/s]9286it [00:01, 4883.57it/s]9933it [00:01, 5269.95it/s]10580it [00:01, 5578.53it/s]11225it [00:02, 5813.02it/s]11843it [00:02, 5917.75it/s]12518it [00:02, 5393.50it/s]13192it [00:02, 5736.60it/s]13841it [00:02, 5942.55it/s]14470it [00:02, 6041.50it/s]15118it [00:02, 6165.30it/s]15766it [00:02, 6254.74it/s]16415it [00:02, 6321.10it/s]17053it [00:03, 5468.21it/s]17624it [00:03, 1931.27it/s]18238it [00:03, 2431.07it/s]18877it [00:03, 2985.55it/s]19518it [00:04, 3554.95it/s]20092it [00:04, 4012.50it/s]20657it [00:04, 4305.53it/s]21230it [00:04, 4003.56it/s]21900it [00:04, 4552.47it/s]22538it [00:04, 4979.38it/s]23160it [00:04, 5295.50it/s]23801it [00:04, 5585.45it/s]24442it [00:04, 5808.21it/s]25081it [00:05, 5969.51it/s]25703it [00:05, 5283.65it/s]26315it [00:05, 5508.74it/s]26943it [00:05, 5717.74it/s]27534it [00:05, 5646.32it/s]28199it [00:05, 5859.89it/s]28867it [00:05, 6083.40it/s]29489it [00:05, 6121.56it/s]30109it [00:05, 5408.36it/s]30747it [00:06, 5666.31it/s]31391it [00:06, 5876.17it/s]32035it [00:06, 6032.84it/s]32689it [00:06, 6176.01it/s]33328it [00:06, 6237.61it/s]33958it [00:06, 5349.79it/s]34598it [00:06, 5625.62it/s]35242it [00:06, 5845.45it/s]35865it [00:06, 5953.80it/s]36536it [00:07, 6160.28it/s]37176it [00:07, 6230.09it/s]37819it [00:07, 6286.71it/s]38454it [00:07, 5545.29it/s]39083it [00:07, 5747.45it/s]39726it [00:07, 5935.61it/s]40394it [00:07, 6139.80it/s]41036it [00:07, 6218.95it/s]41677it [00:07, 6274.25it/s]42310it [00:08, 5477.98it/s]42952it [00:08, 5728.47it/s]43595it [00:08, 5920.66it/s]44237it [00:08, 6060.94it/s]44907it [00:08, 6237.51it/s]45540it [00:08, 6246.99it/s]46180it [00:08, 6291.46it/s]46814it [00:08, 5530.40it/s]47457it [00:08, 5771.62it/s]48100it [00:08, 5952.83it/s]48759it [00:09, 6129.22it/s]49402it [00:09, 6215.63it/s]50043it [00:09, 6270.64it/s]50676it [00:09, 5525.14it/s]51307it [00:09, 5739.20it/s]51950it [00:09, 5929.02it/s]52608it [00:09, 6072.27it/s]53262it [00:09, 6203.30it/s]53890it [00:09, 6201.96it/s]54516it [00:10, 6154.71it/s]55136it [00:10, 5142.52it/s]55758it [00:10, 5423.17it/s]56416it [00:10, 5725.03it/s]57055it [00:10, 5907.75it/s]57695it [00:10, 6045.64it/s]58340it [00:10, 6159.64it/s]58966it [00:10, 5410.20it/s]59611it [00:10, 5684.98it/s]60281it [00:11, 5914.83it/s]60959it [00:11, 6150.04it/s]61609it [00:11, 6249.42it/s]61865it [00:11, 5484.28it/s]
  0% 0/61865 [00:00<?, ?it/s]  0% 158/61865 [00:00<00:39, 1577.49it/s]  1% 319/61865 [00:00<00:38, 1584.09it/s]  1% 475/61865 [00:00<00:38, 1576.36it/s]  1% 635/61865 [00:00<00:38, 1583.13it/s]  1% 802/61865 [00:00<00:38, 1606.67it/s]  2% 952/61865 [00:00<00:38, 1571.28it/s]  2% 1111/61865 [00:00<00:38, 1576.04it/s]  2% 1256/61865 [00:00<00:42, 1412.54it/s]  2% 1417/61865 [00:00<00:41, 1466.11it/s]  3% 1574/61865 [00:02<03:05, 325.54it/s]   3% 1734/61865 [00:02<02:20, 427.75it/s]  3% 1904/61865 [00:02<01:48, 551.45it/s]  3% 2068/61865 [00:02<01:26, 688.01it/s]  4% 2230/61865 [00:02<01:11, 830.86it/s]  4% 2397/61865 [00:02<01:00, 977.78it/s]  4% 2560/61865 [00:02<00:53, 1110.62it/s]  4% 2723/61865 [00:02<00:48, 1226.52it/s]  5% 2898/61865 [00:03<00:43, 1347.26it/s]  5% 3078/61865 [00:03<00:40, 1456.90it/s]  5% 3251/61865 [00:03<00:38, 1527.22it/s]  6% 3425/61865 [00:03<00:36, 1583.70it/s]  6% 3598/61865 [00:03<00:35, 1622.61it/s]  6% 3770/61865 [00:03<00:35, 1624.20it/s]  6% 3939/61865 [00:03<00:35, 1616.96it/s]  7% 4106/61865 [00:03<00:35, 1609.17it/s]  7% 4277/61865 [00:03<00:35, 1637.11it/s]  7% 4448/61865 [00:04<00:34, 1655.30it/s]  7% 4616/61865 [00:04<00:34, 1658.54it/s]  8% 4783/61865 [00:04<00:34, 1646.17it/s]  8% 4951/61865 [00:04<00:34, 1653.77it/s]  8% 5117/61865 [00:04<00:34, 1642.87it/s]  9% 5282/61865 [00:04<00:34, 1622.37it/s]  9% 5445/61865 [00:04<00:35, 1610.85it/s]  9% 5607/61865 [00:04<00:34, 1611.23it/s]  9% 5771/61865 [00:04<00:34, 1617.29it/s] 10% 5934/61865 [00:04<00:34, 1620.58it/s] 10% 6097/61865 [00:05<00:34, 1610.93it/s] 10% 6259/61865 [00:05<00:34, 1613.25it/s] 10% 6421/61865 [00:05<00:34, 1613.96it/s] 11% 6583/61865 [00:05<00:34, 1609.65it/s] 11% 6744/61865 [00:05<00:34, 1609.02it/s] 11% 6909/61865 [00:05<00:33, 1618.94it/s] 11% 7078/61865 [00:05<00:33, 1639.07it/s] 12% 7245/61865 [00:05<00:33, 1647.24it/s] 12% 7410/61865 [00:05<00:33, 1617.98it/s] 12% 7572/61865 [00:05<00:33, 1603.02it/s] 12% 7733/61865 [00:06<00:33, 1598.37it/s] 13% 7904/61865 [00:06<00:33, 1628.34it/s] 13% 8072/61865 [00:06<00:32, 1641.57it/s] 13% 8237/61865 [00:06<00:33, 1593.94it/s] 14% 8400/61865 [00:06<00:33, 1601.98it/s] 14% 8568/61865 [00:06<00:32, 1624.00it/s] 14% 8736/61865 [00:06<00:32, 1639.75it/s] 14% 8901/61865 [00:06<00:32, 1635.92it/s] 15% 9066/61865 [00:06<00:32, 1639.02it/s] 15% 9231/61865 [00:06<00:32, 1633.92it/s] 15% 9397/61865 [00:07<00:31, 1639.75it/s] 15% 9562/61865 [00:07<00:32, 1626.73it/s] 16% 9727/61865 [00:07<00:31, 1632.41it/s] 16% 9891/61865 [00:07<00:31, 1634.40it/s] 16% 10056/61865 [00:07<00:31, 1638.71it/s] 17% 10220/61865 [00:07<00:31, 1625.01it/s] 17% 10384/61865 [00:07<00:31, 1628.10it/s] 17% 10547/61865 [00:07<00:31, 1618.81it/s] 17% 10711/61865 [00:07<00:31, 1622.75it/s] 18% 10874/61865 [00:07<00:31, 1621.48it/s] 18% 11037/61865 [00:08<00:31, 1613.90it/s] 18% 11205/61865 [00:08<00:31, 1631.50it/s] 18% 11372/61865 [00:08<00:30, 1642.38it/s] 19% 11537/61865 [00:08<00:30, 1641.53it/s] 19% 11702/61865 [00:08<00:30, 1631.79it/s] 19% 11866/61865 [00:08<00:30, 1629.37it/s] 19% 12034/61865 [00:08<00:30, 1643.53it/s] 20% 12200/61865 [00:08<00:30, 1646.58it/s] 20% 12365/61865 [00:08<00:30, 1638.40it/s] 20% 12529/61865 [00:08<00:30, 1636.49it/s] 21% 12697/61865 [00:09<00:29, 1646.75it/s] 21% 12863/61865 [00:09<00:29, 1648.10it/s] 21% 13028/61865 [00:09<00:30, 1625.02it/s] 21% 13195/61865 [00:09<00:29, 1637.32it/s] 22% 13365/61865 [00:09<00:29, 1654.43it/s] 22% 13533/61865 [00:09<00:29, 1660.34it/s] 22% 13700/61865 [00:09<00:29, 1652.38it/s] 22% 13866/61865 [00:09<00:29, 1650.40it/s] 23% 14032/61865 [00:09<00:29, 1644.38it/s] 23% 14197/61865 [00:09<00:29, 1635.84it/s] 23% 14361/61865 [00:10<00:29, 1620.22it/s] 23% 14524/61865 [00:10<00:29, 1621.61it/s] 24% 14687/61865 [00:10<00:29, 1615.08it/s] 24% 14852/61865 [00:10<00:28, 1623.10it/s] 24% 15018/61865 [00:10<00:28, 1631.47it/s] 25% 15182/61865 [00:10<00:28, 1624.75it/s] 25% 15349/61865 [00:10<00:28, 1636.71it/s] 25% 15514/61865 [00:10<00:28, 1639.71it/s] 25% 15679/61865 [00:10<00:28, 1637.55it/s] 26% 15843/61865 [00:11<00:28, 1633.25it/s] 26% 16010/61865 [00:11<00:27, 1643.93it/s] 26% 16176/61865 [00:11<00:27, 1645.56it/s] 26% 16343/61865 [00:11<00:27, 1650.27it/s] 27% 16509/61865 [00:11<00:27, 1635.73it/s] 27% 16679/61865 [00:11<00:27, 1653.03it/s] 27% 16850/61865 [00:11<00:26, 1668.70it/s] 28% 17020/61865 [00:11<00:26, 1677.64it/s] 28% 17188/61865 [00:11<00:26, 1665.49it/s] 28% 17355/61865 [00:11<00:26, 1657.60it/s] 28% 17523/61865 [00:12<00:26, 1661.75it/s] 29% 17690/61865 [00:12<00:26, 1663.13it/s] 29% 17857/61865 [00:12<00:26, 1649.56it/s] 29% 18023/61865 [00:12<00:26, 1652.15it/s] 29% 18191/61865 [00:12<00:26, 1659.15it/s] 30% 18359/61865 [00:12<00:26, 1663.60it/s] 30% 18526/61865 [00:12<00:26, 1660.86it/s] 30% 18693/61865 [00:12<00:26, 1645.37it/s] 30% 18858/61865 [00:12<00:26, 1644.47it/s] 31% 19023/61865 [00:12<00:26, 1645.20it/s] 31% 19189/61865 [00:13<00:25, 1647.66it/s] 31% 19354/61865 [00:13<00:25, 1639.75it/s] 32% 19522/61865 [00:13<00:25, 1648.52it/s] 32% 19689/61865 [00:13<00:25, 1653.13it/s] 32% 19855/61865 [00:13<00:25, 1644.11it/s] 32% 20020/61865 [00:13<00:25, 1631.09it/s] 33% 20184/61865 [00:13<00:25, 1631.77it/s] 33% 20348/61865 [00:13<00:25, 1627.69it/s] 33% 20514/61865 [00:13<00:25, 1635.19it/s] 33% 20678/61865 [00:13<00:25, 1629.42it/s] 34% 20845/61865 [00:14<00:25, 1639.29it/s] 34% 21009/61865 [00:14<00:24, 1639.05it/s] 34% 21175/61865 [00:14<00:24, 1644.45it/s] 34% 21340/61865 [00:14<00:24, 1637.33it/s] 35% 21504/61865 [00:14<00:24, 1624.25it/s] 35% 21670/61865 [00:14<00:24, 1634.39it/s] 35% 21837/61865 [00:14<00:24, 1643.48it/s] 36% 22002/61865 [00:14<00:24, 1641.83it/s] 36% 22167/61865 [00:14<00:24, 1639.28it/s] 36% 22333/61865 [00:14<00:24, 1644.81it/s] 36% 22502/61865 [00:15<00:23, 1656.13it/s] 37% 22668/61865 [00:15<00:23, 1653.13it/s] 37% 22834/61865 [00:15<00:23, 1648.49it/s] 37% 23000/61865 [00:15<00:23, 1650.71it/s] 37% 23167/61865 [00:15<00:23, 1654.90it/s] 38% 23334/61865 [00:15<00:23, 1659.29it/s] 38% 23500/61865 [00:15<00:23, 1654.32it/s] 38% 23667/61865 [00:15<00:23, 1657.75it/s] 39% 23834/61865 [00:15<00:22, 1658.54it/s] 39% 24004/61865 [00:15<00:22, 1668.26it/s] 39% 24171/61865 [00:16<00:22, 1647.73it/s] 39% 24339/61865 [00:16<00:22, 1654.11it/s] 40% 24507/61865 [00:16<00:22, 1661.04it/s] 40% 24674/61865 [00:16<00:22, 1661.37it/s] 40% 24841/61865 [00:16<00:22, 1651.35it/s] 40% 25007/61865 [00:16<00:22, 1648.21it/s] 41% 25173/61865 [00:16<00:22, 1651.07it/s] 41% 25341/61865 [00:16<00:22, 1657.73it/s] 41% 25507/61865 [00:16<00:21, 1654.24it/s] 41% 25673/61865 [00:16<00:22, 1638.89it/s] 42% 25840/61865 [00:17<00:21, 1645.95it/s] 42% 26005/61865 [00:17<00:21, 1647.01it/s] 42% 26170/61865 [00:17<00:21, 1646.90it/s] 43% 26335/61865 [00:17<00:21, 1633.95it/s] 43% 26499/61865 [00:17<00:21, 1634.21it/s] 43% 26666/61865 [00:17<00:21, 1642.49it/s] 43% 26835/61865 [00:17<00:21, 1653.19it/s] 44% 27001/61865 [00:17<00:21, 1644.34it/s] 44% 27169/61865 [00:17<00:20, 1652.21it/s] 44% 27335/61865 [00:17<00:20, 1653.99it/s] 44% 27502/61865 [00:18<00:20, 1657.95it/s] 45% 27668/61865 [00:18<00:20, 1651.50it/s] 45% 27835/61865 [00:18<00:20, 1656.95it/s] 45% 28001/61865 [00:18<00:20, 1656.76it/s] 46% 28167/61865 [00:18<00:20, 1648.18it/s] 46% 28332/61865 [00:18<00:20, 1629.05it/s] 46% 28496/61865 [00:18<00:20, 1630.11it/s] 46% 28661/61865 [00:18<00:20, 1633.86it/s] 47% 28826/61865 [00:18<00:20, 1636.02it/s] 47% 28990/61865 [00:18<00:20, 1626.04it/s] 47% 29155/61865 [00:19<00:20, 1630.39it/s] 47% 29322/61865 [00:19<00:19, 1640.71it/s] 48% 29488/61865 [00:19<00:19, 1645.54it/s] 48% 29656/61865 [00:19<00:19, 1654.49it/s] 48% 29822/61865 [00:19<00:19, 1649.07it/s] 48% 29988/61865 [00:19<00:19, 1650.12it/s] 49% 30155/61865 [00:19<00:19, 1655.64it/s] 49% 30321/61865 [00:19<00:19, 1652.51it/s] 49% 30487/61865 [00:19<00:19, 1634.55it/s] 50% 30656/61865 [00:19<00:18, 1649.72it/s] 50% 30822/61865 [00:20<00:18, 1649.78it/s] 50% 30988/61865 [00:20<00:18, 1649.10it/s] 50% 31153/61865 [00:20<00:18, 1635.75it/s] 51% 31319/61865 [00:20<00:18, 1642.31it/s] 51% 31487/61865 [00:20<00:18, 1653.40it/s] 51% 31655/61865 [00:20<00:18, 1659.91it/s] 51% 31822/61865 [00:20<00:18, 1654.03it/s] 52% 31988/61865 [00:20<00:18, 1652.86it/s] 52% 32154/61865 [00:20<00:17, 1654.74it/s] 52% 32320/61865 [00:20<00:17, 1645.22it/s] 53% 32485/61865 [00:21<00:18, 1605.85it/s] 53% 32650/61865 [00:21<00:18, 1616.72it/s] 53% 32815/61865 [00:21<00:17, 1623.69it/s] 53% 32982/61865 [00:21<00:17, 1634.96it/s] 54% 33148/61865 [00:21<00:17, 1641.43it/s] 54% 33313/61865 [00:21<00:17, 1642.14it/s] 54% 33478/61865 [00:21<00:17, 1642.14it/s] 54% 33645/61865 [00:21<00:17, 1649.28it/s] 55% 33811/61865 [00:21<00:16, 1651.08it/s] 55% 33977/61865 [00:22<00:16, 1642.03it/s] 55% 34144/61865 [00:22<00:16, 1650.02it/s] 55% 34314/61865 [00:22<00:16, 1664.12it/s] 56% 34481/61865 [00:22<00:16, 1662.65it/s] 56% 34648/61865 [00:22<00:16, 1648.82it/s] 56% 34813/61865 [00:22<00:16, 1639.84it/s] 57% 34978/61865 [00:22<00:16, 1638.72it/s] 57% 35142/61865 [00:22<00:16, 1634.83it/s] 57% 35306/61865 [00:22<00:16, 1623.48it/s] 57% 35469/61865 [00:22<00:16, 1621.86it/s] 58% 35633/61865 [00:23<00:16, 1624.63it/s] 58% 35798/61865 [00:23<00:15, 1631.92it/s] 58% 35964/61865 [00:23<00:15, 1637.82it/s] 58% 36128/61865 [00:23<00:15, 1629.13it/s] 59% 36291/61865 [00:23<00:15, 1628.17it/s] 59% 36458/61865 [00:23<00:15, 1639.21it/s] 59% 36623/61865 [00:23<00:15, 1641.97it/s] 59% 36788/61865 [00:23<00:15, 1643.27it/s] 60% 36953/61865 [00:23<00:15, 1634.85it/s] 60% 37122/61865 [00:23<00:14, 1649.54it/s] 60% 37288/61865 [00:24<00:14, 1650.91it/s] 61% 37454/61865 [00:24<00:14, 1651.86it/s] 61% 37622/61865 [00:24<00:14, 1659.53it/s] 61% 37790/61865 [00:24<00:14, 1662.72it/s] 61% 37958/61865 [00:24<00:14, 1665.37it/s] 62% 38125/61865 [00:24<00:14, 1654.66it/s] 62% 38292/61865 [00:24<00:14, 1658.90it/s] 62% 38458/61865 [00:24<00:14, 1659.00it/s] 62% 38625/61865 [00:24<00:13, 1660.55it/s] 63% 38792/61865 [00:24<00:13, 1648.08it/s] 63% 38957/61865 [00:25<00:13, 1637.89it/s] 63% 39122/61865 [00:25<00:13, 1641.49it/s] 64% 39291/61865 [00:25<00:13, 1655.33it/s] 64% 39457/61865 [00:25<00:13, 1650.58it/s] 64% 39623/61865 [00:25<00:13, 1647.95it/s] 64% 39791/61865 [00:25<00:13, 1656.82it/s] 65% 39958/61865 [00:25<00:13, 1657.88it/s] 65% 40124/61865 [00:25<00:13, 1648.62it/s] 65% 40289/61865 [00:25<00:13, 1641.06it/s] 65% 40454/61865 [00:25<00:13, 1637.89it/s] 66% 40618/61865 [00:26<00:12, 1635.44it/s] 66% 40784/61865 [00:26<00:12, 1640.82it/s] 66% 40949/61865 [00:26<00:12, 1626.07it/s] 66% 41117/61865 [00:26<00:12, 1640.05it/s] 67% 41283/61865 [00:26<00:12, 1643.96it/s] 67% 41452/61865 [00:26<00:12, 1655.30it/s] 67% 41618/61865 [00:26<00:12, 1639.01it/s] 68% 41785/61865 [00:26<00:12, 1645.71it/s] 68% 41953/61865 [00:26<00:12, 1654.43it/s] 68% 42119/61865 [00:26<00:11, 1651.75it/s] 68% 42285/61865 [00:27<00:11, 1645.25it/s] 69% 42450/61865 [00:27<00:11, 1636.55it/s] 69% 42614/61865 [00:27<00:11, 1628.57it/s] 69% 42780/61865 [00:27<00:11, 1636.22it/s] 69% 42946/61865 [00:27<00:11, 1642.12it/s] 70% 43111/61865 [00:27<00:11, 1644.21it/s] 70% 43276/61865 [00:27<00:11, 1641.05it/s] 70% 43444/61865 [00:27<00:11, 1650.49it/s] 70% 43610/61865 [00:27<00:11, 1651.44it/s] 71% 43776/61865 [00:27<00:11, 1639.95it/s] 71% 43942/61865 [00:28<00:10, 1643.14it/s] 71% 44110/61865 [00:28<00:10, 1652.49it/s] 72% 44277/61865 [00:28<00:10, 1655.66it/s] 72% 44443/61865 [00:28<00:10, 1641.90it/s] 72% 44612/61865 [00:28<00:10, 1654.53it/s] 72% 44780/61865 [00:28<00:10, 1662.00it/s] 73% 44947/61865 [00:28<00:10, 1657.21it/s] 73% 45113/61865 [00:28<00:10, 1643.56it/s] 73% 45282/61865 [00:28<00:10, 1656.75it/s] 73% 45448/61865 [00:28<00:09, 1650.11it/s] 74% 45614/61865 [00:29<00:09, 1647.79it/s] 74% 45779/61865 [00:29<00:09, 1633.35it/s] 74% 45943/61865 [00:29<00:09, 1632.34it/s] 75% 46107/61865 [00:29<00:09, 1633.19it/s] 75% 46271/61865 [00:29<00:09, 1621.94it/s] 75% 46437/61865 [00:29<00:09, 1630.02it/s] 75% 46601/61865 [00:29<00:09, 1622.42it/s] 76% 46767/61865 [00:29<00:09, 1631.11it/s] 76% 46936/61865 [00:29<00:09, 1645.48it/s] 76% 47101/61865 [00:29<00:08, 1644.37it/s] 76% 47266/61865 [00:30<00:08, 1633.47it/s] 77% 47433/61865 [00:30<00:08, 1642.27it/s] 77% 47600/61865 [00:30<00:08, 1648.91it/s] 77% 47765/61865 [00:30<00:08, 1635.00it/s] 77% 47929/61865 [00:30<00:08, 1622.86it/s] 78% 48096/61865 [00:30<00:08, 1634.41it/s] 78% 48260/61865 [00:32<00:42, 320.60it/s]  78% 48422/61865 [00:32<00:31, 422.13it/s] 79% 48581/61865 [00:32<00:24, 541.13it/s] 79% 48744/61865 [00:32<00:19, 676.68it/s] 79% 48909/61865 [00:32<00:15, 821.84it/s] 79% 49071/61865 [00:32<00:13, 963.53it/s] 80% 49233/61865 [00:32<00:11, 1095.56it/s] 80% 49395/61865 [00:32<00:10, 1212.01it/s] 80% 49558/61865 [00:32<00:09, 1311.15it/s] 80% 49721/61865 [00:32<00:08, 1391.24it/s] 81% 49882/61865 [00:33<00:08, 1443.18it/s] 81% 50042/61865 [00:33<00:07, 1479.75it/s] 81% 50201/61865 [00:33<00:07, 1507.07it/s] 81% 50365/61865 [00:33<00:07, 1544.57it/s] 82% 50526/61865 [00:33<00:07, 1561.84it/s] 82% 50687/61865 [00:33<00:07, 1562.87it/s] 82% 50850/61865 [00:33<00:06, 1581.77it/s] 82% 51011/61865 [00:33<00:06, 1584.66it/s] 83% 51171/61865 [00:33<00:06, 1585.08it/s] 83% 51331/61865 [00:33<00:06, 1583.65it/s] 83% 51493/61865 [00:34<00:06, 1593.18it/s] 83% 51653/61865 [00:34<00:06, 1585.54it/s] 84% 51812/61865 [00:34<00:06, 1584.61it/s] 84% 51974/61865 [00:34<00:06, 1591.69it/s] 84% 52134/61865 [00:34<00:06, 1586.76it/s] 85% 52298/61865 [00:34<00:05, 1602.05it/s] 85% 52459/61865 [00:34<00:05, 1584.05it/s] 85% 52620/61865 [00:34<00:05, 1590.15it/s] 85% 52780/61865 [00:34<00:05, 1584.67it/s] 86% 52942/61865 [00:34<00:05, 1594.73it/s] 86% 53105/61865 [00:35<00:05, 1604.82it/s] 86% 53266/61865 [00:35<00:05, 1576.29it/s] 86% 53429/61865 [00:35<00:05, 1589.41it/s] 87% 53594/61865 [00:35<00:05, 1606.76it/s] 87% 53757/61865 [00:35<00:05, 1613.32it/s] 87% 53919/61865 [00:35<00:04, 1612.96it/s] 87% 54081/61865 [00:35<00:04, 1610.36it/s] 88% 54243/61865 [00:35<00:04, 1599.32it/s] 88% 54407/61865 [00:35<00:04, 1610.45it/s] 88% 54571/61865 [00:36<00:04, 1618.12it/s] 88% 54736/61865 [00:36<00:04, 1627.07it/s] 89% 54899/61865 [00:36<00:04, 1608.92it/s] 89% 55062/61865 [00:36<00:04, 1612.76it/s] 89% 55224/61865 [00:36<00:04, 1607.37it/s] 90% 55385/61865 [00:36<00:04, 1575.74it/s] 90% 55543/61865 [00:36<00:04, 1553.15it/s] 90% 55706/61865 [00:36<00:03, 1574.52it/s] 90% 55865/61865 [00:36<00:03, 1578.30it/s] 91% 56029/61865 [00:36<00:03, 1596.25it/s] 91% 56195/61865 [00:37<00:03, 1614.45it/s] 91% 56357/61865 [00:37<00:03, 1602.80it/s] 91% 56526/61865 [00:37<00:03, 1626.36it/s] 92% 56689/61865 [00:37<00:03, 1582.30it/s] 92% 56848/61865 [00:37<00:03, 1561.85it/s] 92% 57005/61865 [00:37<00:03, 1528.08it/s] 92% 57159/61865 [00:37<00:03, 1512.03it/s] 93% 57311/61865 [00:37<00:03, 1487.13it/s] 93% 57461/61865 [00:37<00:03, 1442.89it/s] 93% 57606/61865 [00:37<00:03, 1410.54it/s] 93% 57748/61865 [00:38<00:02, 1387.50it/s] 94% 57888/61865 [00:38<00:02, 1377.18it/s] 94% 58027/61865 [00:38<00:02, 1362.32it/s] 94% 58164/61865 [00:38<00:02, 1351.44it/s] 94% 58300/61865 [00:38<00:02, 1349.06it/s] 94% 58436/61865 [00:38<00:02, 1351.77it/s] 95% 58583/61865 [00:38<00:02, 1384.62it/s] 95% 58740/61865 [00:38<00:02, 1434.34it/s] 95% 58907/61865 [00:38<00:01, 1496.20it/s] 95% 59067/61865 [00:39<00:01, 1524.51it/s] 96% 59238/61865 [00:39<00:01, 1573.86it/s] 96% 59407/61865 [00:39<00:01, 1605.34it/s] 96% 59577/61865 [00:39<00:01, 1632.33it/s] 97% 59742/61865 [00:39<00:01, 1634.75it/s] 97% 59906/61865 [00:39<00:01, 1579.53it/s] 97% 60065/61865 [00:39<00:01, 1561.91it/s] 97% 60223/61865 [00:39<00:01, 1565.26it/s] 98% 60387/61865 [00:39<00:00, 1586.44it/s] 98% 60553/61865 [00:39<00:00, 1606.11it/s] 98% 60723/61865 [00:40<00:00, 1630.64it/s] 98% 60893/61865 [00:40<00:00, 1649.16it/s] 99% 61061/61865 [00:40<00:00, 1658.15it/s] 99% 61228/61865 [00:40<00:00, 1659.09it/s] 99% 61398/61865 [00:40<00:00, 1668.79it/s]100% 61569/61865 [00:40<00:00, 1679.48it/s]100% 61738/61865 [00:40<00:00, 1681.56it/s]100% 61865/61865 [00:40<00:00, 1519.83it/s]
  0% 0/61865 [00:00<?, ?it/s] 24% 14826/61865 [00:00<00:00, 148258.02it/s] 47% 29188/61865 [00:00<00:00, 146834.32it/s] 72% 44349/61865 [00:00<00:00, 148234.14it/s]100% 61865/61865 [00:00<00:00, 168315.65it/s]
Number of tasks = 645
Splitting data with seed 0
  0% 0/61865 [00:00<?, ?it/s]  1% 590/61865 [00:00<00:10, 5888.82it/s]  2% 1173/61865 [00:00<00:10, 5870.80it/s]  3% 1728/61865 [00:00<00:10, 5767.19it/s]  4% 2258/61865 [00:00<00:10, 5616.55it/s]  4% 2772/61865 [00:00<00:10, 5464.45it/s]  5% 3381/61865 [00:00<00:10, 5637.96it/s]  6% 3905/61865 [00:00<00:10, 5511.60it/s]  7% 4411/61865 [00:00<00:10, 5321.32it/s]  8% 4935/61865 [00:00<00:10, 5295.74it/s]  9% 5444/61865 [00:01<00:11, 5099.82it/s] 10% 5941/61865 [00:01<00:11, 4986.91it/s] 10% 6431/61865 [00:01<00:11, 4891.35it/s] 11% 6923/61865 [00:01<00:11, 4899.89it/s] 12% 7417/61865 [00:01<00:11, 4909.22it/s] 13% 7906/61865 [00:01<00:11, 4878.38it/s] 14% 8392/61865 [00:01<00:11, 4647.48it/s] 14% 8858/61865 [00:01<00:11, 4634.78it/s] 15% 9362/61865 [00:01<00:11, 4746.89it/s] 16% 9858/61865 [00:01<00:10, 4805.48it/s] 17% 10352/61865 [00:02<00:10, 4841.98it/s] 18% 10837/61865 [00:02<00:10, 4834.39it/s] 18% 11337/61865 [00:02<00:10, 4880.73it/s] 19% 11826/61865 [00:02<00:10, 4855.14it/s] 20% 12341/61865 [00:02<00:10, 4938.07it/s] 21% 12848/61865 [00:02<00:09, 4975.58it/s] 22% 13365/61865 [00:02<00:09, 5030.74it/s] 22% 13882/61865 [00:02<00:09, 5070.90it/s] 23% 14390/61865 [00:02<00:09, 4988.63it/s] 24% 14890/61865 [00:02<00:09, 4929.73it/s] 25% 15394/61865 [00:03<00:09, 4959.80it/s] 26% 15892/61865 [00:03<00:09, 4964.22it/s] 27% 16398/61865 [00:03<00:09, 4988.36it/s] 27% 16923/61865 [00:03<00:08, 5060.51it/s] 28% 17441/61865 [00:03<00:08, 5094.53it/s] 29% 17971/61865 [00:03<00:08, 5154.35it/s] 30% 18487/61865 [00:03<00:08, 5138.17it/s] 31% 19002/61865 [00:03<00:08, 5092.07it/s] 32% 19512/61865 [00:03<00:08, 5083.17it/s] 32% 20021/61865 [00:03<00:08, 5073.78it/s] 33% 20529/61865 [00:04<00:08, 5003.77it/s] 34% 21033/61865 [00:04<00:08, 5011.90it/s] 35% 21535/61865 [00:04<00:08, 4952.00it/s] 36% 22053/61865 [00:04<00:07, 5017.84it/s] 36% 22571/61865 [00:04<00:07, 5064.82it/s] 37% 23086/61865 [00:04<00:07, 5088.99it/s] 38% 23607/61865 [00:04<00:07, 5122.40it/s] 39% 24129/61865 [00:04<00:07, 5148.07it/s] 40% 24648/61865 [00:04<00:07, 5159.25it/s] 41% 25165/61865 [00:04<00:07, 5134.93it/s] 42% 25679/61865 [00:05<00:07, 5097.11it/s] 42% 26189/61865 [00:05<00:07, 5091.39it/s] 43% 26699/61865 [00:05<00:06, 5071.99it/s] 44% 27218/61865 [00:05<00:06, 5106.42it/s] 45% 27729/61865 [00:05<00:06, 5099.50it/s] 46% 28240/61865 [00:05<00:06, 5062.91it/s] 46% 28747/61865 [00:05<00:06, 5040.98it/s] 47% 29252/61865 [00:05<00:06, 5011.10it/s] 48% 29770/61865 [00:05<00:06, 5056.56it/s] 49% 30279/61865 [00:05<00:06, 5066.03it/s] 50% 30793/61865 [00:06<00:06, 5085.02it/s] 51% 31303/61865 [00:06<00:06, 5087.77it/s] 51% 31823/61865 [00:06<00:05, 5119.44it/s] 52% 32336/61865 [00:06<00:05, 5073.55it/s] 53% 32844/61865 [00:06<00:05, 5053.40it/s] 54% 33357/61865 [00:06<00:05, 5073.45it/s] 55% 33866/61865 [00:06<00:05, 5076.82it/s] 56% 34386/61865 [00:06<00:05, 5111.49it/s] 56% 34898/61865 [00:06<00:05, 5109.98it/s] 57% 35410/61865 [00:06<00:05, 5009.68it/s] 58% 35912/61865 [00:07<00:05, 4977.99it/s] 59% 36411/61865 [00:07<00:05, 4976.44it/s] 60% 36929/61865 [00:07<00:04, 5034.93it/s] 61% 37443/61865 [00:07<00:04, 5065.40it/s] 61% 37966/61865 [00:07<00:04, 5110.56it/s] 62% 38483/61865 [00:07<00:04, 5126.60it/s] 63% 38996/61865 [00:07<00:04, 5067.94it/s] 64% 39521/61865 [00:07<00:04, 5119.34it/s] 65% 40034/61865 [00:07<00:04, 5112.35it/s] 66% 40546/61865 [00:08<00:04, 5057.01it/s] 66% 41053/61865 [00:08<00:04, 5039.84it/s] 67% 41562/61865 [00:08<00:04, 5054.27it/s] 68% 42071/61865 [00:08<00:03, 5064.62it/s] 69% 42578/61865 [00:08<00:03, 4983.99it/s] 70% 43097/61865 [00:08<00:03, 5041.16it/s] 70% 43608/61865 [00:08<00:03, 5059.00it/s] 71% 44115/61865 [00:08<00:03, 5058.69it/s] 72% 44637/61865 [00:08<00:03, 5105.94it/s] 73% 45151/61865 [00:08<00:03, 5112.75it/s] 74% 45663/61865 [00:09<00:03, 5080.13it/s] 75% 46172/61865 [00:09<00:03, 5047.28it/s] 75% 46677/61865 [00:09<00:03, 5036.80it/s] 76% 47182/61865 [00:09<00:02, 5038.94it/s] 77% 47694/61865 [00:09<00:02, 5062.58it/s] 78% 48201/61865 [00:09<00:02, 5001.15it/s] 79% 48702/61865 [00:09<00:02, 4881.27it/s] 80% 49191/61865 [00:09<00:02, 4843.66it/s] 80% 49676/61865 [00:09<00:02, 4800.85it/s] 81% 50157/61865 [00:09<00:02, 4695.89it/s] 82% 50628/61865 [00:10<00:02, 4645.62it/s] 83% 51094/61865 [00:10<00:02, 4612.86it/s] 83% 51556/61865 [00:10<00:02, 4583.51it/s] 84% 52015/61865 [00:10<00:02, 4537.37it/s] 85% 52470/61865 [00:10<00:02, 4495.27it/s] 86% 52927/61865 [00:10<00:01, 4516.98it/s] 86% 53379/61865 [00:10<00:01, 4317.41it/s] 87% 53860/61865 [00:10<00:01, 4452.35it/s] 88% 54308/61865 [00:10<00:01, 4459.20it/s] 89% 54793/61865 [00:10<00:01, 4568.89it/s] 89% 55260/61865 [00:11<00:01, 4595.38it/s] 90% 55721/61865 [00:11<00:01, 4398.05it/s] 91% 56199/61865 [00:11<00:01, 4505.93it/s] 92% 56653/61865 [00:11<00:01, 4508.61it/s] 92% 57106/61865 [00:11<00:01, 4269.25it/s] 93% 57537/61865 [00:11<00:01, 3799.88it/s] 94% 57930/61865 [00:11<00:01, 3462.04it/s] 94% 58291/61865 [00:11<00:01, 3227.92it/s] 95% 58628/61865 [00:12<00:00, 3250.88it/s] 96% 59137/61865 [00:12<00:00, 3645.43it/s] 96% 59676/61865 [00:12<00:00, 4036.58it/s] 97% 60109/61865 [00:12<00:00, 4016.08it/s] 98% 60601/61865 [00:12<00:00, 4249.59it/s] 99% 61145/61865 [00:12<00:00, 4547.78it/s]100% 61683/61865 [00:12<00:00, 4768.25it/s]100% 61865/61865 [00:12<00:00, 4882.57it/s]
Total scaffolds = 30,615 | train scaffolds = 24,639 | val scaffolds = 3,133 | test scaffolds = 2,843
/home/apappu/thesis/molecule-metalearning/chemprop/chemprop/data/scaffold.py:152: RuntimeWarning: Mean of empty slice
  target_avgs.append(np.nanmean(targets, axis=0))
Label averages per scaffold, in decreasing order of scaffold frequency,capped at 10 scaffolds and 20 labels: [(array([nan, nan, nan, nan, nan, nan, nan, nan, nan, nan, nan, nan, nan,
       nan, nan, nan, nan, nan, nan, nan]), array([0, 0, 0, 0, 0, 0, 0, 0, 0, 0, 0, 0, 0, 0, 0, 0, 0, 0, 0, 0])), (array([nan, nan, nan, nan, nan, nan, nan, nan, nan, nan, nan, nan, nan,
       nan, nan, 0.5, nan, nan, nan, nan]), array([0, 0, 0, 0, 0, 0, 0, 0, 0, 0, 0, 0, 0, 0, 0, 2, 0, 0, 0, 0])), (array([nan, nan, nan, nan, nan, nan, nan, nan, nan, nan, nan, nan, nan,
       nan, nan, nan, nan, nan, nan, nan]), array([0, 0, 0, 0, 0, 0, 0, 0, 0, 0, 0, 0, 0, 0, 0, 0, 0, 0, 0, 0])), (array([nan, nan, nan, nan, nan, nan, nan, nan, nan, nan, nan, nan, nan,
       nan, nan, nan, nan, nan, nan, nan]), array([0, 0, 0, 0, 0, 0, 0, 0, 0, 0, 0, 0, 0, 0, 0, 0, 0, 0, 0, 0])), (array([nan, nan, nan, nan, nan, nan, nan, nan, nan, nan, nan, nan, nan,
       nan, nan, nan, nan, nan, nan, nan]), array([0, 0, 0, 0, 0, 0, 0, 0, 0, 0, 0, 0, 0, 0, 0, 0, 0, 0, 0, 0])), (array([nan, nan, nan, nan, nan, nan, nan, nan, nan, nan, nan, nan, nan,
       nan, nan, nan, nan, nan, nan, nan]), array([0, 0, 0, 0, 0, 0, 0, 0, 0, 0, 0, 0, 0, 0, 0, 0, 0, 0, 0, 0])), (array([nan, nan, nan, nan, nan, nan, nan, nan, nan, nan, nan, nan, nan,
       nan, nan, nan, nan, nan, nan, nan]), array([0, 0, 0, 0, 0, 0, 0, 0, 0, 0, 0, 0, 0, 0, 0, 0, 0, 0, 0, 0])), (array([nan, nan, nan, nan, nan, nan, nan, nan, nan, nan, nan, nan, nan,
       nan, nan, nan, nan, nan, nan, nan]), array([0, 0, 0, 0, 0, 0, 0, 0, 0, 0, 0, 0, 0, 0, 0, 0, 0, 0, 0, 0])), (array([nan, nan, nan, nan, nan, nan, nan, nan, nan, nan, nan, nan, nan,
       nan, nan, nan, nan, nan, nan, nan]), array([0, 0, 0, 0, 0, 0, 0, 0, 0, 0, 0, 0, 0, 0, 0, 0, 0, 0, 0, 0])), (array([nan, nan, nan, nan, nan, nan, nan, nan, nan, nan, nan, nan, nan,
       nan, nan, nan, nan, nan, nan, nan]), array([0, 0, 0, 0, 0, 0, 0, 0, 0, 0, 0, 0, 0, 0, 0, 0, 0, 0, 0, 0]))]
Class sizes
CHEMBL1033994 0: 41.98%, 1: 58.02%
CHEMBL1119333 0: 9.59%, 1: 90.41%
CHEMBL1217000 0: 52.41%, 1: 47.59%
CHEMBL1243965 0: 17.11%, 1: 82.89%
CHEMBL1243966 0: 41.96%, 1: 58.04%
CHEMBL1243967 0: 10.17%, 1: 89.83%
CHEMBL1243968 0: 15.06%, 1: 84.94%
CHEMBL1243970 0: 6.91%, 1: 93.09%
CHEMBL1243972 0: 9.92%, 1: 90.08%
CHEMBL1243976 0: 28.99%, 1: 71.01%
CHEMBL1246087 0: 33.88%, 1: 66.12%
CHEMBL1246088 0: 48.37%, 1: 51.63%
CHEMBL1613762 0: 2.45%, 1: 97.55%
CHEMBL1613779 0: 58.47%, 1: 41.53%
CHEMBL1613785 0: 43.22%, 1: 56.78%
CHEMBL1613787 0: 69.08%, 1: 30.92%
CHEMBL1613807 0: 95.99%, 1: 4.01%
CHEMBL1613813 0: 44.20%, 1: 55.80%
CHEMBL1613814 0: 53.85%, 1: 46.15%
CHEMBL1613817 0: 84.86%, 1: 15.14%
CHEMBL1613853 0: 41.86%, 1: 58.14%
CHEMBL1613861 0: 14.47%, 1: 85.53%
CHEMBL1613864 0: 5.19%, 1: 94.81%
CHEMBL1613867 0: 97.13%, 1: 2.87%
CHEMBL1613870 0: 15.80%, 1: 84.20%
CHEMBL1613871 0: 6.15%, 1: 93.85%
CHEMBL1613874 0: 65.78%, 1: 34.22%
CHEMBL1613876 0: 54.35%, 1: 45.65%
CHEMBL1613884 0: 21.51%, 1: 78.49%
CHEMBL1613890 0: 34.85%, 1: 65.15%
CHEMBL1613897 0: 46.64%, 1: 53.36%
CHEMBL1613898 0: 75.45%, 1: 24.55%
CHEMBL1613904 0: 50.77%, 1: 49.23%
CHEMBL1613907 0: 5.34%, 1: 94.66%
CHEMBL1613926 0: 30.15%, 1: 69.85%
CHEMBL1613928 0: 45.90%, 1: 54.10%
CHEMBL1613929 0: 81.25%, 1: 18.75%
CHEMBL1613941 0: 32.58%, 1: 67.42%
CHEMBL1613942 0: 41.43%, 1: 58.57%
CHEMBL1613947 0: 46.01%, 1: 53.99%
CHEMBL1613949 0: 60.13%, 1: 39.87%
CHEMBL1613950 0: 43.05%, 1: 56.95%
CHEMBL1613955 0: 54.04%, 1: 45.96%
CHEMBL1613962 0: 24.26%, 1: 75.74%
CHEMBL1613967 0: 44.59%, 1: 55.41%
CHEMBL1613981 0: 58.85%, 1: 41.15%
CHEMBL1613991 0: 14.98%, 1: 85.02%
CHEMBL1613997 0: 7.73%, 1: 92.27%
CHEMBL1614001 0: 98.28%, 1: 1.72%
CHEMBL1614004 0: 14.66%, 1: 85.34%
CHEMBL1614016 0: 12.22%, 1: 87.78%
CHEMBL1614030 0: 19.96%, 1: 80.04%
CHEMBL1614034 0: 2.63%, 1: 97.37%
CHEMBL1614035 0: 77.14%, 1: 22.86%
CHEMBL1614049 0: 39.63%, 1: 60.37%
CHEMBL1614053 0: 42.48%, 1: 57.52%
CHEMBL1614063 0: 95.18%, 1: 4.82%
CHEMBL1614065 0: 9.71%, 1: 90.29%
CHEMBL1614066 0: 94.74%, 1: 5.26%
CHEMBL1614069 0: 56.82%, 1: 43.18%
CHEMBL1614072 0: 50.36%, 1: 49.64%
CHEMBL1614084 0: 13.26%, 1: 86.74%
CHEMBL1614091 0: 4.43%, 1: 95.57%
CHEMBL1614092 0: 47.50%, 1: 52.50%
CHEMBL1614097 0: 46.99%, 1: 53.01%
CHEMBL1614098 0: 97.25%, 1: 2.75%
CHEMBL1614104 0: 7.74%, 1: 92.26%
CHEMBL1614105 0: 6.12%, 1: 93.88%
CHEMBL1614109 0: 59.87%, 1: 40.13%
CHEMBL1614128 0: 10.35%, 1: 89.65%
CHEMBL1614131 0: 97.14%, 1: 2.86%
CHEMBL1614132 0: 42.07%, 1: 57.93%
CHEMBL1614138 0: 67.83%, 1: 32.17%
CHEMBL1614155 0: 25.40%, 1: 74.60%
CHEMBL1614158 0: 74.52%, 1: 25.48%
CHEMBL1614167 0: 16.17%, 1: 83.83%
CHEMBL1614170 0: 68.86%, 1: 31.14%
CHEMBL1614171 0: 93.77%, 1: 6.23%
CHEMBL1614175 0: 80.66%, 1: 19.34%
CHEMBL1614185 0: 26.17%, 1: 73.83%
CHEMBL1614197 0: 5.26%, 1: 94.74%
CHEMBL1614199 0: 49.66%, 1: 50.34%
CHEMBL1614202 0: 7.32%, 1: 92.68%
CHEMBL1614215 0: 52.76%, 1: 47.24%
CHEMBL1614216 0: 48.52%, 1: 51.48%
CHEMBL1614218 0: 22.36%, 1: 77.64%
CHEMBL1614225 0: 62.50%, 1: 37.50%
CHEMBL1614244 0: 38.85%, 1: 61.15%
CHEMBL1614247 0: 44.34%, 1: 55.66%
CHEMBL1614252 0: 60.11%, 1: 39.89%
CHEMBL1614255 0: 61.26%, 1: 38.74%
CHEMBL1614259 0: 32.82%, 1: 67.18%
CHEMBL1614272 0: 67.71%, 1: 32.29%
CHEMBL1614276 0: 51.74%, 1: 48.26%
CHEMBL1614287 0: 85.53%, 1: 14.47%
CHEMBL1614288 0: 72.51%, 1: 27.49%
CHEMBL1614290 0: 4.51%, 1: 95.49%
CHEMBL1614295 0: 2.29%, 1: 97.71%
CHEMBL1614301 0: 19.74%, 1: 80.26%
CHEMBL1614304 0: 63.76%, 1: 36.24%
CHEMBL1614309 0: 27.66%, 1: 72.34%
CHEMBL1614311 0: 53.76%, 1: 46.24%
CHEMBL1614314 0: 94.70%, 1: 5.30%
CHEMBL1614319 0: 72.16%, 1: 27.84%
CHEMBL1614320 0: 29.79%, 1: 70.21%
CHEMBL1614321 0: 60.16%, 1: 39.84%
CHEMBL1614328 0: 46.64%, 1: 53.36%
CHEMBL1614329 0: 40.69%, 1: 59.31%
CHEMBL1614336 0: 47.01%, 1: 52.99%
CHEMBL1614344 0: 67.72%, 1: 32.28%
CHEMBL1614356 0: 43.90%, 1: 56.10%
CHEMBL1614359 0: 50.26%, 1: 49.74%
CHEMBL1614363 0: 53.19%, 1: 46.81%
CHEMBL1614385 0: 93.27%, 1: 6.73%
CHEMBL1614388 0: 56.19%, 1: 43.81%
CHEMBL1614393 0: 45.00%, 1: 55.00%
CHEMBL1614395 0: 11.32%, 1: 88.68%
CHEMBL1614403 0: 88.15%, 1: 11.85%
CHEMBL1614423 0: 57.84%, 1: 42.16%
CHEMBL1614425 0: 38.24%, 1: 61.76%
CHEMBL1614433 0: 60.77%, 1: 39.23%
CHEMBL1614434 0: 80.25%, 1: 19.75%
CHEMBL1614456 0: 3.36%, 1: 96.64%
CHEMBL1614466 0: 10.32%, 1: 89.68%
CHEMBL1614469 0: 24.90%, 1: 75.10%
CHEMBL1614477 0: 43.75%, 1: 56.25%
CHEMBL1614478 0: 12.50%, 1: 87.50%
CHEMBL1614480 0: 85.71%, 1: 14.29%
CHEMBL1614484 0: 9.01%, 1: 90.99%
CHEMBL1614492 0: 40.54%, 1: 59.46%
CHEMBL1614499 0: 44.47%, 1: 55.53%
CHEMBL1614503 0: 40.30%, 1: 59.70%
CHEMBL1614504 0: 17.80%, 1: 82.20%
CHEMBL1614509 0: 79.43%, 1: 20.57%
CHEMBL1614512 0: 62.79%, 1: 37.21%
CHEMBL1614514 0: 83.07%, 1: 16.93%
CHEMBL1614515 0: 19.61%, 1: 80.39%
CHEMBL1614516 0: 96.81%, 1: 3.19%
CHEMBL1614522 0: 28.55%, 1: 71.45%
CHEMBL1614524 0: 12.98%, 1: 87.02%
CHEMBL1614528 0: 40.91%, 1: 59.09%
CHEMBL1614547 0: 72.51%, 1: 27.49%
CHEMBL1614548 0: 17.95%, 1: 82.05%
CHEMBL1614549 0: 84.25%, 1: 15.75%
CHEMBL1614550 0: 9.30%, 1: 90.70%
CHEMBL1614554 0: 71.64%, 1: 28.36%
CHEMBL1676103 0: 39.85%, 1: 60.15%
CHEMBL1737860 0: 3.60%, 1: 96.40%
CHEMBL1737863 0: 36.27%, 1: 63.73%
CHEMBL1737865 0: 61.01%, 1: 38.99%
CHEMBL1737868 0: 79.41%, 1: 20.59%
CHEMBL1737910 0: 45.71%, 1: 54.29%
CHEMBL1737912 0: 26.51%, 1: 73.49%
CHEMBL1737942 0: 44.52%, 1: 55.48%
CHEMBL1737951 0: 51.83%, 1: 48.17%
CHEMBL1737961 0: 93.34%, 1: 6.66%
CHEMBL1737966 0: 21.36%, 1: 78.64%
CHEMBL1737967 0: 89.17%, 1: 10.83%
CHEMBL1737977 0: 13.87%, 1: 86.13%
CHEMBL1737978 0: 18.18%, 1: 81.82%
CHEMBL1737979 0: 8.94%, 1: 91.06%
CHEMBL1738019 0: 24.85%, 1: 75.15%
CHEMBL1738021 0: 10.87%, 1: 89.13%
CHEMBL1738025 0: 33.80%, 1: 66.20%
CHEMBL1738040 0: 73.48%, 1: 26.52%
CHEMBL1738043 0: 46.43%, 1: 53.57%
CHEMBL1738079 0: 3.88%, 1: 96.12%
CHEMBL1738080 0: 76.43%, 1: 23.57%
CHEMBL1738091 0: 89.77%, 1: 10.23%
CHEMBL1738097 0: 72.41%, 1: 27.59%
CHEMBL1738131 0: 68.59%, 1: 31.41%
CHEMBL1738164 0: 79.79%, 1: 20.21%
CHEMBL1738171 0: 85.45%, 1: 14.55%
CHEMBL1738183 0: 59.62%, 1: 40.38%
CHEMBL1738197 0: 36.90%, 1: 63.10%
CHEMBL1738202 0: 3.47%, 1: 96.53%
CHEMBL1738242 0: 16.55%, 1: 83.45%
CHEMBL1738249 0: 86.53%, 1: 13.47%
CHEMBL1738253 0: 7.33%, 1: 92.67%
CHEMBL1738319 0: 59.17%, 1: 40.83%
CHEMBL1738325 0: 96.86%, 1: 3.14%
CHEMBL1738362 0: 21.43%, 1: 78.57%
CHEMBL1738369 0: 56.34%, 1: 43.66%
CHEMBL1738371 0: 81.97%, 1: 18.03%
CHEMBL1738391 0: 68.38%, 1: 31.62%
CHEMBL1738400 0: 77.86%, 1: 22.14%
CHEMBL1738402 0: 54.19%, 1: 45.81%
CHEMBL1738407 0: 85.58%, 1: 14.42%
CHEMBL1738408 0: 2.18%, 1: 97.82%
CHEMBL1738414 0: 5.11%, 1: 94.89%
CHEMBL1738418 0: 68.85%, 1: 31.15%
CHEMBL1738422 0: 4.29%, 1: 95.71%
CHEMBL1738424 0: 77.50%, 1: 22.50%
CHEMBL1738430 0: 25.54%, 1: 74.46%
CHEMBL1738438 0: 2.76%, 1: 97.24%
CHEMBL1738482 0: 7.69%, 1: 92.31%
CHEMBL1738485 0: 17.65%, 1: 82.35%
CHEMBL1738494 0: 97.26%, 1: 2.74%
CHEMBL1738495 0: 1.70%, 1: 98.30%
CHEMBL1738497 0: 64.50%, 1: 35.50%
CHEMBL1738502 0: 15.20%, 1: 84.80%
CHEMBL1738510 0: 54.41%, 1: 45.59%
CHEMBL1738512 0: 3.05%, 1: 96.95%
CHEMBL1738513 0: 28.64%, 1: 71.36%
CHEMBL1738552 0: 64.70%, 1: 35.30%
CHEMBL1738575 0: 65.65%, 1: 34.35%
CHEMBL1738578 0: 23.30%, 1: 76.70%
CHEMBL1738579 0: 22.79%, 1: 77.21%
CHEMBL1738593 0: 17.65%, 1: 82.35%
CHEMBL1738599 0: 16.07%, 1: 83.93%
CHEMBL1738602 0: 42.70%, 1: 57.30%
CHEMBL1738610 0: 42.07%, 1: 57.93%
CHEMBL1738611 0: 2.23%, 1: 97.77%
CHEMBL1738632 0: 86.32%, 1: 13.68%
CHEMBL1738633 0: 4.05%, 1: 95.95%
CHEMBL1738639 0: 64.47%, 1: 35.53%
CHEMBL1738642 0: 34.82%, 1: 65.18%
CHEMBL1738670 0: 9.18%, 1: 90.82%
CHEMBL1738673 0: 12.98%, 1: 87.02%
CHEMBL1738679 0: 63.95%, 1: 36.05%
CHEMBL1738682 0: 62.45%, 1: 37.55%
CHEMBL1794296 0: 44.02%, 1: 55.98%
CHEMBL1794303 0: 2.71%, 1: 97.29%
CHEMBL1794320 0: 96.68%, 1: 3.32%
CHEMBL1794327 0: 91.59%, 1: 8.41%
CHEMBL1794336 0: 53.07%, 1: 46.93%
CHEMBL1794350 0: 3.44%, 1: 96.56%
CHEMBL1794355 0: 5.26%, 1: 94.74%
CHEMBL1794356 0: 13.92%, 1: 86.08%
CHEMBL1794358 0: 94.14%, 1: 5.86%
CHEMBL1794365 0: 7.12%, 1: 92.88%
CHEMBL1794383 0: 6.90%, 1: 93.10%
CHEMBL1794387 0: 65.04%, 1: 34.96%
CHEMBL1794393 0: 67.55%, 1: 32.45%
CHEMBL1794396 0: 3.96%, 1: 96.04%
CHEMBL1794410 0: 23.98%, 1: 76.02%
CHEMBL1794413 0: 6.02%, 1: 93.98%
CHEMBL1794438 0: 40.17%, 1: 59.83%
CHEMBL1794445 0: 87.84%, 1: 12.16%
CHEMBL1794452 0: 94.30%, 1: 5.70%
CHEMBL1794457 0: 92.98%, 1: 7.02%
CHEMBL1794460 0: 28.63%, 1: 71.37%
CHEMBL1794467 0: 18.39%, 1: 81.61%
CHEMBL1794475 0: 56.02%, 1: 43.98%
CHEMBL1794484 0: 44.93%, 1: 55.07%
CHEMBL1794494 0: 5.33%, 1: 94.67%
CHEMBL1794497 0: 8.47%, 1: 91.53%
CHEMBL1794499 0: 73.90%, 1: 26.10%
CHEMBL1794508 0: 94.63%, 1: 5.37%
CHEMBL1794516 0: 3.21%, 1: 96.79%
CHEMBL1794522 0: 58.65%, 1: 41.35%
CHEMBL1794528 0: 79.86%, 1: 20.14%
CHEMBL1794531 0: 92.03%, 1: 7.97%
CHEMBL1794548 0: 88.74%, 1: 11.26%
CHEMBL1794566 0: 6.05%, 1: 93.95%
CHEMBL1794567 0: 9.61%, 1: 90.39%
CHEMBL1794570 0: 92.79%, 1: 7.21%
CHEMBL1794571 0: 53.55%, 1: 46.45%
CHEMBL1794573 0: 10.54%, 1: 89.46%
CHEMBL1794574 0: 1.09%, 1: 98.91%
CHEMBL1794578 0: 46.99%, 1: 53.01%
CHEMBL1794581 0: 19.65%, 1: 80.35%
CHEMBL1863510 0: 2.14%, 1: 97.86%
CHEMBL1863512 0: 2.79%, 1: 97.21%
CHEMBL1909084 0: 99.28%, 1: 0.72%
CHEMBL1909085 0: 92.10%, 1: 7.90%
CHEMBL1909086 0: 91.52%, 1: 8.48%
CHEMBL1909087 0: 91.86%, 1: 8.14%
CHEMBL1909088 0: 87.97%, 1: 12.03%
CHEMBL1909089 0: 88.69%, 1: 11.31%
CHEMBL1909090 0: 90.81%, 1: 9.19%
CHEMBL1909091 0: 97.24%, 1: 2.76%
CHEMBL1909092 0: 97.14%, 1: 2.86%
CHEMBL1909093 0: 98.42%, 1: 1.58%
CHEMBL1909094 0: 90.85%, 1: 9.15%
CHEMBL1909095 0: 98.56%, 1: 1.44%
CHEMBL1909097 0: 99.28%, 1: 0.72%
CHEMBL1909102 0: 92.94%, 1: 7.06%
CHEMBL1909103 0: 97.23%, 1: 2.77%
CHEMBL1909104 0: 87.06%, 1: 12.94%
CHEMBL1909105 0: 88.70%, 1: 11.30%
CHEMBL1909106 0: 98.57%, 1: 1.43%
