wandb: Tracking run with wandb version 0.9.3
wandb: Run data is saved locally in wandb/run-20200720_130416-3vu6ik52
wandb: Syncing run ffn_0.4_dropout_400_hidden_size
wandb: ⭐️ View project at https://app.wandb.ai/apappu97/molecule-metalearning-chemprop
wandb: 🚀 View run at https://app.wandb.ai/apappu97/molecule-metalearning-chemprop/runs/3vu6ik52
wandb: Run `wandb off` to turn off syncing.

Fold 0
Command line
python chemprop/train.py --data_path filtered_chembl/chembl_less_1024_more_128_645_tasks.csv --dataset_type classification --split_type scaffold_balanced --features_only --features_generator morgan --dropout 0.4 --ffn_hidden_size 400 --num_folds 2 --epochs 30 --results_save_dir results/initial_hyperparameter_tuning/ --experiment_name ffn_0.4_dropout_400_hidden_size
Args
{'ANIL': False,
 'FO_MAML': False,
 'activation': 'ReLU',
 'atom_messages': False,
 'batch_size': 50,
 'bias': False,
 'cache_cutoff': 10000,
 'checkpoint_dir': None,
 'checkpoint_path': None,
 'checkpoint_paths': None,
 'chembl_assay_metadata_pickle_path': None,
 'class_balance': False,
 'config_path': None,
 'crossval_index_dir': None,
 'crossval_index_file': None,
 'crossval_index_sets': None,
 'data_path': 'filtered_chembl/chembl_less_1024_more_128_645_tasks.csv',
 'dataset_type': 'classification',
 'depth': 3,
 'dropout': 0.4,
 'dummy': False,
 'ensemble_size': 1,
 'epochs': 30,
 'experiment_name': 'ffn_0.4_dropout_400_hidden_size',
 'features_generator': ['morgan'],
 'features_only': True,
 'features_path': None,
 'features_size': None,
 'ffn_hidden_size': 400,
 'ffn_num_layers': 2,
 'final_lr': 0.0001,
 'folds_file': None,
 'gpu': None,
 'hidden_size': 300,
 'init_lr': 0.0001,
 'inner_loop_lr': 0.05,
 'log_frequency': 10,
 'max_data_size': None,
 'max_lr': 0.001,
 'meta_batch_size': 3,
 'meta_learning': False,
 'meta_test_split_sizes': (0.8, 0.1, 0.1),
 'meta_train_split_sizes': (0.8, 0.2, 0),
 'metric': 'auc',
 'minimize_score': False,
 'multiclass_num_classes': 3,
 'no_cuda': False,
 'no_features_scaling': False,
 'num_folds': 2,
 'num_inner_gradient_steps': 2,
 'num_lrs': 1,
 'num_tasks': None,
 'num_workers': 8,
 'outer_loop_lr': 0.003,
 'pytorch_seed': 0,
 'quiet': False,
 'results_save_dir': 'results/initial_hyperparameter_tuning/',
 'save_dir': '/tmp/2273220.11.gpu.q/tmp1hxo8rym/fold_0',
 'save_smiles_splits': False,
 'seed': 0,
 'separate_test_features_path': None,
 'separate_test_path': None,
 'separate_val_features_path': None,
 'separate_val_path': None,
 'show_individual_scores': False,
 'smiles_column': None,
 'split_sizes': (0.8, 0.1, 0.1),
 'split_type': 'scaffold_balanced',
 'target_columns': None,
 'task_names': None,
 'test': False,
 'test_fold_index': None,
 'train_data_size': None,
 'undirected': False,
 'use_input_features': True,
 'val_fold_index': None,
 'warmup_epochs': 2.0}
Loading data
0it [00:00, ?it/s]609it [00:00, 6086.62it/s]1227it [00:00, 6113.32it/s]1847it [00:00, 6137.95it/s]2470it [00:00, 6162.93it/s]3095it [00:00, 6174.18it/s]3753it [00:00, 6289.54it/s]4311it [00:00, 5360.44it/s]4944it [00:00, 5617.52it/s]5547it [00:00, 5734.36it/s]6203it [00:01, 5959.36it/s]6803it [00:01, 5970.47it/s]7440it [00:01, 6084.79it/s]8073it [00:01, 6155.00it/s]8688it [00:01, 5341.30it/s]9356it [00:01, 5682.60it/s]9999it [00:01, 5885.59it/s]10643it [00:01, 6041.20it/s]11286it [00:01, 6151.63it/s]11923it [00:01, 6214.86it/s]12551it [00:02, 5478.94it/s]13186it [00:02, 5712.07it/s]13822it [00:02, 5889.78it/s]14460it [00:02, 6028.17it/s]15100it [00:02, 6134.47it/s]15739it [00:02, 6207.49it/s]16378it [00:02, 6259.46it/s]17008it [00:02, 5561.92it/s]17582it [00:03, 2430.22it/s]18216it [00:03, 2981.55it/s]18860it [00:03, 3553.74it/s]19503it [00:03, 4103.60it/s]20173it [00:03, 4642.91it/s]20816it [00:03, 5063.93it/s]21429it [00:04, 4780.53it/s]22065it [00:04, 5164.54it/s]22707it [00:04, 5484.66it/s]23351it [00:04, 5738.66it/s]24018it [00:04, 5937.68it/s]24685it [00:04, 6139.50it/s]25332it [00:04, 6233.32it/s]25971it [00:04, 5538.80it/s]26615it [00:04, 5781.23it/s]27262it [00:05, 5971.21it/s]27906it [00:05, 6102.61it/s]28549it [00:05, 6195.99it/s]29221it [00:05, 6342.60it/s]29863it [00:05, 5581.80it/s]30507it [00:05, 5813.71it/s]31151it [00:05, 5988.29it/s]31775it [00:05, 6060.24it/s]32418it [00:05, 6165.77it/s]33078it [00:05, 6254.13it/s]33743it [00:06, 6365.63it/s]34384it [00:06, 5592.67it/s]35028it [00:06, 5821.60it/s]35669it [00:06, 5986.14it/s]36308it [00:06, 6101.14it/s]36951it [00:06, 6195.13it/s]37608it [00:06, 6271.48it/s]38241it [00:06, 5583.94it/s]38886it [00:06, 5816.58it/s]39532it [00:07, 5995.53it/s]40178it [00:07, 6127.06it/s]40825it [00:07, 6224.16it/s]41471it [00:07, 6291.70it/s]42138it [00:07, 5599.06it/s]42812it [00:07, 5897.19it/s]43460it [00:07, 6059.75it/s]44108it [00:07, 6179.89it/s]44755it [00:07, 6262.26it/s]45403it [00:08, 6323.82it/s]46051it [00:08, 6368.04it/s]46692it [00:08, 5623.94it/s]47364it [00:08, 5911.23it/s]48007it [00:08, 6057.65it/s]48649it [00:08, 6159.89it/s]49296it [00:08, 6248.22it/s]49941it [00:08, 6305.33it/s]50577it [00:08, 5565.00it/s]51222it [00:09, 5803.01it/s]51898it [00:09, 6060.34it/s]52530it [00:09, 6134.01it/s]53165it [00:09, 6196.92it/s]53792it [00:09, 6201.83it/s]54418it [00:09, 6204.82it/s]55043it [00:09, 5495.35it/s]55663it [00:09, 5688.12it/s]56291it [00:09, 5851.76it/s]56929it [00:09, 5999.45it/s]57570it [00:10, 6116.85it/s]58216it [00:10, 6214.73it/s]58882it [00:10, 6341.77it/s]59521it [00:10, 5565.67it/s]60167it [00:10, 5806.59it/s]60814it [00:10, 5988.82it/s]61462it [00:10, 6126.70it/s]61865it [00:10, 5748.96it/s]
  0% 0/61865 [00:00<?, ?it/s]  0% 172/61865 [00:00<00:36, 1710.72it/s]  1% 348/61865 [00:00<00:35, 1722.62it/s]  1% 520/61865 [00:00<00:35, 1719.57it/s]  1% 697/61865 [00:00<00:35, 1732.89it/s]  1% 874/61865 [00:00<00:34, 1743.82it/s]  2% 1053/61865 [00:00<00:34, 1754.51it/s]  2% 1218/61865 [00:00<00:35, 1721.66it/s]  2% 1377/61865 [00:00<00:39, 1536.44it/s]  3% 1552/61865 [00:00<00:37, 1594.24it/s]  3% 1708/61865 [00:01<02:26, 410.90it/s]   3% 1879/61865 [00:02<01:52, 532.12it/s]  3% 2043/61865 [00:02<01:29, 667.34it/s]  4% 2205/61865 [00:02<01:13, 809.71it/s]  4% 2376/61865 [00:02<01:01, 960.73it/s]  4% 2542/61865 [00:02<00:53, 1099.27it/s]  4% 2704/61865 [00:02<00:48, 1215.72it/s]  5% 2876/61865 [00:02<00:44, 1332.23it/s]  5% 3057/61865 [00:02<00:40, 1445.23it/s]  5% 3233/61865 [00:02<00:38, 1526.46it/s]  6% 3406/61865 [00:02<00:36, 1581.16it/s]  6% 3579/61865 [00:03<00:35, 1620.33it/s]  6% 3751/61865 [00:03<00:35, 1635.31it/s]  6% 3921/61865 [00:03<00:35, 1630.56it/s]  7% 4089/61865 [00:03<00:35, 1614.29it/s]  7% 4259/61865 [00:03<00:35, 1637.72it/s]  7% 4431/61865 [00:03<00:34, 1659.21it/s]  7% 4600/61865 [00:03<00:34, 1667.97it/s]  8% 4768/61865 [00:03<00:34, 1650.49it/s]  8% 4936/61865 [00:03<00:34, 1658.22it/s]  8% 5103/61865 [00:03<00:34, 1654.35it/s]  9% 5269/61865 [00:04<00:34, 1639.05it/s]  9% 5434/61865 [00:04<00:35, 1592.49it/s]  9% 5594/61865 [00:04<00:35, 1587.02it/s]  9% 5759/61865 [00:04<00:35, 1602.90it/s] 10% 5922/61865 [00:04<00:34, 1608.29it/s] 10% 6084/61865 [00:04<00:34, 1601.65it/s] 10% 6247/61865 [00:04<00:34, 1607.31it/s] 10% 6408/61865 [00:04<00:34, 1605.92it/s] 11% 6569/61865 [00:04<00:34, 1591.52it/s] 11% 6732/61865 [00:05<00:34, 1600.43it/s] 11% 6896/61865 [00:05<00:34, 1610.57it/s] 11% 7065/61865 [00:05<00:33, 1632.70it/s] 12% 7231/61865 [00:05<00:33, 1640.39it/s] 12% 7396/61865 [00:05<00:33, 1612.42it/s] 12% 7558/61865 [00:05<00:34, 1593.44it/s] 12% 7718/61865 [00:05<00:33, 1594.33it/s] 13% 7891/61865 [00:05<00:33, 1631.93it/s] 13% 8059/61865 [00:05<00:32, 1644.72it/s] 13% 8224/61865 [00:05<00:33, 1593.35it/s] 14% 8388/61865 [00:06<00:33, 1605.42it/s] 14% 8556/61865 [00:06<00:32, 1624.65it/s] 14% 8726/61865 [00:06<00:32, 1645.19it/s] 14% 8891/61865 [00:06<00:32, 1633.44it/s] 15% 9056/61865 [00:06<00:32, 1636.53it/s] 15% 9222/61865 [00:06<00:32, 1640.91it/s] 15% 9389/61865 [00:06<00:31, 1647.16it/s] 15% 9554/61865 [00:06<00:32, 1633.81it/s] 16% 9720/61865 [00:06<00:31, 1638.93it/s] 16% 9885/61865 [00:06<00:31, 1640.17it/s] 16% 10050/61865 [00:07<00:31, 1642.56it/s] 17% 10215/61865 [00:07<00:31, 1631.69it/s] 17% 10379/61865 [00:07<00:31, 1631.08it/s] 17% 10543/61865 [00:07<00:31, 1629.73it/s] 17% 10707/61865 [00:07<00:31, 1632.35it/s] 18% 10871/61865 [00:07<00:31, 1631.18it/s] 18% 11035/61865 [00:07<00:31, 1620.94it/s] 18% 11204/61865 [00:07<00:30, 1638.32it/s] 18% 11371/61865 [00:07<00:30, 1646.84it/s] 19% 11536/61865 [00:07<00:30, 1646.99it/s] 19% 11701/61865 [00:08<00:30, 1633.70it/s] 19% 11867/61865 [00:08<00:30, 1638.93it/s] 19% 12035/61865 [00:08<00:30, 1650.95it/s] 20% 12201/61865 [00:08<00:30, 1647.57it/s] 20% 12366/61865 [00:08<00:30, 1636.40it/s] 20% 12530/61865 [00:08<00:30, 1635.85it/s] 21% 12698/61865 [00:08<00:29, 1647.16it/s] 21% 12863/61865 [00:08<00:29, 1643.23it/s] 21% 13028/61865 [00:08<00:30, 1609.07it/s] 21% 13195/61865 [00:08<00:29, 1626.22it/s] 22% 13365/61865 [00:09<00:29, 1646.96it/s] 22% 13533/61865 [00:09<00:29, 1655.81it/s] 22% 13699/61865 [00:09<00:29, 1651.66it/s] 22% 13865/61865 [00:09<00:29, 1649.17it/s] 23% 14030/61865 [00:09<00:29, 1645.34it/s] 23% 14195/61865 [00:09<00:29, 1639.16it/s] 23% 14359/61865 [00:09<00:29, 1628.93it/s] 23% 14522/61865 [00:09<00:29, 1625.08it/s] 24% 14685/61865 [00:09<00:29, 1620.59it/s] 24% 14850/61865 [00:09<00:28, 1627.30it/s] 24% 15015/61865 [00:10<00:28, 1633.46it/s] 25% 15179/61865 [00:10<00:28, 1626.40it/s] 25% 15346/61865 [00:10<00:28, 1637.60it/s] 25% 15510/61865 [00:10<00:28, 1635.86it/s] 25% 15674/61865 [00:10<00:28, 1634.81it/s] 26% 15838/61865 [00:10<00:28, 1629.89it/s] 26% 16006/61865 [00:10<00:27, 1642.16it/s] 26% 16172/61865 [00:10<00:27, 1645.32it/s] 26% 16339/61865 [00:10<00:27, 1650.26it/s] 27% 16505/61865 [00:10<00:27, 1639.22it/s] 27% 16675/61865 [00:11<00:27, 1655.03it/s] 27% 16846/61865 [00:11<00:26, 1670.75it/s] 28% 17016/61865 [00:11<00:26, 1678.64it/s] 28% 17184/61865 [00:11<00:26, 1670.40it/s] 28% 17352/61865 [00:11<00:26, 1654.27it/s] 28% 17520/61865 [00:11<00:26, 1659.71it/s] 29% 17688/61865 [00:11<00:26, 1663.26it/s] 29% 17857/61865 [00:11<00:26, 1668.10it/s] 29% 18024/61865 [00:11<00:26, 1664.70it/s] 29% 18192/61865 [00:12<00:26, 1667.12it/s] 30% 18360/61865 [00:12<00:26, 1669.15it/s] 30% 18527/61865 [00:12<00:26, 1666.48it/s] 30% 18694/61865 [00:12<00:26, 1650.74it/s] 30% 18860/61865 [00:12<00:26, 1628.73it/s] 31% 19025/61865 [00:12<00:26, 1633.38it/s] 31% 19190/61865 [00:12<00:26, 1637.33it/s] 31% 19354/61865 [00:12<00:26, 1631.27it/s] 32% 19522/61865 [00:12<00:25, 1643.66it/s] 32% 19690/61865 [00:12<00:25, 1652.47it/s] 32% 19856/61865 [00:13<00:25, 1654.42it/s] 32% 20022/61865 [00:13<00:25, 1639.41it/s] 33% 20186/61865 [00:13<00:25, 1638.48it/s] 33% 20350/61865 [00:13<00:25, 1632.67it/s] 33% 20516/61865 [00:13<00:25, 1639.58it/s] 33% 20680/61865 [00:13<00:25, 1633.69it/s] 34% 20847/61865 [00:13<00:24, 1642.54it/s] 34% 21012/61865 [00:13<00:24, 1641.11it/s] 34% 21178/61865 [00:13<00:24, 1646.63it/s] 34% 21343/61865 [00:13<00:24, 1639.64it/s] 35% 21507/61865 [00:14<00:24, 1627.07it/s] 35% 21674/61865 [00:14<00:24, 1637.03it/s] 35% 21841/61865 [00:14<00:24, 1644.72it/s] 36% 22009/61865 [00:14<00:24, 1654.83it/s] 36% 22175/61865 [00:14<00:24, 1637.75it/s] 36% 22339/61865 [00:14<00:24, 1636.92it/s] 36% 22508/61865 [00:14<00:23, 1649.90it/s] 37% 22675/61865 [00:14<00:23, 1653.24it/s] 37% 22841/61865 [00:14<00:23, 1648.81it/s] 37% 23008/61865 [00:14<00:23, 1653.51it/s] 37% 23176/61865 [00:15<00:23, 1658.68it/s] 38% 23343/61865 [00:15<00:23, 1662.04it/s] 38% 23510/61865 [00:15<00:23, 1657.12it/s] 38% 23677/61865 [00:15<00:23, 1659.64it/s] 39% 23844/61865 [00:15<00:22, 1660.48it/s] 39% 24013/61865 [00:15<00:22, 1668.80it/s] 39% 24180/61865 [00:15<00:22, 1661.41it/s] 39% 24347/61865 [00:15<00:22, 1661.20it/s] 40% 24514/61865 [00:15<00:22, 1656.63it/s] 40% 24681/61865 [00:15<00:22, 1658.67it/s] 40% 24847/61865 [00:16<00:22, 1649.02it/s] 40% 25012/61865 [00:16<00:22, 1647.14it/s] 41% 25178/61865 [00:16<00:22, 1649.67it/s] 41% 25346/61865 [00:16<00:22, 1657.40it/s] 41% 25512/61865 [00:16<00:22, 1650.13it/s] 42% 25678/61865 [00:16<00:22, 1632.33it/s] 42% 25844/61865 [00:16<00:21, 1639.68it/s] 42% 26010/61865 [00:16<00:21, 1642.83it/s] 42% 26175/61865 [00:16<00:21, 1643.97it/s] 43% 26340/61865 [00:16<00:21, 1640.96it/s] 43% 26505/61865 [00:17<00:21, 1637.33it/s] 43% 26673/61865 [00:17<00:21, 1648.93it/s] 43% 26842/61865 [00:17<00:21, 1657.87it/s] 44% 27008/61865 [00:17<00:21, 1650.54it/s] 44% 27175/61865 [00:17<00:20, 1655.64it/s] 44% 27342/61865 [00:17<00:20, 1659.43it/s] 44% 27510/61865 [00:17<00:20, 1663.20it/s] 45% 27677/61865 [00:17<00:20, 1657.03it/s] 45% 27844/61865 [00:17<00:20, 1660.40it/s] 45% 28011/61865 [00:17<00:20, 1661.70it/s] 46% 28178/61865 [00:18<00:20, 1651.25it/s] 46% 28344/61865 [00:18<00:20, 1640.66it/s] 46% 28509/61865 [00:18<00:20, 1639.78it/s] 46% 28674/61865 [00:18<00:20, 1640.04it/s] 47% 28839/61865 [00:18<00:20, 1630.45it/s] 47% 29003/61865 [00:18<00:20, 1622.85it/s] 47% 29168/61865 [00:18<00:20, 1629.18it/s] 47% 29335/61865 [00:18<00:19, 1640.34it/s] 48% 29501/61865 [00:18<00:19, 1645.08it/s] 48% 29670/61865 [00:18<00:19, 1656.39it/s] 48% 29836/61865 [00:19<00:19, 1648.20it/s] 48% 30003/61865 [00:19<00:19, 1651.73it/s] 49% 30171/61865 [00:19<00:19, 1658.99it/s] 49% 30337/61865 [00:19<00:19, 1636.76it/s] 49% 30501/61865 [00:19<00:19, 1627.91it/s] 50% 30670/61865 [00:19<00:18, 1645.51it/s] 50% 30837/61865 [00:19<00:18, 1651.10it/s] 50% 31004/61865 [00:19<00:18, 1653.87it/s] 50% 31170/61865 [00:19<00:18, 1638.20it/s] 51% 31336/61865 [00:19<00:18, 1643.33it/s] 51% 31504/61865 [00:20<00:18, 1653.12it/s] 51% 31673/61865 [00:20<00:18, 1662.31it/s] 51% 31840/61865 [00:20<00:18, 1655.11it/s] 52% 32007/61865 [00:20<00:18, 1657.91it/s] 52% 32173/61865 [00:20<00:17, 1650.72it/s] 52% 32339/61865 [00:20<00:17, 1641.23it/s] 53% 32504/61865 [00:20<00:17, 1637.73it/s] 53% 32668/61865 [00:20<00:17, 1637.66it/s] 53% 32834/61865 [00:20<00:17, 1642.96it/s] 53% 33001/61865 [00:20<00:17, 1648.42it/s] 54% 33167/61865 [00:21<00:17, 1650.76it/s] 54% 33333/61865 [00:21<00:17, 1645.16it/s] 54% 33498/61865 [00:21<00:17, 1643.28it/s] 54% 33664/61865 [00:21<00:17, 1647.57it/s] 55% 33830/61865 [00:21<00:17, 1648.57it/s] 55% 33995/61865 [00:21<00:16, 1644.11it/s] 55% 34161/61865 [00:21<00:16, 1648.79it/s] 55% 34330/61865 [00:21<00:16, 1660.91it/s] 56% 34498/61865 [00:21<00:16, 1665.69it/s] 56% 34665/61865 [00:22<00:16, 1647.33it/s] 56% 34830/61865 [00:22<00:16, 1648.00it/s] 57% 34995/61865 [00:22<00:16, 1639.71it/s] 57% 35160/61865 [00:22<00:16, 1639.24it/s] 57% 35324/61865 [00:22<00:16, 1625.63it/s] 57% 35487/61865 [00:22<00:16, 1620.61it/s] 58% 35651/61865 [00:22<00:16, 1624.34it/s] 58% 35816/61865 [00:22<00:15, 1630.26it/s] 58% 35982/61865 [00:22<00:15, 1636.69it/s] 58% 36146/61865 [00:22<00:15, 1616.38it/s] 59% 36310/61865 [00:23<00:15, 1620.60it/s] 59% 36475/61865 [00:23<00:15, 1627.91it/s] 59% 36640/61865 [00:23<00:15, 1631.48it/s] 59% 36805/61865 [00:23<00:15, 1636.48it/s] 60% 36973/61865 [00:23<00:15, 1646.57it/s] 60% 37141/61865 [00:23<00:14, 1654.63it/s] 60% 37307/61865 [00:23<00:14, 1653.73it/s] 61% 37473/61865 [00:23<00:14, 1647.59it/s] 61% 37639/61865 [00:23<00:14, 1649.78it/s] 61% 37806/61865 [00:23<00:14, 1654.75it/s] 61% 37973/61865 [00:24<00:14, 1657.51it/s] 62% 38139/61865 [00:24<00:14, 1627.21it/s] 62% 38305/61865 [00:24<00:14, 1636.21it/s] 62% 38472/61865 [00:24<00:14, 1643.73it/s] 62% 38638/61865 [00:24<00:14, 1646.98it/s] 63% 38803/61865 [00:24<00:14, 1635.12it/s] 63% 38967/61865 [00:24<00:14, 1627.03it/s] 63% 39135/61865 [00:24<00:13, 1641.21it/s] 64% 39304/61865 [00:24<00:13, 1654.88it/s] 64% 39470/61865 [00:24<00:13, 1652.11it/s] 64% 39636/61865 [00:25<00:13, 1648.19it/s] 64% 39804/61865 [00:25<00:13, 1655.43it/s] 65% 39970/61865 [00:25<00:13, 1655.02it/s] 65% 40136/61865 [00:25<00:13, 1648.43it/s] 65% 40301/61865 [00:25<00:13, 1641.78it/s] 65% 40466/61865 [00:25<00:13, 1638.87it/s] 66% 40630/61865 [00:25<00:12, 1637.39it/s] 66% 40796/61865 [00:25<00:12, 1643.32it/s] 66% 40961/61865 [00:25<00:12, 1630.99it/s] 66% 41130/61865 [00:25<00:12, 1647.66it/s] 67% 41297/61865 [00:26<00:12, 1652.65it/s] 67% 41465/61865 [00:26<00:12, 1658.59it/s] 67% 41631/61865 [00:26<00:12, 1642.45it/s] 68% 41796/61865 [00:26<00:12, 1636.23it/s] 68% 41964/61865 [00:26<00:12, 1648.00it/s] 68% 42129/61865 [00:26<00:12, 1641.34it/s] 68% 42294/61865 [00:26<00:11, 1635.64it/s] 69% 42458/61865 [00:26<00:11, 1630.46it/s] 69% 42622/61865 [00:26<00:11, 1626.32it/s] 69% 42789/61865 [00:26<00:11, 1636.11it/s] 69% 42955/61865 [00:27<00:11, 1642.59it/s] 70% 43120/61865 [00:27<00:11, 1639.61it/s] 70% 43285/61865 [00:27<00:11, 1641.78it/s] 70% 43453/61865 [00:27<00:11, 1652.68it/s] 71% 43619/61865 [00:27<00:11, 1651.82it/s] 71% 43785/61865 [00:27<00:11, 1643.49it/s] 71% 43951/61865 [00:27<00:10, 1647.03it/s] 71% 44119/61865 [00:27<00:10, 1654.40it/s] 72% 44286/61865 [00:27<00:10, 1656.46it/s] 72% 44452/61865 [00:27<00:10, 1647.71it/s] 72% 44622/61865 [00:28<00:10, 1660.80it/s] 72% 44791/61865 [00:28<00:10, 1668.79it/s] 73% 44958/61865 [00:28<00:10, 1665.69it/s] 73% 45125/61865 [00:28<00:10, 1650.24it/s] 73% 45295/61865 [00:28<00:09, 1662.34it/s] 73% 45462/61865 [00:28<00:09, 1651.93it/s] 74% 45628/61865 [00:28<00:09, 1641.69it/s] 74% 45793/61865 [00:28<00:09, 1635.08it/s] 74% 45958/61865 [00:28<00:09, 1638.17it/s] 75% 46122/61865 [00:28<00:09, 1637.68it/s] 75% 46287/61865 [00:29<00:09, 1639.39it/s] 75% 46452/61865 [00:29<00:09, 1641.81it/s] 75% 46617/61865 [00:29<00:09, 1631.85it/s] 76% 46783/61865 [00:29<00:09, 1638.06it/s] 76% 46953/61865 [00:29<00:09, 1654.14it/s] 76% 47119/61865 [00:29<00:08, 1650.48it/s] 76% 47285/61865 [00:29<00:08, 1639.49it/s] 77% 47449/61865 [00:29<00:08, 1636.01it/s] 77% 47617/61865 [00:29<00:08, 1645.68it/s] 77% 47782/61865 [00:29<00:08, 1635.96it/s] 78% 47946/61865 [00:30<00:08, 1626.72it/s] 78% 48112/61865 [00:31<00:40, 343.41it/s]  78% 48276/61865 [00:31<00:30, 450.15it/s] 78% 48437/61865 [00:31<00:23, 574.21it/s] 79% 48596/61865 [00:31<00:18, 709.72it/s] 79% 48758/61865 [00:31<00:15, 853.08it/s] 79% 48922/61865 [00:31<00:12, 995.79it/s] 79% 49085/61865 [00:32<00:11, 1126.46it/s] 80% 49247/61865 [00:32<00:10, 1238.05it/s] 80% 49408/61865 [00:32<00:09, 1328.79it/s] 80% 49572/61865 [00:32<00:08, 1407.74it/s] 80% 49734/61865 [00:32<00:08, 1463.75it/s] 81% 49895/61865 [00:32<00:07, 1497.21it/s] 81% 50055/61865 [00:32<00:07, 1522.01it/s] 81% 50216/61865 [00:32<00:07, 1545.09it/s] 81% 50381/61865 [00:32<00:07, 1574.25it/s] 82% 50543/61865 [00:32<00:07, 1579.04it/s] 82% 50704/61865 [00:33<00:07, 1580.63it/s] 82% 50867/61865 [00:33<00:06, 1592.62it/s] 82% 51028/61865 [00:33<00:06, 1578.85it/s] 83% 51188/61865 [00:33<00:06, 1583.16it/s] 83% 51347/61865 [00:33<00:06, 1580.20it/s] 83% 51508/61865 [00:33<00:06, 1588.83it/s] 84% 51668/61865 [00:33<00:06, 1581.60it/s] 84% 51827/61865 [00:33<00:06, 1581.38it/s] 84% 51988/61865 [00:33<00:06, 1588.03it/s] 84% 52147/61865 [00:33<00:06, 1583.65it/s] 85% 52311/61865 [00:34<00:05, 1597.20it/s] 85% 52471/61865 [00:34<00:05, 1584.56it/s] 85% 52633/61865 [00:34<00:05, 1594.20it/s] 85% 52793/61865 [00:34<00:05, 1586.87it/s] 86% 52956/61865 [00:34<00:05, 1597.01it/s] 86% 53116/61865 [00:34<00:05, 1595.00it/s] 86% 53276/61865 [00:34<00:05, 1586.23it/s] 86% 53439/61865 [00:34<00:05, 1598.56it/s] 87% 53604/61865 [00:34<00:05, 1613.04it/s] 87% 53768/61865 [00:34<00:05, 1619.23it/s] 87% 53930/61865 [00:35<00:04, 1616.91it/s] 87% 54092/61865 [00:35<00:04, 1614.64it/s] 88% 54254/61865 [00:35<00:04, 1601.44it/s] 88% 54418/61865 [00:35<00:04, 1611.01it/s] 88% 54583/61865 [00:35<00:04, 1620.47it/s] 88% 54750/61865 [00:35<00:04, 1633.85it/s] 89% 54914/61865 [00:35<00:04, 1610.37it/s] 89% 55077/61865 [00:35<00:04, 1611.76it/s] 89% 55239/61865 [00:35<00:04, 1607.47it/s] 90% 55400/61865 [00:36<00:04, 1548.18it/s] 90% 55560/61865 [00:36<00:04, 1563.18it/s] 90% 55723/61865 [00:36<00:03, 1581.67it/s] 90% 55883/61865 [00:36<00:03, 1586.24it/s] 91% 56047/61865 [00:36<00:03, 1601.78it/s] 91% 56215/61865 [00:36<00:03, 1622.73it/s] 91% 56378/61865 [00:36<00:03, 1618.68it/s] 91% 56542/61865 [00:36<00:03, 1623.22it/s] 92% 56705/61865 [00:36<00:03, 1579.58it/s] 92% 56864/61865 [00:36<00:03, 1562.96it/s] 92% 57021/61865 [00:37<00:03, 1524.16it/s] 92% 57174/61865 [00:37<00:03, 1514.53it/s] 93% 57326/61865 [00:37<00:03, 1482.47it/s] 93% 57475/61865 [00:37<00:03, 1440.47it/s] 93% 57620/61865 [00:37<00:03, 1409.62it/s] 93% 57762/61865 [00:37<00:02, 1390.07it/s] 94% 57902/61865 [00:37<00:02, 1376.50it/s] 94% 58040/61865 [00:37<00:02, 1363.51it/s] 94% 58177/61865 [00:37<00:02, 1353.83it/s] 94% 58313/61865 [00:37<00:02, 1350.08it/s] 94% 58449/61865 [00:38<00:02, 1348.50it/s] 95% 58599/61865 [00:38<00:02, 1390.40it/s] 95% 58757/61865 [00:38<00:02, 1440.87it/s] 95% 58924/61865 [00:38<00:01, 1502.52it/s] 96% 59089/61865 [00:38<00:01, 1542.88it/s] 96% 59260/61865 [00:38<00:01, 1589.48it/s] 96% 59429/61865 [00:38<00:01, 1617.39it/s] 96% 59599/61865 [00:38<00:01, 1638.34it/s] 97% 59764/61865 [00:38<00:01, 1632.94it/s] 97% 59928/61865 [00:39<00:01, 1573.79it/s] 97% 60087/61865 [00:39<00:01, 1561.99it/s] 97% 60246/61865 [00:39<00:01, 1569.16it/s] 98% 60408/61865 [00:39<00:00, 1582.39it/s] 98% 60575/61865 [00:39<00:00, 1605.29it/s] 98% 60745/61865 [00:39<00:00, 1631.80it/s] 98% 60916/61865 [00:39<00:00, 1651.62it/s] 99% 61084/61865 [00:39<00:00, 1658.30it/s] 99% 61252/61865 [00:39<00:00, 1663.70it/s] 99% 61423/61865 [00:39<00:00, 1674.35it/s]100% 61591/61865 [00:40<00:00, 1673.57it/s]100% 61760/61865 [00:40<00:00, 1676.62it/s]100% 61865/61865 [00:40<00:00, 1539.55it/s]
  0% 0/61865 [00:00<?, ?it/s] 23% 14323/61865 [00:00<00:00, 143219.89it/s] 66% 40870/61865 [00:00<00:00, 166176.23it/s]100% 61865/61865 [00:00<00:00, 222521.18it/s]
Number of tasks = 645
Splitting data with seed 0
  0% 0/61865 [00:00<?, ?it/s]  1% 610/61865 [00:00<00:10, 6093.80it/s]  2% 1196/61865 [00:00<00:10, 6019.17it/s]  3% 1747/61865 [00:00<00:10, 5853.90it/s]  4% 2278/61865 [00:00<00:10, 5678.12it/s]  5% 2787/61865 [00:00<00:10, 5487.08it/s]  5% 3400/61865 [00:00<00:10, 5663.42it/s]  6% 3918/61865 [00:00<00:10, 5506.89it/s]  7% 4422/61865 [00:00<00:10, 5336.51it/s]  8% 4946/61865 [00:00<00:10, 5306.24it/s]  9% 5455/61865 [00:01<00:11, 5109.95it/s] 10% 5953/61865 [00:01<00:11, 4989.00it/s] 10% 6443/61865 [00:01<00:11, 4885.57it/s] 11% 6936/61865 [00:01<00:11, 4896.03it/s] 12% 7425/61865 [00:01<00:11, 4892.98it/s] 13% 7912/61865 [00:01<00:11, 4865.14it/s] 14% 8397/61865 [00:01<00:11, 4632.64it/s] 14% 8864/61865 [00:01<00:11, 4641.60it/s] 15% 9369/61865 [00:01<00:11, 4755.16it/s] 16% 9866/61865 [00:01<00:10, 4816.12it/s] 17% 10354/61865 [00:02<00:10, 4834.73it/s] 18% 10839/61865 [00:02<00:10, 4839.17it/s] 18% 11341/61865 [00:02<00:10, 4890.86it/s] 19% 11831/61865 [00:02<00:10, 4872.16it/s] 20% 12347/61865 [00:02<00:10, 4951.26it/s] 21% 12854/61865 [00:02<00:09, 4985.03it/s] 22% 13372/61865 [00:02<00:09, 5041.10it/s] 22% 13889/61865 [00:02<00:09, 5077.50it/s] 23% 14398/61865 [00:02<00:09, 4995.47it/s] 24% 14899/61865 [00:02<00:09, 4937.72it/s] 25% 15403/61865 [00:03<00:09, 4966.27it/s] 26% 15901/61865 [00:03<00:09, 4943.90it/s] 27% 16398/61865 [00:03<00:09, 4949.20it/s] 27% 16913/61865 [00:03<00:08, 5005.02it/s] 28% 17422/61865 [00:03<00:08, 5028.46it/s] 29% 17934/61865 [00:03<00:08, 5051.41it/s] 30% 18444/61865 [00:03<00:08, 5065.31it/s] 31% 18951/61865 [00:03<00:08, 5025.94it/s] 31% 19454/61865 [00:03<00:08, 4993.42it/s] 32% 19960/61865 [00:03<00:08, 5012.01it/s] 33% 20462/61865 [00:04<00:08, 4924.02it/s] 34% 20961/61865 [00:04<00:08, 4941.36it/s] 35% 21456/61865 [00:04<00:08, 4891.92it/s] 35% 21962/61865 [00:04<00:08, 4940.56it/s] 36% 22468/61865 [00:04<00:07, 4975.64it/s] 37% 22977/61865 [00:04<00:07, 5007.63it/s] 38% 23491/61865 [00:04<00:07, 5044.94it/s] 39% 24012/61865 [00:04<00:07, 5093.04it/s] 40% 24534/61865 [00:04<00:07, 5128.31it/s] 40% 25048/61865 [00:04<00:07, 5116.66it/s] 41% 25560/61865 [00:05<00:07, 5101.54it/s] 42% 26071/61865 [00:05<00:07, 5092.09it/s] 43% 26581/61865 [00:05<00:06, 5068.49it/s] 44% 27102/61865 [00:05<00:06, 5106.51it/s] 45% 27617/61865 [00:05<00:06, 5118.50it/s] 45% 28129/61865 [00:05<00:06, 5093.52it/s] 46% 28639/61865 [00:05<00:06, 5050.57it/s] 47% 29145/61865 [00:05<00:06, 5013.28it/s] 48% 29662/61865 [00:05<00:06, 5057.56it/s] 49% 30180/61865 [00:05<00:06, 5089.71it/s] 50% 30693/61865 [00:06<00:06, 5099.77it/s] 50% 31204/61865 [00:06<00:06, 5100.55it/s] 51% 31725/61865 [00:06<00:05, 5130.81it/s] 52% 32239/61865 [00:06<00:05, 5100.69it/s] 53% 32750/61865 [00:06<00:05, 5053.89it/s] 54% 33258/61865 [00:06<00:05, 5058.72it/s] 55% 33769/61865 [00:06<00:05, 5072.80it/s] 55% 34288/61865 [00:06<00:05, 5106.00it/s] 56% 34799/61865 [00:06<00:05, 5095.15it/s] 57% 35309/61865 [00:06<00:05, 5026.08it/s] 58% 35812/61865 [00:07<00:05, 4987.59it/s] 59% 36312/61865 [00:07<00:05, 4986.71it/s] 60% 36829/61865 [00:07<00:04, 5037.54it/s] 60% 37347/61865 [00:07<00:04, 5078.86it/s] 61% 37873/61865 [00:07<00:04, 5130.00it/s] 62% 38387/61865 [00:07<00:04, 5126.78it/s] 63% 38900/61865 [00:07<00:04, 5098.66it/s] 64% 39412/61865 [00:07<00:04, 5102.52it/s] 65% 39933/61865 [00:07<00:04, 5132.69it/s] 65% 40447/61865 [00:08<00:04, 5079.17it/s] 66% 40956/61865 [00:08<00:04, 5037.94it/s] 67% 41476/61865 [00:08<00:04, 5084.21it/s] 68% 41986/61865 [00:08<00:03, 5087.44it/s] 69% 42495/61865 [00:08<00:03, 5024.20it/s] 70% 42999/61865 [00:08<00:03, 5027.12it/s] 70% 43518/61865 [00:08<00:03, 5071.70it/s] 71% 44026/61865 [00:08<00:03, 5063.16it/s] 72% 44536/61865 [00:08<00:03, 5072.93it/s] 73% 45050/61865 [00:08<00:03, 5090.90it/s] 74% 45566/61865 [00:09<00:03, 5110.33it/s] 74% 46078/61865 [00:09<00:03, 5046.74it/s] 75% 46583/61865 [00:09<00:03, 5001.47it/s] 76% 47093/61865 [00:09<00:02, 5030.12it/s] 77% 47607/61865 [00:09<00:02, 5060.27it/s] 78% 48114/61865 [00:09<00:02, 4996.96it/s] 79% 48615/61865 [00:09<00:02, 4906.69it/s] 79% 49107/61865 [00:09<00:02, 4847.53it/s] 80% 49593/61865 [00:09<00:02, 4798.29it/s] 81% 50074/61865 [00:09<00:02, 4713.40it/s] 82% 50547/61865 [00:10<00:02, 4628.69it/s] 82% 51011/61865 [00:10<00:02, 4615.77it/s] 83% 51474/61865 [00:10<00:02, 4577.56it/s] 84% 51933/61865 [00:10<00:02, 4507.76it/s] 85% 52389/61865 [00:10<00:02, 4521.54it/s] 85% 52842/61865 [00:10<00:02, 4506.34it/s] 86% 53293/61865 [00:10<00:02, 4257.58it/s] 87% 53783/61865 [00:10<00:01, 4430.46it/s] 88% 54231/61865 [00:10<00:01, 4444.22it/s] 88% 54714/61865 [00:10<00:01, 4551.76it/s] 89% 55178/61865 [00:11<00:01, 4574.62it/s] 90% 55638/61865 [00:11<00:01, 4402.29it/s] 91% 56108/61865 [00:11<00:01, 4486.33it/s] 91% 56584/61865 [00:11<00:01, 4563.61it/s] 92% 57043/61865 [00:11<00:01, 4316.67it/s] 93% 57479/61865 [00:11<00:01, 3877.56it/s] 94% 57879/61865 [00:11<00:01, 3505.97it/s] 94% 58245/61865 [00:11<00:01, 3247.23it/s] 95% 58584/61865 [00:12<00:01, 3213.64it/s] 95% 59078/61865 [00:12<00:00, 3589.23it/s] 96% 59620/61865 [00:12<00:00, 3992.87it/s] 97% 60049/61865 [00:12<00:00, 4007.81it/s] 98% 60527/61865 [00:12<00:00, 4209.41it/s] 99% 61069/61865 [00:12<00:00, 4510.87it/s]100% 61615/61865 [00:12<00:00, 4758.10it/s]100% 61865/61865 [00:12<00:00, 4875.01it/s]
Total scaffolds = 30,615 | train scaffolds = 24,639 | val scaffolds = 3,133 | test scaffolds = 2,843
/home/apappu/thesis/molecule-metalearning/chemprop/chemprop/data/scaffold.py:152: RuntimeWarning: Mean of empty slice
  target_avgs.append(np.nanmean(targets, axis=0))
Label averages per scaffold, in decreasing order of scaffold frequency,capped at 10 scaffolds and 20 labels: [(array([nan, nan, nan, nan, nan, nan, nan, nan, nan, nan, nan, nan, nan,
       nan, nan, nan, nan, nan, nan, nan]), array([0, 0, 0, 0, 0, 0, 0, 0, 0, 0, 0, 0, 0, 0, 0, 0, 0, 0, 0, 0])), (array([nan, nan, nan, nan, nan, nan, nan, nan, nan, nan, nan, nan, nan,
       nan, nan, 0.5, nan, nan, nan, nan]), array([0, 0, 0, 0, 0, 0, 0, 0, 0, 0, 0, 0, 0, 0, 0, 2, 0, 0, 0, 0])), (array([nan, nan, nan, nan, nan, nan, nan, nan, nan, nan, nan, nan, nan,
       nan, nan, nan, nan, nan, nan, nan]), array([0, 0, 0, 0, 0, 0, 0, 0, 0, 0, 0, 0, 0, 0, 0, 0, 0, 0, 0, 0])), (array([nan, nan, nan, nan, nan, nan, nan, nan, nan, nan, nan, nan, nan,
       nan, nan, nan, nan, nan, nan, nan]), array([0, 0, 0, 0, 0, 0, 0, 0, 0, 0, 0, 0, 0, 0, 0, 0, 0, 0, 0, 0])), (array([nan, nan, nan, nan, nan, nan, nan, nan, nan, nan, nan, nan, nan,
       nan, nan, nan, nan, nan, nan, nan]), array([0, 0, 0, 0, 0, 0, 0, 0, 0, 0, 0, 0, 0, 0, 0, 0, 0, 0, 0, 0])), (array([nan, nan, nan, nan, nan, nan, nan, nan, nan, nan, nan, nan, nan,
       nan, nan, nan, nan, nan, nan, nan]), array([0, 0, 0, 0, 0, 0, 0, 0, 0, 0, 0, 0, 0, 0, 0, 0, 0, 0, 0, 0])), (array([nan, nan, nan, nan, nan, nan, nan, nan, nan, nan, nan, nan, nan,
       nan, nan, nan, nan, nan, nan, nan]), array([0, 0, 0, 0, 0, 0, 0, 0, 0, 0, 0, 0, 0, 0, 0, 0, 0, 0, 0, 0])), (array([nan, nan, nan, nan, nan, nan, nan, nan, nan, nan, nan, nan, nan,
       nan, nan, nan, nan, nan, nan, nan]), array([0, 0, 0, 0, 0, 0, 0, 0, 0, 0, 0, 0, 0, 0, 0, 0, 0, 0, 0, 0])), (array([nan, nan, nan, nan, nan, nan, nan, nan, nan, nan, nan, nan, nan,
       nan, nan, nan, nan, nan, nan, nan]), array([0, 0, 0, 0, 0, 0, 0, 0, 0, 0, 0, 0, 0, 0, 0, 0, 0, 0, 0, 0])), (array([nan, nan, nan, nan, nan, nan, nan, nan, nan, nan, nan, nan, nan,
       nan, nan, nan, nan, nan, nan, nan]), array([0, 0, 0, 0, 0, 0, 0, 0, 0, 0, 0, 0, 0, 0, 0, 0, 0, 0, 0, 0]))]
Class sizes
CHEMBL1033994 0: 41.98%, 1: 58.02%
CHEMBL1119333 0: 9.59%, 1: 90.41%
CHEMBL1217000 0: 52.41%, 1: 47.59%
CHEMBL1243965 0: 17.11%, 1: 82.89%
CHEMBL1243966 0: 41.96%, 1: 58.04%
CHEMBL1243967 0: 10.17%, 1: 89.83%
CHEMBL1243968 0: 15.06%, 1: 84.94%
CHEMBL1243970 0: 6.91%, 1: 93.09%
CHEMBL1243972 0: 9.92%, 1: 90.08%
CHEMBL1243976 0: 28.99%, 1: 71.01%
CHEMBL1246087 0: 33.88%, 1: 66.12%
CHEMBL1246088 0: 48.37%, 1: 51.63%
CHEMBL1613762 0: 2.45%, 1: 97.55%
CHEMBL1613779 0: 58.47%, 1: 41.53%
CHEMBL1613785 0: 43.22%, 1: 56.78%
CHEMBL1613787 0: 69.08%, 1: 30.92%
CHEMBL1613807 0: 95.99%, 1: 4.01%
CHEMBL1613813 0: 44.20%, 1: 55.80%
CHEMBL1613814 0: 53.85%, 1: 46.15%
CHEMBL1613817 0: 84.86%, 1: 15.14%
CHEMBL1613853 0: 41.86%, 1: 58.14%
CHEMBL1613861 0: 14.47%, 1: 85.53%
CHEMBL1613864 0: 5.19%, 1: 94.81%
CHEMBL1613867 0: 97.13%, 1: 2.87%
CHEMBL1613870 0: 15.80%, 1: 84.20%
CHEMBL1613871 0: 6.15%, 1: 93.85%
CHEMBL1613874 0: 65.78%, 1: 34.22%
CHEMBL1613876 0: 54.35%, 1: 45.65%
CHEMBL1613884 0: 21.51%, 1: 78.49%
CHEMBL1613890 0: 34.85%, 1: 65.15%
CHEMBL1613897 0: 46.64%, 1: 53.36%
CHEMBL1613898 0: 75.45%, 1: 24.55%
CHEMBL1613904 0: 50.77%, 1: 49.23%
CHEMBL1613907 0: 5.34%, 1: 94.66%
CHEMBL1613926 0: 30.15%, 1: 69.85%
CHEMBL1613928 0: 45.90%, 1: 54.10%
CHEMBL1613929 0: 81.25%, 1: 18.75%
CHEMBL1613941 0: 32.58%, 1: 67.42%
CHEMBL1613942 0: 41.43%, 1: 58.57%
CHEMBL1613947 0: 46.01%, 1: 53.99%
CHEMBL1613949 0: 60.13%, 1: 39.87%
CHEMBL1613950 0: 43.05%, 1: 56.95%
CHEMBL1613955 0: 54.04%, 1: 45.96%
CHEMBL1613962 0: 24.26%, 1: 75.74%
CHEMBL1613967 0: 44.59%, 1: 55.41%
CHEMBL1613981 0: 58.85%, 1: 41.15%
CHEMBL1613991 0: 14.98%, 1: 85.02%
CHEMBL1613997 0: 7.73%, 1: 92.27%
CHEMBL1614001 0: 98.28%, 1: 1.72%
CHEMBL1614004 0: 14.66%, 1: 85.34%
CHEMBL1614016 0: 12.22%, 1: 87.78%
CHEMBL1614030 0: 19.96%, 1: 80.04%
CHEMBL1614034 0: 2.63%, 1: 97.37%
CHEMBL1614035 0: 77.14%, 1: 22.86%
CHEMBL1614049 0: 39.63%, 1: 60.37%
CHEMBL1614053 0: 42.48%, 1: 57.52%
CHEMBL1614063 0: 95.18%, 1: 4.82%
CHEMBL1614065 0: 9.71%, 1: 90.29%
CHEMBL1614066 0: 94.74%, 1: 5.26%
CHEMBL1614069 0: 56.82%, 1: 43.18%
CHEMBL1614072 0: 50.36%, 1: 49.64%
CHEMBL1614084 0: 13.26%, 1: 86.74%
CHEMBL1614091 0: 4.43%, 1: 95.57%
CHEMBL1614092 0: 47.50%, 1: 52.50%
CHEMBL1614097 0: 46.99%, 1: 53.01%
CHEMBL1614098 0: 97.25%, 1: 2.75%
CHEMBL1614104 0: 7.74%, 1: 92.26%
CHEMBL1614105 0: 6.12%, 1: 93.88%
CHEMBL1614109 0: 59.87%, 1: 40.13%
CHEMBL1614128 0: 10.35%, 1: 89.65%
CHEMBL1614131 0: 97.14%, 1: 2.86%
CHEMBL1614132 0: 42.07%, 1: 57.93%
CHEMBL1614138 0: 67.83%, 1: 32.17%
CHEMBL1614155 0: 25.40%, 1: 74.60%
CHEMBL1614158 0: 74.52%, 1: 25.48%
CHEMBL1614167 0: 16.17%, 1: 83.83%
CHEMBL1614170 0: 68.86%, 1: 31.14%
CHEMBL1614171 0: 93.77%, 1: 6.23%
CHEMBL1614175 0: 80.66%, 1: 19.34%
CHEMBL1614185 0: 26.17%, 1: 73.83%
CHEMBL1614197 0: 5.26%, 1: 94.74%
CHEMBL1614199 0: 49.66%, 1: 50.34%
CHEMBL1614202 0: 7.32%, 1: 92.68%
CHEMBL1614215 0: 52.76%, 1: 47.24%
CHEMBL1614216 0: 48.52%, 1: 51.48%
CHEMBL1614218 0: 22.36%, 1: 77.64%
CHEMBL1614225 0: 62.50%, 1: 37.50%
CHEMBL1614244 0: 38.85%, 1: 61.15%
CHEMBL1614247 0: 44.34%, 1: 55.66%
CHEMBL1614252 0: 60.11%, 1: 39.89%
CHEMBL1614255 0: 61.26%, 1: 38.74%
CHEMBL1614259 0: 32.82%, 1: 67.18%
CHEMBL1614272 0: 67.71%, 1: 32.29%
CHEMBL1614276 0: 51.74%, 1: 48.26%
CHEMBL1614287 0: 85.53%, 1: 14.47%
CHEMBL1614288 0: 72.51%, 1: 27.49%
CHEMBL1614290 0: 4.51%, 1: 95.49%
CHEMBL1614295 0: 2.29%, 1: 97.71%
CHEMBL1614301 0: 19.74%, 1: 80.26%
CHEMBL1614304 0: 63.76%, 1: 36.24%
CHEMBL1614309 0: 27.66%, 1: 72.34%
CHEMBL1614311 0: 53.76%, 1: 46.24%
CHEMBL1614314 0: 94.70%, 1: 5.30%
CHEMBL1614319 0: 72.16%, 1: 27.84%
CHEMBL1614320 0: 29.79%, 1: 70.21%
CHEMBL1614321 0: 60.16%, 1: 39.84%
CHEMBL1614328 0: 46.64%, 1: 53.36%
CHEMBL1614329 0: 40.69%, 1: 59.31%
CHEMBL1614336 0: 47.01%, 1: 52.99%
CHEMBL1614344 0: 67.72%, 1: 32.28%
CHEMBL1614356 0: 43.90%, 1: 56.10%
CHEMBL1614359 0: 50.26%, 1: 49.74%
CHEMBL1614363 0: 53.19%, 1: 46.81%
CHEMBL1614385 0: 93.27%, 1: 6.73%
CHEMBL1614388 0: 56.19%, 1: 43.81%
CHEMBL1614393 0: 45.00%, 1: 55.00%
CHEMBL1614395 0: 11.32%, 1: 88.68%
CHEMBL1614403 0: 88.15%, 1: 11.85%
CHEMBL1614423 0: 57.84%, 1: 42.16%
CHEMBL1614425 0: 38.24%, 1: 61.76%
CHEMBL1614433 0: 60.77%, 1: 39.23%
CHEMBL1614434 0: 80.25%, 1: 19.75%
CHEMBL1614456 0: 3.36%, 1: 96.64%
CHEMBL1614466 0: 10.32%, 1: 89.68%
CHEMBL1614469 0: 24.90%, 1: 75.10%
CHEMBL1614477 0: 43.75%, 1: 56.25%
CHEMBL1614478 0: 12.50%, 1: 87.50%
CHEMBL1614480 0: 85.71%, 1: 14.29%
CHEMBL1614484 0: 9.01%, 1: 90.99%
CHEMBL1614492 0: 40.54%, 1: 59.46%
CHEMBL1614499 0: 44.47%, 1: 55.53%
CHEMBL1614503 0: 40.30%, 1: 59.70%
CHEMBL1614504 0: 17.80%, 1: 82.20%
CHEMBL1614509 0: 79.43%, 1: 20.57%
CHEMBL1614512 0: 62.79%, 1: 37.21%
CHEMBL1614514 0: 83.07%, 1: 16.93%
CHEMBL1614515 0: 19.61%, 1: 80.39%
CHEMBL1614516 0: 96.81%, 1: 3.19%
CHEMBL1614522 0: 28.55%, 1: 71.45%
CHEMBL1614524 0: 12.98%, 1: 87.02%
CHEMBL1614528 0: 40.91%, 1: 59.09%
CHEMBL1614547 0: 72.51%, 1: 27.49%
CHEMBL1614548 0: 17.95%, 1: 82.05%
CHEMBL1614549 0: 84.25%, 1: 15.75%
CHEMBL1614550 0: 9.30%, 1: 90.70%
CHEMBL1614554 0: 71.64%, 1: 28.36%
CHEMBL1676103 0: 39.85%, 1: 60.15%
CHEMBL1737860 0: 3.60%, 1: 96.40%
CHEMBL1737863 0: 36.27%, 1: 63.73%
CHEMBL1737865 0: 61.01%, 1: 38.99%
CHEMBL1737868 0: 79.41%, 1: 20.59%
CHEMBL1737910 0: 45.71%, 1: 54.29%
CHEMBL1737912 0: 26.51%, 1: 73.49%
CHEMBL1737942 0: 44.52%, 1: 55.48%
CHEMBL1737951 0: 51.83%, 1: 48.17%
CHEMBL1737961 0: 93.34%, 1: 6.66%
CHEMBL1737966 0: 21.36%, 1: 78.64%
CHEMBL1737967 0: 89.17%, 1: 10.83%
CHEMBL1737977 0: 13.87%, 1: 86.13%
CHEMBL1737978 0: 18.18%, 1: 81.82%
CHEMBL1737979 0: 8.94%, 1: 91.06%
CHEMBL1738019 0: 24.85%, 1: 75.15%
CHEMBL1738021 0: 10.87%, 1: 89.13%
CHEMBL1738025 0: 33.80%, 1: 66.20%
CHEMBL1738040 0: 73.48%, 1: 26.52%
CHEMBL1738043 0: 46.43%, 1: 53.57%
CHEMBL1738079 0: 3.88%, 1: 96.12%
CHEMBL1738080 0: 76.43%, 1: 23.57%
CHEMBL1738091 0: 89.77%, 1: 10.23%
CHEMBL1738097 0: 72.41%, 1: 27.59%
CHEMBL1738131 0: 68.59%, 1: 31.41%
CHEMBL1738164 0: 79.79%, 1: 20.21%
CHEMBL1738171 0: 85.45%, 1: 14.55%
CHEMBL1738183 0: 59.62%, 1: 40.38%
CHEMBL1738197 0: 36.90%, 1: 63.10%
CHEMBL1738202 0: 3.47%, 1: 96.53%
CHEMBL1738242 0: 16.55%, 1: 83.45%
CHEMBL1738249 0: 86.53%, 1: 13.47%
CHEMBL1738253 0: 7.33%, 1: 92.67%
CHEMBL1738319 0: 59.17%, 1: 40.83%
CHEMBL1738325 0: 96.86%, 1: 3.14%
CHEMBL1738362 0: 21.43%, 1: 78.57%
CHEMBL1738369 0: 56.34%, 1: 43.66%
CHEMBL1738371 0: 81.97%, 1: 18.03%
CHEMBL1738391 0: 68.38%, 1: 31.62%
CHEMBL1738400 0: 77.86%, 1: 22.14%
CHEMBL1738402 0: 54.19%, 1: 45.81%
CHEMBL1738407 0: 85.58%, 1: 14.42%
CHEMBL1738408 0: 2.18%, 1: 97.82%
CHEMBL1738414 0: 5.11%, 1: 94.89%
CHEMBL1738418 0: 68.85%, 1: 31.15%
CHEMBL1738422 0: 4.29%, 1: 95.71%
CHEMBL1738424 0: 77.50%, 1: 22.50%
CHEMBL1738430 0: 25.54%, 1: 74.46%
CHEMBL1738438 0: 2.76%, 1: 97.24%
CHEMBL1738482 0: 7.69%, 1: 92.31%
CHEMBL1738485 0: 17.65%, 1: 82.35%
CHEMBL1738494 0: 97.26%, 1: 2.74%
CHEMBL1738495 0: 1.70%, 1: 98.30%
CHEMBL1738497 0: 64.50%, 1: 35.50%
CHEMBL1738502 0: 15.20%, 1: 84.80%
CHEMBL1738510 0: 54.41%, 1: 45.59%
CHEMBL1738512 0: 3.05%, 1: 96.95%
CHEMBL1738513 0: 28.64%, 1: 71.36%
CHEMBL1738552 0: 64.70%, 1: 35.30%
CHEMBL1738575 0: 65.65%, 1: 34.35%
CHEMBL1738578 0: 23.30%, 1: 76.70%
CHEMBL1738579 0: 22.79%, 1: 77.21%
CHEMBL1738593 0: 17.65%, 1: 82.35%
CHEMBL1738599 0: 16.07%, 1: 83.93%
CHEMBL1738602 0: 42.70%, 1: 57.30%
CHEMBL1738610 0: 42.07%, 1: 57.93%
CHEMBL1738611 0: 2.23%, 1: 97.77%
CHEMBL1738632 0: 86.32%, 1: 13.68%
CHEMBL1738633 0: 4.05%, 1: 95.95%
CHEMBL1738639 0: 64.47%, 1: 35.53%
CHEMBL1738642 0: 34.82%, 1: 65.18%
CHEMBL1738670 0: 9.18%, 1: 90.82%
CHEMBL1738673 0: 12.98%, 1: 87.02%
CHEMBL1738679 0: 63.95%, 1: 36.05%
CHEMBL1738682 0: 62.45%, 1: 37.55%
CHEMBL1794296 0: 44.02%, 1: 55.98%
CHEMBL1794303 0: 2.71%, 1: 97.29%
CHEMBL1794320 0: 96.68%, 1: 3.32%
CHEMBL1794327 0: 91.59%, 1: 8.41%
CHEMBL1794336 0: 53.07%, 1: 46.93%
CHEMBL1794350 0: 3.44%, 1: 96.56%
CHEMBL1794355 0: 5.26%, 1: 94.74%
CHEMBL1794356 0: 13.92%, 1: 86.08%
CHEMBL1794358 0: 94.14%, 1: 5.86%
CHEMBL1794365 0: 7.12%, 1: 92.88%
CHEMBL1794383 0: 6.90%, 1: 93.10%
CHEMBL1794387 0: 65.04%, 1: 34.96%
CHEMBL1794393 0: 67.55%, 1: 32.45%
CHEMBL1794396 0: 3.96%, 1: 96.04%
CHEMBL1794410 0: 23.98%, 1: 76.02%
CHEMBL1794413 0: 6.02%, 1: 93.98%
CHEMBL1794438 0: 40.17%, 1: 59.83%
CHEMBL1794445 0: 87.84%, 1: 12.16%
CHEMBL1794452 0: 94.30%, 1: 5.70%
CHEMBL1794457 0: 92.98%, 1: 7.02%
CHEMBL1794460 0: 28.63%, 1: 71.37%
CHEMBL1794467 0: 18.39%, 1: 81.61%
CHEMBL1794475 0: 56.02%, 1: 43.98%
CHEMBL1794484 0: 44.93%, 1: 55.07%
CHEMBL1794494 0: 5.33%, 1: 94.67%
CHEMBL1794497 0: 8.47%, 1: 91.53%
CHEMBL1794499 0: 73.90%, 1: 26.10%
CHEMBL1794508 0: 94.63%, 1: 5.37%
CHEMBL1794516 0: 3.21%, 1: 96.79%
CHEMBL1794522 0: 58.65%, 1: 41.35%
CHEMBL1794528 0: 79.86%, 1: 20.14%
CHEMBL1794531 0: 92.03%, 1: 7.97%
CHEMBL1794548 0: 88.74%, 1: 11.26%
CHEMBL1794566 0: 6.05%, 1: 93.95%
CHEMBL1794567 0: 9.61%, 1: 90.39%
CHEMBL1794570 0: 92.79%, 1: 7.21%
CHEMBL1794571 0: 53.55%, 1: 46.45%
CHEMBL1794573 0: 10.54%, 1: 89.46%
CHEMBL1794574 0: 1.09%, 1: 98.91%
CHEMBL1794578 0: 46.99%, 1: 53.01%
CHEMBL1794581 0: 19.65%, 1: 80.35%
CHEMBL1863510 0: 2.14%, 1: 97.86%
CHEMBL1863512 0: 2.79%, 1: 97.21%
CHEMBL1909084 0: 99.28%, 1: 0.72%
CHEMBL1909085 0: 92.10%, 1: 7.90%
CHEMBL1909086 0: 91.52%, 1: 8.48%
CHEMBL1909087 0: 91.86%, 1: 8.14%
CHEMBL1909088 0: 87.97%, 1: 12.03%
CHEMBL1909089 0: 88.69%, 1: 11.31%
CHEMBL1909090 0: 90.81%, 1: 9.19%
CHEMBL1909091 0: 97.24%, 1: 2.76%
CHEMBL1909092 0: 97.14%, 1: 2.86%
CHEMBL1909093 0: 98.42%, 1: 1.58%
CHEMBL1909094 0: 90.85%, 1: 9.15%
CHEMBL1909095 0: 98.56%, 1: 1.44%
CHEMBL1909097 0: 99.28%, 1: 0.72%
CHEMBL1909102 0: 92.94%, 1: 7.06%
CHEMBL1909103 0: 97.23%, 1: 2.77%
CHEMBL1909104 0: 87.06%, 1: 12.94%
CHEMBL1909105 0: 88.70%, 1: 11.30%
CHEMBL1909106 0: 98.57%, 1: 1.43%
CHEMBL1909107 0: 97.86%, 1: 2.14%
CHEMBL1909108 0: 93.04%, 1: 6.96%
CHEMBL1909109 0: 90.35%, 1: 9.65%
CHEMBL1909110 0: 92.47%, 1: 7.53%
