wandb: Tracking run with wandb version 0.9.3
wandb: Run data is saved locally in wandb/run-20200720_151722-12nsyd8k
wandb: Syncing run ffn_0.6_dropout_300_hidden_size
wandb: ⭐️ View project at https://app.wandb.ai/apappu97/molecule-metalearning-chemprop
wandb: 🚀 View run at https://app.wandb.ai/apappu97/molecule-metalearning-chemprop/runs/12nsyd8k
wandb: Run `wandb off` to turn off syncing.

Fold 0
Command line
python chemprop/train.py --data_path filtered_chembl/chembl_less_1024_more_128_645_tasks.csv --dataset_type classification --split_type scaffold_balanced --features_only --features_generator morgan --dropout 0.6 --ffn_hidden_size 300 --num_folds 2 --epochs 30 --results_save_dir results/initial_hyperparameter_tuning/ --experiment_name ffn_0.6_dropout_300_hidden_size
Args
{'ANIL': False,
 'FO_MAML': False,
 'activation': 'ReLU',
 'atom_messages': False,
 'batch_size': 50,
 'bias': False,
 'cache_cutoff': 10000,
 'checkpoint_dir': None,
 'checkpoint_path': None,
 'checkpoint_paths': None,
 'chembl_assay_metadata_pickle_path': None,
 'class_balance': False,
 'config_path': None,
 'crossval_index_dir': None,
 'crossval_index_file': None,
 'crossval_index_sets': None,
 'data_path': 'filtered_chembl/chembl_less_1024_more_128_645_tasks.csv',
 'dataset_type': 'classification',
 'depth': 3,
 'dropout': 0.6,
 'dummy': False,
 'ensemble_size': 1,
 'epochs': 30,
 'experiment_name': 'ffn_0.6_dropout_300_hidden_size',
 'features_generator': ['morgan'],
 'features_only': True,
 'features_path': None,
 'features_size': None,
 'ffn_hidden_size': 300,
 'ffn_num_layers': 2,
 'final_lr': 0.0001,
 'folds_file': None,
 'gpu': None,
 'hidden_size': 300,
 'init_lr': 0.0001,
 'inner_loop_lr': 0.05,
 'log_frequency': 10,
 'max_data_size': None,
 'max_lr': 0.001,
 'meta_batch_size': 3,
 'meta_learning': False,
 'meta_test_split_sizes': (0.8, 0.1, 0.1),
 'meta_train_split_sizes': (0.8, 0.2, 0),
 'metric': 'auc',
 'minimize_score': False,
 'multiclass_num_classes': 3,
 'no_cuda': False,
 'no_features_scaling': False,
 'num_folds': 2,
 'num_inner_gradient_steps': 2,
 'num_lrs': 1,
 'num_tasks': None,
 'num_workers': 8,
 'outer_loop_lr': 0.003,
 'pytorch_seed': 0,
 'quiet': False,
 'results_save_dir': 'results/initial_hyperparameter_tuning/',
 'save_dir': '/tmp/2273220.14.gpu.q/tmpxogahuds/fold_0',
 'save_smiles_splits': False,
 'seed': 0,
 'separate_test_features_path': None,
 'separate_test_path': None,
 'separate_val_features_path': None,
 'separate_val_path': None,
 'show_individual_scores': False,
 'smiles_column': None,
 'split_sizes': (0.8, 0.1, 0.1),
 'split_type': 'scaffold_balanced',
 'target_columns': None,
 'task_names': None,
 'test': False,
 'test_fold_index': None,
 'train_data_size': None,
 'undirected': False,
 'use_input_features': True,
 'val_fold_index': None,
 'warmup_epochs': 2.0}
Loading data
0it [00:00, ?it/s]355it [00:00, 3544.32it/s]799it [00:00, 3770.26it/s]1299it [00:00, 4070.41it/s]1840it [00:00, 4394.34it/s]2323it [00:00, 4516.37it/s]2726it [00:00, 4312.89it/s]3150it [00:00, 4289.72it/s]3630it [00:00, 4429.71it/s]4134it [00:00, 4595.39it/s]4585it [00:01, 3763.39it/s]5079it [00:01, 4051.30it/s]5548it [00:01, 4222.07it/s]5986it [00:01, 4237.52it/s]6458it [00:01, 4369.87it/s]7068it [00:01, 4775.08it/s]7700it [00:01, 5152.42it/s]8322it [00:01, 5431.56it/s]8884it [00:01, 4715.19it/s]9519it [00:02, 5108.78it/s]10149it [00:02, 5415.32it/s]10717it [00:02, 5343.94it/s]11351it [00:02, 5606.77it/s]11989it [00:02, 5816.13it/s]12585it [00:02, 5200.39it/s]13227it [00:02, 5514.51it/s]13899it [00:02, 5826.40it/s]14537it [00:02, 5981.12it/s]15173it [00:02, 6087.63it/s]15813it [00:03, 6176.31it/s]16439it [00:03, 6148.12it/s]17060it [00:03, 2659.85it/s]17725it [00:03, 3243.72it/s]18362it [00:03, 3803.58it/s]18923it [00:04, 4194.05it/s]19481it [00:04, 4409.92it/s]20022it [00:04, 4444.84it/s]20537it [00:04, 4365.80it/s]21023it [00:04, 4499.53it/s]21509it [00:04, 4084.56it/s]22119it [00:04, 4532.99it/s]22757it [00:04, 4963.10it/s]23399it [00:04, 5324.99it/s]24040it [00:05, 5607.91it/s]24714it [00:05, 5864.46it/s]25391it [00:05, 6108.87it/s]26021it [00:05, 5430.39it/s]26671it [00:05, 5712.21it/s]27320it [00:05, 5923.04it/s]27962it [00:05, 6062.40it/s]28582it [00:05, 5792.54it/s]29183it [00:05, 5854.58it/s]29777it [00:06, 5248.50it/s]30430it [00:06, 5575.88it/s]31055it [00:06, 5761.45it/s]31702it [00:06, 5957.05it/s]32377it [00:06, 6172.90it/s]33021it [00:06, 6250.34it/s]33672it [00:06, 6324.04it/s]34310it [00:06, 5564.09it/s]34956it [00:06, 5803.50it/s]35554it [00:06, 5795.42it/s]36162it [00:07, 5877.07it/s]36759it [00:07, 5554.70it/s]37325it [00:07, 5313.33it/s]37866it [00:07, 5218.57it/s]38395it [00:07, 4651.50it/s]38888it [00:07, 4730.86it/s]39373it [00:07, 4738.65it/s]39861it [00:07, 4779.58it/s]40358it [00:07, 4833.89it/s]40846it [00:08, 4669.79it/s]41387it [00:08, 4869.16it/s]41880it [00:08, 4876.58it/s]42372it [00:08, 4048.50it/s]42850it [00:08, 4243.29it/s]43416it [00:08, 4586.79it/s]43900it [00:08, 4657.70it/s]44382it [00:08, 4675.07it/s]44861it [00:08, 4634.98it/s]45337it [00:09, 4671.12it/s]45816it [00:09, 4704.65it/s]46291it [00:09, 4702.97it/s]46765it [00:09, 4095.89it/s]47308it [00:09, 4421.26it/s]47769it [00:09, 4403.42it/s]48348it [00:09, 4743.34it/s]48842it [00:09, 4798.88it/s]49444it [00:09, 5108.79it/s]50076it [00:10, 5419.28it/s]50633it [00:10, 4921.12it/s]51270it [00:10, 5281.08it/s]51914it [00:10, 5581.81it/s]52584it [00:10, 5874.00it/s]53215it [00:10, 5997.37it/s]53833it [00:10, 6049.76it/s]54449it [00:10, 6080.18it/s]55064it [00:10, 5334.50it/s]55714it [00:11, 5637.64it/s]56347it [00:11, 5828.14it/s]56992it [00:11, 5999.67it/s]57640it [00:11, 6134.36it/s]58290it [00:11, 6238.94it/s]58921it [00:11, 5509.29it/s]59583it [00:11, 5780.73it/s]60261it [00:11, 6047.50it/s]60916it [00:11, 6188.78it/s]61572it [00:11, 6294.03it/s]61865it [00:12, 5150.48it/s]
  0% 0/61865 [00:00<?, ?it/s]  0% 163/61865 [00:00<00:37, 1626.29it/s]  1% 327/61865 [00:00<00:37, 1628.60it/s]  1% 487/61865 [00:00<00:37, 1616.98it/s]  1% 653/61865 [00:00<00:37, 1628.09it/s]  1% 791/61865 [00:00<00:39, 1543.81it/s]  1% 919/61865 [00:00<00:41, 1451.79it/s]  2% 1047/61865 [00:00<00:44, 1354.08it/s]  2% 1172/61865 [00:00<00:46, 1312.81it/s]  2% 1296/61865 [00:01<01:00, 1008.09it/s]  2% 1433/61865 [00:01<00:55, 1094.64it/s]  3% 1574/61865 [00:02<03:02, 329.67it/s]   3% 1735/61865 [00:02<02:18, 432.85it/s]  3% 1898/61865 [00:02<01:48, 554.95it/s]  3% 2060/61865 [00:02<01:26, 691.30it/s]  4% 2222/61865 [00:02<01:11, 834.85it/s]  4% 2394/61865 [00:02<01:00, 986.93it/s]  4% 2556/61865 [00:02<00:53, 1117.83it/s]  4% 2715/61865 [00:02<00:48, 1226.19it/s]  5% 2871/61865 [00:03<00:46, 1272.31it/s]  5% 3030/61865 [00:03<00:43, 1352.55it/s]  5% 3201/61865 [00:03<00:40, 1442.75it/s]  5% 3364/61865 [00:03<00:39, 1493.47it/s]  6% 3530/61865 [00:03<00:37, 1538.90it/s]  6% 3696/61865 [00:03<00:37, 1571.30it/s]  6% 3859/61865 [00:03<00:36, 1583.87it/s]  7% 4022/61865 [00:03<00:37, 1559.25it/s]  7% 4184/61865 [00:03<00:36, 1576.03it/s]  7% 4356/61865 [00:03<00:35, 1614.09it/s]  7% 4527/61865 [00:04<00:34, 1639.25it/s]  8% 4693/61865 [00:04<00:35, 1620.38it/s]  8% 4858/61865 [00:04<00:35, 1626.26it/s]  8% 5022/61865 [00:04<00:35, 1623.09it/s]  8% 5185/61865 [00:04<00:35, 1618.32it/s]  9% 5348/61865 [00:04<00:35, 1590.57it/s]  9% 5508/61865 [00:04<00:35, 1574.28it/s]  9% 5668/61865 [00:04<00:35, 1580.14it/s]  9% 5828/61865 [00:04<00:35, 1583.95it/s] 10% 5988/61865 [00:04<00:35, 1585.58it/s] 10% 6147/61865 [00:05<00:35, 1578.17it/s] 10% 6307/61865 [00:05<00:35, 1584.17it/s] 10% 6466/61865 [00:05<00:34, 1583.08it/s] 11% 6628/61865 [00:05<00:34, 1591.66it/s] 11% 6788/61865 [00:05<00:34, 1593.63it/s] 11% 6950/61865 [00:05<00:34, 1598.79it/s] 12% 7117/61865 [00:05<00:33, 1619.17it/s] 12% 7282/61865 [00:05<00:33, 1628.29it/s] 12% 7445/61865 [00:05<00:34, 1584.17it/s] 12% 7604/61865 [00:05<00:34, 1573.70it/s] 13% 7764/61865 [00:06<00:34, 1580.91it/s] 13% 7932/61865 [00:06<00:33, 1607.93it/s] 13% 8095/61865 [00:06<00:33, 1613.80it/s] 13% 8257/61865 [00:06<00:34, 1574.45it/s] 14% 8417/61865 [00:06<00:33, 1579.91it/s] 14% 8583/61865 [00:06<00:33, 1601.46it/s] 14% 8747/61865 [00:06<00:32, 1612.28it/s] 14% 8909/61865 [00:06<00:32, 1609.19it/s] 15% 9072/61865 [00:06<00:32, 1613.71it/s] 15% 9235/61865 [00:07<00:32, 1618.11it/s] 15% 9399/61865 [00:07<00:32, 1622.86it/s] 15% 9562/61865 [00:07<00:32, 1607.41it/s] 16% 9725/61865 [00:07<00:32, 1612.90it/s] 16% 9887/61865 [00:07<00:32, 1614.86it/s] 16% 10050/61865 [00:07<00:32, 1617.41it/s] 17% 10212/61865 [00:07<00:32, 1592.11it/s] 17% 10373/61865 [00:07<00:32, 1596.06it/s] 17% 10534/61865 [00:07<00:32, 1598.26it/s] 17% 10695/61865 [00:07<00:31, 1601.03it/s] 18% 10856/61865 [00:08<00:31, 1600.49it/s] 18% 11017/61865 [00:08<00:31, 1592.16it/s] 18% 11182/61865 [00:08<00:31, 1606.26it/s] 18% 11347/61865 [00:08<00:31, 1617.51it/s] 19% 11510/61865 [00:08<00:31, 1620.68it/s] 19% 11673/61865 [00:08<00:31, 1605.57it/s] 19% 11835/61865 [00:08<00:31, 1608.91it/s] 19% 12001/61865 [00:08<00:30, 1622.65it/s] 20% 12165/61865 [00:08<00:30, 1627.07it/s] 20% 12328/61865 [00:08<00:30, 1615.56it/s] 20% 12490/61865 [00:09<00:30, 1615.19it/s] 20% 12655/61865 [00:09<00:30, 1623.41it/s] 21% 12819/61865 [00:09<00:30, 1625.82it/s] 21% 12982/61865 [00:09<00:30, 1615.93it/s] 21% 13144/61865 [00:09<00:30, 1616.98it/s] 22% 13312/61865 [00:09<00:29, 1635.09it/s] 22% 13476/61865 [00:09<00:29, 1634.97it/s] 22% 13641/61865 [00:09<00:29, 1637.77it/s] 22% 13805/61865 [00:09<00:29, 1619.84it/s] 23% 13968/61865 [00:09<00:29, 1604.17it/s] 23% 14129/61865 [00:10<00:29, 1599.14it/s] 23% 14289/61865 [00:10<00:29, 1598.39it/s] 23% 14449/61865 [00:10<00:29, 1590.07it/s] 24% 14611/61865 [00:10<00:29, 1598.70it/s] 24% 14772/61865 [00:10<00:29, 1600.59it/s] 24% 14936/61865 [00:10<00:29, 1612.08it/s] 24% 15098/61865 [00:10<00:29, 1603.81it/s] 25% 15264/61865 [00:10<00:28, 1619.25it/s] 25% 15427/61865 [00:10<00:28, 1620.44it/s] 25% 15590/61865 [00:10<00:30, 1536.01it/s] 25% 15752/61865 [00:11<00:29, 1558.53it/s] 26% 15917/61865 [00:11<00:29, 1583.16it/s] 26% 16081/61865 [00:11<00:28, 1597.54it/s] 26% 16246/61865 [00:11<00:28, 1611.54it/s] 27% 16409/61865 [00:11<00:28, 1614.53it/s] 27% 16571/61865 [00:11<00:28, 1614.32it/s] 27% 16739/61865 [00:11<00:27, 1632.75it/s] 27% 16907/61865 [00:11<00:27, 1646.59it/s] 28% 17077/61865 [00:11<00:26, 1661.82it/s] 28% 17244/61865 [00:11<00:27, 1639.70it/s] 28% 17410/61865 [00:12<00:27, 1644.91it/s] 28% 17575/61865 [00:12<00:26, 1644.36it/s] 29% 17740/61865 [00:12<00:27, 1633.11it/s] 29% 17904/61865 [00:12<00:26, 1629.89it/s] 29% 18071/61865 [00:12<00:26, 1640.60it/s] 29% 18237/61865 [00:12<00:26, 1643.08it/s] 30% 18403/61865 [00:12<00:26, 1645.96it/s] 30% 18568/61865 [00:12<00:26, 1637.49it/s] 30% 18732/61865 [00:12<00:26, 1636.19it/s] 31% 18896/61865 [00:12<00:26, 1633.44it/s] 31% 19061/61865 [00:13<00:26, 1636.06it/s] 31% 19225/61865 [00:13<00:26, 1632.12it/s] 31% 19389/61865 [00:13<00:26, 1631.20it/s] 32% 19558/61865 [00:13<00:25, 1647.56it/s] 32% 19725/61865 [00:13<00:25, 1652.87it/s] 32% 19892/61865 [00:13<00:25, 1655.57it/s] 32% 20058/61865 [00:13<00:25, 1634.43it/s] 33% 20224/61865 [00:13<00:25, 1640.20it/s] 33% 20389/61865 [00:13<00:25, 1632.34it/s] 33% 20556/61865 [00:13<00:25, 1640.66it/s] 33% 20721/61865 [00:14<00:25, 1638.11it/s] 34% 20886/61865 [00:14<00:24, 1641.04it/s] 34% 21051/61865 [00:14<00:24, 1639.99it/s] 34% 21218/61865 [00:14<00:24, 1646.73it/s] 35% 21383/61865 [00:14<00:24, 1631.66it/s] 35% 21547/61865 [00:14<00:25, 1611.88it/s] 35% 21715/61865 [00:14<00:24, 1615.11it/s] 35% 21883/61865 [00:14<00:24, 1633.54it/s] 36% 22047/61865 [00:14<00:24, 1624.66it/s] 36% 22215/61865 [00:15<00:24, 1639.11it/s] 36% 22379/61865 [00:15<00:24, 1619.24it/s] 36% 22542/61865 [00:15<00:24, 1622.36it/s] 37% 22706/61865 [00:15<00:24, 1626.41it/s] 37% 22869/61865 [00:15<00:24, 1613.26it/s] 37% 23036/61865 [00:15<00:23, 1626.98it/s] 37% 23199/61865 [00:15<00:23, 1622.60it/s] 38% 23367/61865 [00:15<00:23, 1639.30it/s] 38% 23532/61865 [00:15<00:23, 1624.45it/s] 38% 23700/61865 [00:15<00:23, 1638.89it/s] 39% 23864/61865 [00:16<00:23, 1626.25it/s] 39% 24034/61865 [00:16<00:22, 1646.23it/s] 39% 24199/61865 [00:16<00:23, 1627.62it/s] 39% 24367/61865 [00:16<00:22, 1640.59it/s] 40% 24532/61865 [00:16<00:22, 1640.00it/s] 40% 24697/61865 [00:16<00:22, 1620.39it/s] 40% 24860/61865 [00:16<00:22, 1618.37it/s] 40% 25024/61865 [00:16<00:22, 1623.65it/s] 41% 25187/61865 [00:16<00:22, 1615.08it/s] 41% 25354/61865 [00:16<00:22, 1631.08it/s] 41% 25518/61865 [00:17<00:22, 1626.55it/s] 42% 25681/61865 [00:17<00:22, 1600.12it/s] 42% 25847/61865 [00:17<00:22, 1615.58it/s] 42% 26012/61865 [00:17<00:22, 1623.53it/s] 42% 26175/61865 [00:17<00:22, 1611.72it/s] 43% 26338/61865 [00:17<00:21, 1616.44it/s] 43% 26500/61865 [00:17<00:22, 1607.44it/s] 43% 26666/61865 [00:17<00:21, 1621.10it/s] 43% 26830/61865 [00:17<00:21, 1623.82it/s] 44% 26993/61865 [00:17<00:21, 1620.44it/s] 44% 27156/61865 [00:18<00:21, 1620.15it/s] 44% 27322/61865 [00:18<00:21, 1629.01it/s] 44% 27485/61865 [00:18<00:21, 1625.82it/s] 45% 27649/61865 [00:18<00:20, 1629.40it/s] 45% 27812/61865 [00:18<00:21, 1568.02it/s] 45% 27979/61865 [00:18<00:21, 1594.72it/s] 45% 28142/61865 [00:18<00:21, 1602.83it/s] 46% 28304/61865 [00:18<00:20, 1605.63it/s] 46% 28466/61865 [00:18<00:20, 1609.85it/s] 46% 28630/61865 [00:18<00:20, 1617.02it/s] 47% 28792/61865 [00:19<00:20, 1611.02it/s] 47% 28954/61865 [00:19<00:20, 1612.77it/s] 47% 29116/61865 [00:19<00:20, 1563.59it/s] 47% 29282/61865 [00:19<00:20, 1590.21it/s] 48% 29448/61865 [00:19<00:20, 1609.83it/s] 48% 29615/61865 [00:19<00:19, 1625.17it/s] 48% 29778/61865 [00:19<00:19, 1626.29it/s] 48% 29941/61865 [00:19<00:19, 1613.62it/s] 49% 30106/61865 [00:19<00:19, 1623.72it/s] 49% 30271/61865 [00:19<00:19, 1628.37it/s] 49% 30434/61865 [00:20<00:19, 1613.28it/s] 49% 30599/61865 [00:20<00:19, 1622.67it/s] 50% 30766/61865 [00:20<00:19, 1633.86it/s] 50% 30930/61865 [00:20<00:18, 1634.58it/s] 50% 31094/61865 [00:20<00:18, 1628.57it/s] 51% 31257/61865 [00:20<00:18, 1618.56it/s] 51% 31421/61865 [00:20<00:18, 1623.31it/s] 51% 31587/61865 [00:20<00:18, 1633.06it/s] 51% 31755/61865 [00:20<00:18, 1643.60it/s] 52% 31920/61865 [00:20<00:18, 1627.12it/s] 52% 32086/61865 [00:21<00:18, 1635.13it/s] 52% 32250/61865 [00:21<00:18, 1624.78it/s] 52% 32415/61865 [00:21<00:18, 1631.75it/s] 53% 32579/61865 [00:21<00:18, 1606.01it/s] 53% 32740/61865 [00:21<00:18, 1573.62it/s] 53% 32907/61865 [00:21<00:18, 1599.64it/s] 53% 33073/61865 [00:21<00:17, 1616.84it/s] 54% 33237/61865 [00:21<00:17, 1621.63it/s] 54% 33402/61865 [00:21<00:17, 1629.83it/s] 54% 33566/61865 [00:22<00:17, 1627.19it/s] 55% 33732/61865 [00:22<00:17, 1635.67it/s] 55% 33896/61865 [00:22<00:17, 1636.77it/s] 55% 34060/61865 [00:22<00:17, 1630.84it/s] 55% 34227/61865 [00:22<00:16, 1641.16it/s] 56% 34392/61865 [00:22<00:17, 1609.06it/s] 56% 34558/61865 [00:22<00:16, 1623.49it/s] 56% 34721/61865 [00:22<00:16, 1616.29it/s] 56% 34887/61865 [00:22<00:16, 1629.13it/s] 57% 35051/61865 [00:22<00:16, 1622.65it/s] 57% 35215/61865 [00:23<00:16, 1625.74it/s] 57% 35378/61865 [00:23<00:16, 1611.98it/s] 57% 35540/61865 [00:23<00:16, 1603.97it/s] 58% 35703/61865 [00:23<00:16, 1610.68it/s] 58% 35870/61865 [00:23<00:15, 1624.71it/s] 58% 36033/61865 [00:23<00:15, 1622.03it/s] 59% 36196/61865 [00:23<00:15, 1616.09it/s] 59% 36361/61865 [00:23<00:15, 1624.25it/s] 59% 36527/61865 [00:23<00:15, 1632.95it/s] 59% 36691/61865 [00:23<00:15, 1632.42it/s] 60% 36855/61865 [00:24<00:15, 1632.41it/s] 60% 37023/61865 [00:24<00:15, 1646.33it/s] 60% 37189/61865 [00:24<00:14, 1648.84it/s] 60% 37355/61865 [00:24<00:14, 1650.76it/s] 61% 37521/61865 [00:24<00:14, 1644.92it/s] 61% 37690/61865 [00:24<00:14, 1657.60it/s] 61% 37856/61865 [00:24<00:14, 1658.12it/s] 61% 38023/61865 [00:24<00:14, 1661.46it/s] 62% 38190/61865 [00:24<00:14, 1644.48it/s] 62% 38357/61865 [00:24<00:14, 1649.29it/s] 62% 38523/61865 [00:25<00:14, 1651.75it/s] 63% 38689/61865 [00:25<00:14, 1649.58it/s] 63% 38854/61865 [00:25<00:14, 1629.58it/s] 63% 39018/61865 [00:25<00:14, 1628.50it/s] 63% 39186/61865 [00:25<00:13, 1643.27it/s] 64% 39351/61865 [00:25<00:14, 1598.53it/s] 64% 39515/61865 [00:25<00:13, 1608.51it/s] 64% 39680/61865 [00:25<00:13, 1620.08it/s] 64% 39848/61865 [00:25<00:13, 1636.58it/s] 65% 40012/61865 [00:25<00:13, 1635.68it/s] 65% 40176/61865 [00:26<00:13, 1634.45it/s] 65% 40340/61865 [00:26<00:13, 1633.96it/s] 65% 40504/61865 [00:26<00:13, 1618.73it/s] 66% 40669/61865 [00:26<00:13, 1625.41it/s] 66% 40833/61865 [00:26<00:12, 1628.02it/s] 66% 40996/61865 [00:26<00:12, 1625.28it/s] 67% 41159/61865 [00:26<00:12, 1601.26it/s] 67% 41327/61865 [00:26<00:12, 1621.30it/s] 67% 41493/61865 [00:26<00:12, 1632.09it/s] 67% 41657/61865 [00:26<00:12, 1626.84it/s] 68% 41823/61865 [00:27<00:12, 1634.68it/s] 68% 41990/61865 [00:27<00:12, 1645.01it/s] 68% 42155/61865 [00:27<00:12, 1631.66it/s] 68% 42319/61865 [00:27<00:12, 1622.49it/s] 69% 42483/61865 [00:27<00:11, 1625.61it/s] 69% 42647/61865 [00:27<00:11, 1626.41it/s] 69% 42811/61865 [00:27<00:11, 1630.05it/s] 69% 42976/61865 [00:27<00:11, 1635.81it/s] 70% 43142/61865 [00:27<00:11, 1640.63it/s] 70% 43307/61865 [00:27<00:11, 1640.90it/s] 70% 43477/61865 [00:28<00:11, 1656.54it/s] 71% 43643/61865 [00:28<00:11, 1644.72it/s] 71% 43808/61865 [00:28<00:11, 1639.15it/s] 71% 43972/61865 [00:28<00:11, 1625.47it/s] 71% 44140/61865 [00:28<00:10, 1641.01it/s] 72% 44306/61865 [00:28<00:10, 1645.37it/s] 72% 44471/61865 [00:28<00:10, 1637.76it/s] 72% 44641/61865 [00:28<00:10, 1654.98it/s] 72% 44809/61865 [00:28<00:10, 1661.41it/s] 73% 44976/61865 [00:28<00:10, 1646.79it/s] 73% 45141/61865 [00:29<00:10, 1640.09it/s] 73% 45310/61865 [00:29<00:10, 1653.41it/s] 74% 45476/61865 [00:29<00:09, 1647.19it/s] 74% 45641/61865 [00:29<00:09, 1637.39it/s] 74% 45805/61865 [00:29<00:09, 1632.14it/s] 74% 45969/61865 [00:29<00:09, 1623.58it/s] 75% 46132/61865 [00:29<00:09, 1624.59it/s] 75% 46298/61865 [00:29<00:09, 1632.04it/s] 75% 46462/61865 [00:29<00:09, 1631.75it/s] 75% 46626/61865 [00:30<00:09, 1630.32it/s] 76% 46790/61865 [00:30<00:09, 1631.04it/s] 76% 46960/61865 [00:30<00:09, 1648.11it/s] 76% 47125/61865 [00:30<00:09, 1634.83it/s] 76% 47289/61865 [00:30<00:08, 1628.65it/s] 77% 47456/61865 [00:30<00:08, 1637.96it/s] 77% 47623/61865 [00:30<00:08, 1646.41it/s] 77% 47788/61865 [00:30<00:08, 1634.08it/s] 78% 47952/61865 [00:30<00:08, 1625.87it/s] 78% 48115/61865 [00:32<00:44, 310.41it/s]  78% 48279/61865 [00:32<00:33, 410.08it/s] 78% 48440/61865 [00:32<00:25, 528.00it/s] 79% 48598/61865 [00:32<00:20, 659.69it/s] 79% 48762/61865 [00:32<00:16, 803.70it/s] 79% 48922/61865 [00:32<00:13, 943.82it/s] 79% 49084/61865 [00:32<00:11, 1078.77it/s] 80% 49245/61865 [00:33<00:10, 1196.29it/s] 80% 49406/61865 [00:33<00:09, 1294.49it/s] 80% 49570/61865 [00:33<00:08, 1379.82it/s] 80% 49732/61865 [00:33<00:08, 1441.87it/s] 81% 49893/61865 [00:33<00:08, 1468.70it/s] 81% 50052/61865 [00:33<00:07, 1499.28it/s] 81% 50212/61865 [00:33<00:07, 1526.63it/s] 81% 50377/61865 [00:33<00:07, 1559.11it/s] 82% 50538/61865 [00:33<00:07, 1570.06it/s] 82% 50698/61865 [00:33<00:07, 1569.26it/s] 82% 50861/61865 [00:34<00:06, 1584.12it/s] 82% 51021/61865 [00:34<00:06, 1572.28it/s] 83% 51181/61865 [00:34<00:06, 1577.88it/s] 83% 51340/61865 [00:34<00:06, 1575.84it/s] 83% 51502/61865 [00:34<00:06, 1586.12it/s] 84% 51661/61865 [00:34<00:06, 1576.17it/s] 84% 51819/61865 [00:34<00:06, 1575.27it/s] 84% 51977/61865 [00:34<00:06, 1574.63it/s] 84% 52136/61865 [00:34<00:06, 1576.63it/s] 85% 52300/61865 [00:34<00:05, 1594.76it/s] 85% 52460/61865 [00:35<00:05, 1578.65it/s] 85% 52621/61865 [00:35<00:05, 1585.14it/s] 85% 52780/61865 [00:35<00:05, 1580.12it/s] 86% 52942/61865 [00:35<00:05, 1590.61it/s] 86% 53102/61865 [00:35<00:05, 1588.02it/s] 86% 53261/61865 [00:35<00:05, 1572.05it/s] 86% 53424/61865 [00:35<00:05, 1586.51it/s] 87% 53589/61865 [00:35<00:05, 1603.22it/s] 87% 53753/61865 [00:35<00:05, 1610.93it/s] 87% 53915/61865 [00:35<00:04, 1612.48it/s] 87% 54077/61865 [00:36<00:04, 1596.02it/s] 88% 54237/61865 [00:36<00:04, 1588.73it/s] 88% 54401/61865 [00:36<00:04, 1601.17it/s] 88% 54565/61865 [00:36<00:04, 1612.43it/s] 88% 54730/61865 [00:36<00:04, 1620.78it/s] 89% 54893/61865 [00:36<00:04, 1604.49it/s] 89% 55054/61865 [00:36<00:04, 1562.18it/s] 89% 55214/61865 [00:36<00:04, 1571.58it/s] 90% 55372/61865 [00:36<00:04, 1566.57it/s] 90% 55529/61865 [00:37<00:04, 1536.29it/s] 90% 55690/61865 [00:37<00:03, 1556.01it/s] 90% 55849/61865 [00:37<00:03, 1564.99it/s] 91% 56014/61865 [00:37<00:03, 1588.20it/s] 91% 56180/61865 [00:37<00:03, 1608.52it/s] 91% 56342/61865 [00:37<00:03, 1605.65it/s] 91% 56507/61865 [00:37<00:03, 1616.28it/s] 92% 56669/61865 [00:37<00:03, 1582.16it/s] 92% 56828/61865 [00:37<00:03, 1556.44it/s] 92% 56984/61865 [00:37<00:03, 1524.33it/s] 92% 57137/61865 [00:38<00:03, 1508.21it/s] 93% 57289/61865 [00:38<00:03, 1500.47it/s] 93% 57440/61865 [00:38<00:03, 1430.14it/s] 93% 57584/61865 [00:38<00:03, 1405.38it/s] 93% 57726/61865 [00:38<00:02, 1381.14it/s] 94% 57865/61865 [00:38<00:02, 1371.83it/s] 94% 58003/61865 [00:38<00:02, 1358.41it/s] 94% 58140/61865 [00:38<00:02, 1351.56it/s] 94% 58276/61865 [00:38<00:02, 1344.66it/s] 94% 58411/61865 [00:38<00:02, 1342.75it/s] 95% 58556/61865 [00:39<00:02, 1372.83it/s] 95% 58711/61865 [00:39<00:02, 1419.10it/s] 95% 58877/61865 [00:39<00:02, 1481.36it/s] 95% 59043/61865 [00:39<00:01, 1528.84it/s] 96% 59212/61865 [00:39<00:01, 1573.76it/s] 96% 59379/61865 [00:39<00:01, 1601.35it/s] 96% 59549/61865 [00:39<00:01, 1628.47it/s] 97% 59715/61865 [00:39<00:01, 1635.42it/s] 97% 59880/61865 [00:39<00:01, 1573.84it/s] 97% 60039/61865 [00:39<00:01, 1552.14it/s] 97% 60195/61865 [00:40<00:01, 1550.18it/s] 98% 60361/61865 [00:40<00:00, 1579.94it/s] 98% 60525/61865 [00:40<00:00, 1596.71it/s] 98% 60695/61865 [00:40<00:00, 1625.21it/s] 98% 60864/61865 [00:40<00:00, 1643.75it/s] 99% 61034/61865 [00:40<00:00, 1657.95it/s] 99% 61201/61865 [00:40<00:00, 1652.03it/s] 99% 61372/61865 [00:40<00:00, 1668.15it/s] 99% 61539/61865 [00:40<00:00, 1660.71it/s]100% 61708/61865 [00:41<00:00, 1668.89it/s]100% 61865/61865 [00:41<00:00, 1505.15it/s]
  0% 0/61865 [00:00<?, ?it/s] 18% 11117/61865 [00:00<00:00, 111169.58it/s] 29% 17939/61865 [00:00<00:00, 93504.33it/s]  50% 30940/61865 [00:00<00:00, 102104.82it/s] 73% 45050/61865 [00:00<00:00, 111334.32it/s] 95% 58714/61865 [00:00<00:00, 117883.75it/s]100% 61865/61865 [00:00<00:00, 120913.05it/s]
Number of tasks = 645
Splitting data with seed 0
  0% 0/61865 [00:00<?, ?it/s]  1% 613/61865 [00:00<00:10, 6123.96it/s]  2% 1186/61865 [00:00<00:10, 5999.84it/s]  3% 1714/61865 [00:00<00:10, 5762.78it/s]  4% 2230/61865 [00:00<00:10, 5562.76it/s]  4% 2736/61865 [00:00<00:10, 5401.26it/s]  5% 3344/61865 [00:00<00:10, 5586.80it/s]  6% 3866/61865 [00:00<00:10, 5452.86it/s]  7% 4365/61865 [00:00<00:10, 5255.53it/s]  8% 4893/61865 [00:00<00:10, 5261.55it/s]  9% 5398/61865 [00:01<00:11, 5081.60it/s] 10% 5893/61865 [00:01<00:11, 4971.08it/s] 10% 6381/61865 [00:01<00:11, 4879.26it/s] 11% 6863/61865 [00:01<00:11, 4837.67it/s] 12% 7367/61865 [00:01<00:11, 4892.62it/s] 13% 7854/61865 [00:01<00:11, 4817.80it/s] 13% 8335/61865 [00:01<00:11, 4664.60it/s] 14% 8802/61865 [00:01<00:11, 4605.73it/s] 15% 9304/61865 [00:01<00:11, 4721.98it/s] 16% 9794/61865 [00:01<00:10, 4770.59it/s] 17% 10295/61865 [00:02<00:10, 4838.79it/s] 17% 10780/61865 [00:02<00:10, 4833.83it/s] 18% 11266/61865 [00:02<00:10, 4840.61it/s] 19% 11751/61865 [00:02<00:10, 4828.60it/s] 20% 12263/61865 [00:02<00:10, 4912.31it/s] 21% 12766/61865 [00:02<00:09, 4946.63it/s] 21% 13285/61865 [00:02<00:09, 5014.96it/s] 22% 13798/61865 [00:02<00:09, 5046.94it/s] 23% 14304/61865 [00:02<00:09, 4982.84it/s] 24% 14803/61865 [00:02<00:09, 4889.00it/s] 25% 15298/61865 [00:03<00:09, 4905.87it/s] 26% 15790/61865 [00:03<00:09, 4895.79it/s] 26% 16280/61865 [00:03<00:09, 4880.62it/s] 27% 16781/61865 [00:03<00:09, 4917.07it/s] 28% 17300/61865 [00:03<00:08, 4993.94it/s] 29% 17818/61865 [00:03<00:08, 5045.43it/s] 30% 18328/61865 [00:03<00:08, 5061.34it/s] 30% 18835/61865 [00:03<00:08, 5048.15it/s] 31% 19341/61865 [00:03<00:08, 5038.65it/s] 32% 19855/61865 [00:03<00:08, 5067.37it/s] 33% 20362/61865 [00:04<00:08, 4992.65it/s] 34% 20868/61865 [00:04<00:08, 5011.75it/s] 35% 21370/61865 [00:04<00:08, 4955.89it/s] 35% 21866/61865 [00:04<00:08, 4953.41it/s] 36% 22382/61865 [00:04<00:07, 5011.11it/s] 37% 22908/61865 [00:04<00:07, 5079.83it/s] 38% 23427/61865 [00:04<00:07, 5111.99it/s] 39% 23944/61865 [00:04<00:07, 5126.01it/s] 40% 24464/61865 [00:04<00:07, 5146.29it/s] 40% 24979/61865 [00:04<00:07, 5138.03it/s] 41% 25493/61865 [00:05<00:07, 5110.04it/s] 42% 26005/61865 [00:05<00:07, 5073.48it/s] 43% 26513/61865 [00:05<00:07, 5022.02it/s] 44% 27029/61865 [00:05<00:06, 5062.38it/s] 45% 27543/61865 [00:05<00:06, 5084.96it/s] 45% 28055/61865 [00:05<00:06, 5094.50it/s] 46% 28565/61865 [00:05<00:06, 5031.56it/s] 47% 29069/61865 [00:05<00:06, 4975.95it/s] 48% 29582/61865 [00:05<00:06, 5019.83it/s] 49% 30101/61865 [00:05<00:06, 5067.84it/s] 49% 30611/61865 [00:06<00:06, 5074.49it/s] 50% 31123/61865 [00:06<00:06, 5085.24it/s] 51% 31632/61865 [00:06<00:05, 5068.03it/s] 52% 32150/61865 [00:06<00:05, 5097.79it/s] 53% 32660/61865 [00:06<00:05, 5035.08it/s] 54% 33166/61865 [00:06<00:05, 5041.18it/s] 54% 33677/61865 [00:06<00:05, 5060.36it/s] 55% 34189/61865 [00:06<00:05, 5077.54it/s] 56% 34702/61865 [00:06<00:05, 5091.51it/s] 57% 35212/61865 [00:06<00:05, 5032.56it/s] 58% 35716/61865 [00:07<00:05, 4960.04it/s] 59% 36218/61865 [00:07<00:05, 4976.73it/s] 59% 36716/61865 [00:07<00:05, 4961.57it/s] 60% 37234/61865 [00:07<00:04, 5024.97it/s] 61% 37762/61865 [00:07<00:04, 5095.67it/s] 62% 38278/61865 [00:07<00:04, 5113.13it/s] 63% 38790/61865 [00:07<00:04, 5094.15it/s] 64% 39300/61865 [00:07<00:04, 5085.95it/s] 64% 39816/61865 [00:07<00:04, 5106.40it/s] 65% 40327/61865 [00:08<00:04, 5084.20it/s] 66% 40836/61865 [00:08<00:04, 5008.38it/s] 67% 41351/61865 [00:08<00:04, 5049.77it/s] 68% 41857/61865 [00:08<00:03, 5012.43it/s] 68% 42359/61865 [00:08<00:03, 4989.39it/s] 69% 42859/61865 [00:08<00:03, 4962.53it/s] 70% 43369/61865 [00:08<00:03, 5002.07it/s] 71% 43884/61865 [00:08<00:03, 5045.00it/s] 72% 44389/61865 [00:08<00:03, 5046.16it/s] 73% 44907/61865 [00:08<00:03, 5082.03it/s] 73% 45416/61865 [00:09<00:03, 5079.32it/s] 74% 45925/61865 [00:09<00:03, 5031.03it/s] 75% 46429/61865 [00:09<00:03, 5018.46it/s] 76% 46931/61865 [00:09<00:02, 4993.92it/s] 77% 47434/61865 [00:09<00:02, 5004.33it/s] 77% 47935/61865 [00:09<00:02, 4958.09it/s] 78% 48431/61865 [00:09<00:02, 4909.14it/s] 79% 48923/61865 [00:09<00:02, 4711.16it/s] 80% 49396/61865 [00:09<00:02, 4664.47it/s] 81% 49864/61865 [00:09<00:02, 4602.07it/s] 81% 50326/61865 [00:10<00:02, 4569.59it/s] 82% 50784/61865 [00:10<00:02, 4565.85it/s] 83% 51242/61865 [00:10<00:02, 4498.20it/s] 84% 51693/61865 [00:10<00:02, 4462.37it/s] 84% 52140/61865 [00:10<00:02, 4457.30it/s] 85% 52587/61865 [00:10<00:02, 4389.28it/s] 86% 53052/61865 [00:10<00:01, 4463.33it/s] 86% 53499/61865 [00:10<00:01, 4257.63it/s] 87% 53948/61865 [00:10<00:01, 4322.31it/s] 88% 54404/61865 [00:10<00:01, 4390.16it/s] 89% 54874/61865 [00:11<00:01, 4476.20it/s] 89% 55324/61865 [00:11<00:01, 4472.77it/s] 90% 55773/61865 [00:11<00:01, 4300.28it/s] 91% 56243/61865 [00:11<00:01, 4411.10it/s] 92% 56688/61865 [00:11<00:01, 4421.02it/s] 92% 57132/61865 [00:11<00:01, 4143.58it/s] 93% 57552/61865 [00:11<00:01, 3646.35it/s] 94% 57931/61865 [00:11<00:01, 3311.54it/s] 94% 58278/61865 [00:12<00:01, 3103.64it/s] 95% 58603/61865 [00:12<00:01, 3118.71it/s] 95% 59072/61865 [00:12<00:00, 3465.67it/s] 96% 59600/61865 [00:12<00:00, 3862.81it/s] 97% 60015/61865 [00:12<00:00, 3868.42it/s] 98% 60471/61865 [00:12<00:00, 4052.55it/s] 99% 60984/61865 [00:12<00:00, 4323.55it/s] 99% 61510/61865 [00:12<00:00, 4565.99it/s]100% 61865/61865 [00:12<00:00, 4824.41it/s]
Total scaffolds = 30,615 | train scaffolds = 24,639 | val scaffolds = 3,133 | test scaffolds = 2,843
/home/apappu/thesis/molecule-metalearning/chemprop/chemprop/data/scaffold.py:152: RuntimeWarning: Mean of empty slice
  target_avgs.append(np.nanmean(targets, axis=0))
Label averages per scaffold, in decreasing order of scaffold frequency,capped at 10 scaffolds and 20 labels: [(array([nan, nan, nan, nan, nan, nan, nan, nan, nan, nan, nan, nan, nan,
       nan, nan, nan, nan, nan, nan, nan]), array([0, 0, 0, 0, 0, 0, 0, 0, 0, 0, 0, 0, 0, 0, 0, 0, 0, 0, 0, 0])), (array([nan, nan, nan, nan, nan, nan, nan, nan, nan, nan, nan, nan, nan,
       nan, nan, 0.5, nan, nan, nan, nan]), array([0, 0, 0, 0, 0, 0, 0, 0, 0, 0, 0, 0, 0, 0, 0, 2, 0, 0, 0, 0])), (array([nan, nan, nan, nan, nan, nan, nan, nan, nan, nan, nan, nan, nan,
       nan, nan, nan, nan, nan, nan, nan]), array([0, 0, 0, 0, 0, 0, 0, 0, 0, 0, 0, 0, 0, 0, 0, 0, 0, 0, 0, 0])), (array([nan, nan, nan, nan, nan, nan, nan, nan, nan, nan, nan, nan, nan,
       nan, nan, nan, nan, nan, nan, nan]), array([0, 0, 0, 0, 0, 0, 0, 0, 0, 0, 0, 0, 0, 0, 0, 0, 0, 0, 0, 0])), (array([nan, nan, nan, nan, nan, nan, nan, nan, nan, nan, nan, nan, nan,
       nan, nan, nan, nan, nan, nan, nan]), array([0, 0, 0, 0, 0, 0, 0, 0, 0, 0, 0, 0, 0, 0, 0, 0, 0, 0, 0, 0])), (array([nan, nan, nan, nan, nan, nan, nan, nan, nan, nan, nan, nan, nan,
       nan, nan, nan, nan, nan, nan, nan]), array([0, 0, 0, 0, 0, 0, 0, 0, 0, 0, 0, 0, 0, 0, 0, 0, 0, 0, 0, 0])), (array([nan, nan, nan, nan, nan, nan, nan, nan, nan, nan, nan, nan, nan,
       nan, nan, nan, nan, nan, nan, nan]), array([0, 0, 0, 0, 0, 0, 0, 0, 0, 0, 0, 0, 0, 0, 0, 0, 0, 0, 0, 0])), (array([nan, nan, nan, nan, nan, nan, nan, nan, nan, nan, nan, nan, nan,
       nan, nan, nan, nan, nan, nan, nan]), array([0, 0, 0, 0, 0, 0, 0, 0, 0, 0, 0, 0, 0, 0, 0, 0, 0, 0, 0, 0])), (array([nan, nan, nan, nan, nan, nan, nan, nan, nan, nan, nan, nan, nan,
       nan, nan, nan, nan, nan, nan, nan]), array([0, 0, 0, 0, 0, 0, 0, 0, 0, 0, 0, 0, 0, 0, 0, 0, 0, 0, 0, 0])), (array([nan, nan, nan, nan, nan, nan, nan, nan, nan, nan, nan, nan, nan,
       nan, nan, nan, nan, nan, nan, nan]), array([0, 0, 0, 0, 0, 0, 0, 0, 0, 0, 0, 0, 0, 0, 0, 0, 0, 0, 0, 0]))]
Class sizes
CHEMBL1033994 0: 41.98%, 1: 58.02%
CHEMBL1119333 0: 9.59%, 1: 90.41%
CHEMBL1217000 0: 52.41%, 1: 47.59%
CHEMBL1243965 0: 17.11%, 1: 82.89%
CHEMBL1243966 0: 41.96%, 1: 58.04%
CHEMBL1243967 0: 10.17%, 1: 89.83%
CHEMBL1243968 0: 15.06%, 1: 84.94%
CHEMBL1243970 0: 6.91%, 1: 93.09%
CHEMBL1243972 0: 9.92%, 1: 90.08%
CHEMBL1243976 0: 28.99%, 1: 71.01%
CHEMBL1246087 0: 33.88%, 1: 66.12%
CHEMBL1246088 0: 48.37%, 1: 51.63%
CHEMBL1613762 0: 2.45%, 1: 97.55%
CHEMBL1613779 0: 58.47%, 1: 41.53%
CHEMBL1613785 0: 43.22%, 1: 56.78%
CHEMBL1613787 0: 69.08%, 1: 30.92%
CHEMBL1613807 0: 95.99%, 1: 4.01%
CHEMBL1613813 0: 44.20%, 1: 55.80%
CHEMBL1613814 0: 53.85%, 1: 46.15%
CHEMBL1613817 0: 84.86%, 1: 15.14%
CHEMBL1613853 0: 41.86%, 1: 58.14%
CHEMBL1613861 0: 14.47%, 1: 85.53%
CHEMBL1613864 0: 5.19%, 1: 94.81%
CHEMBL1613867 0: 97.13%, 1: 2.87%
CHEMBL1613870 0: 15.80%, 1: 84.20%
CHEMBL1613871 0: 6.15%, 1: 93.85%
CHEMBL1613874 0: 65.78%, 1: 34.22%
CHEMBL1613876 0: 54.35%, 1: 45.65%
CHEMBL1613884 0: 21.51%, 1: 78.49%
CHEMBL1613890 0: 34.85%, 1: 65.15%
CHEMBL1613897 0: 46.64%, 1: 53.36%
CHEMBL1613898 0: 75.45%, 1: 24.55%
CHEMBL1613904 0: 50.77%, 1: 49.23%
CHEMBL1613907 0: 5.34%, 1: 94.66%
CHEMBL1613926 0: 30.15%, 1: 69.85%
CHEMBL1613928 0: 45.90%, 1: 54.10%
CHEMBL1613929 0: 81.25%, 1: 18.75%
CHEMBL1613941 0: 32.58%, 1: 67.42%
CHEMBL1613942 0: 41.43%, 1: 58.57%
CHEMBL1613947 0: 46.01%, 1: 53.99%
CHEMBL1613949 0: 60.13%, 1: 39.87%
CHEMBL1613950 0: 43.05%, 1: 56.95%
CHEMBL1613955 0: 54.04%, 1: 45.96%
CHEMBL1613962 0: 24.26%, 1: 75.74%
CHEMBL1613967 0: 44.59%, 1: 55.41%
CHEMBL1613981 0: 58.85%, 1: 41.15%
CHEMBL1613991 0: 14.98%, 1: 85.02%
CHEMBL1613997 0: 7.73%, 1: 92.27%
CHEMBL1614001 0: 98.28%, 1: 1.72%
CHEMBL1614004 0: 14.66%, 1: 85.34%
CHEMBL1614016 0: 12.22%, 1: 87.78%
CHEMBL1614030 0: 19.96%, 1: 80.04%
CHEMBL1614034 0: 2.63%, 1: 97.37%
CHEMBL1614035 0: 77.14%, 1: 22.86%
CHEMBL1614049 0: 39.63%, 1: 60.37%
CHEMBL1614053 0: 42.48%, 1: 57.52%
CHEMBL1614063 0: 95.18%, 1: 4.82%
CHEMBL1614065 0: 9.71%, 1: 90.29%
CHEMBL1614066 0: 94.74%, 1: 5.26%
CHEMBL1614069 0: 56.82%, 1: 43.18%
CHEMBL1614072 0: 50.36%, 1: 49.64%
CHEMBL1614084 0: 13.26%, 1: 86.74%
CHEMBL1614091 0: 4.43%, 1: 95.57%
CHEMBL1614092 0: 47.50%, 1: 52.50%
CHEMBL1614097 0: 46.99%, 1: 53.01%
CHEMBL1614098 0: 97.25%, 1: 2.75%
CHEMBL1614104 0: 7.74%, 1: 92.26%
CHEMBL1614105 0: 6.12%, 1: 93.88%
CHEMBL1614109 0: 59.87%, 1: 40.13%
CHEMBL1614128 0: 10.35%, 1: 89.65%
CHEMBL1614131 0: 97.14%, 1: 2.86%
CHEMBL1614132 0: 42.07%, 1: 57.93%
CHEMBL1614138 0: 67.83%, 1: 32.17%
CHEMBL1614155 0: 25.40%, 1: 74.60%
CHEMBL1614158 0: 74.52%, 1: 25.48%
CHEMBL1614167 0: 16.17%, 1: 83.83%
CHEMBL1614170 0: 68.86%, 1: 31.14%
CHEMBL1614171 0: 93.77%, 1: 6.23%
CHEMBL1614175 0: 80.66%, 1: 19.34%
CHEMBL1614185 0: 26.17%, 1: 73.83%
CHEMBL1614197 0: 5.26%, 1: 94.74%
CHEMBL1614199 0: 49.66%, 1: 50.34%
CHEMBL1614202 0: 7.32%, 1: 92.68%
CHEMBL1614215 0: 52.76%, 1: 47.24%
CHEMBL1614216 0: 48.52%, 1: 51.48%
CHEMBL1614218 0: 22.36%, 1: 77.64%
CHEMBL1614225 0: 62.50%, 1: 37.50%
CHEMBL1614244 0: 38.85%, 1: 61.15%
CHEMBL1614247 0: 44.34%, 1: 55.66%
CHEMBL1614252 0: 60.11%, 1: 39.89%
CHEMBL1614255 0: 61.26%, 1: 38.74%
CHEMBL1614259 0: 32.82%, 1: 67.18%
CHEMBL1614272 0: 67.71%, 1: 32.29%
CHEMBL1614276 0: 51.74%, 1: 48.26%
CHEMBL1614287 0: 85.53%, 1: 14.47%
CHEMBL1614288 0: 72.51%, 1: 27.49%
CHEMBL1614290 0: 4.51%, 1: 95.49%
CHEMBL1614295 0: 2.29%, 1: 97.71%
CHEMBL1614301 0: 19.74%, 1: 80.26%
CHEMBL1614304 0: 63.76%, 1: 36.24%
CHEMBL1614309 0: 27.66%, 1: 72.34%
CHEMBL1614311 0: 53.76%, 1: 46.24%
CHEMBL1614314 0: 94.70%, 1: 5.30%
CHEMBL1614319 0: 72.16%, 1: 27.84%
CHEMBL1614320 0: 29.79%, 1: 70.21%
CHEMBL1614321 0: 60.16%, 1: 39.84%
CHEMBL1614328 0: 46.64%, 1: 53.36%
CHEMBL1614329 0: 40.69%, 1: 59.31%
CHEMBL1614336 0: 47.01%, 1: 52.99%
CHEMBL1614344 0: 67.72%, 1: 32.28%
CHEMBL1614356 0: 43.90%, 1: 56.10%
CHEMBL1614359 0: 50.26%, 1: 49.74%
CHEMBL1614363 0: 53.19%, 1: 46.81%
CHEMBL1614385 0: 93.27%, 1: 6.73%
CHEMBL1614388 0: 56.19%, 1: 43.81%
CHEMBL1614393 0: 45.00%, 1: 55.00%
CHEMBL1614395 0: 11.32%, 1: 88.68%
CHEMBL1614403 0: 88.15%, 1: 11.85%
CHEMBL1614423 0: 57.84%, 1: 42.16%
CHEMBL1614425 0: 38.24%, 1: 61.76%
CHEMBL1614433 0: 60.77%, 1: 39.23%
CHEMBL1614434 0: 80.25%, 1: 19.75%
CHEMBL1614456 0: 3.36%, 1: 96.64%
CHEMBL1614466 0: 10.32%, 1: 89.68%
CHEMBL1614469 0: 24.90%, 1: 75.10%
CHEMBL1614477 0: 43.75%, 1: 56.25%
CHEMBL1614478 0: 12.50%, 1: 87.50%
CHEMBL1614480 0: 85.71%, 1: 14.29%
CHEMBL1614484 0: 9.01%, 1: 90.99%
CHEMBL1614492 0: 40.54%, 1: 59.46%
CHEMBL1614499 0: 44.47%, 1: 55.53%
CHEMBL1614503 0: 40.30%, 1: 59.70%
CHEMBL1614504 0: 17.80%, 1: 82.20%
CHEMBL1614509 0: 79.43%, 1: 20.57%
CHEMBL1614512 0: 62.79%, 1: 37.21%
CHEMBL1614514 0: 83.07%, 1: 16.93%
CHEMBL1614515 0: 19.61%, 1: 80.39%
CHEMBL1614516 0: 96.81%, 1: 3.19%
CHEMBL1614522 0: 28.55%, 1: 71.45%
CHEMBL1614524 0: 12.98%, 1: 87.02%
CHEMBL1614528 0: 40.91%, 1: 59.09%
CHEMBL1614547 0: 72.51%, 1: 27.49%
CHEMBL1614548 0: 17.95%, 1: 82.05%
CHEMBL1614549 0: 84.25%, 1: 15.75%
CHEMBL1614550 0: 9.30%, 1: 90.70%
CHEMBL1614554 0: 71.64%, 1: 28.36%
CHEMBL1676103 0: 39.85%, 1: 60.15%
CHEMBL1737860 0: 3.60%, 1: 96.40%
CHEMBL1737863 0: 36.27%, 1: 63.73%
CHEMBL1737865 0: 61.01%, 1: 38.99%
CHEMBL1737868 0: 79.41%, 1: 20.59%
CHEMBL1737910 0: 45.71%, 1: 54.29%
CHEMBL1737912 0: 26.51%, 1: 73.49%
CHEMBL1737942 0: 44.52%, 1: 55.48%
CHEMBL1737951 0: 51.83%, 1: 48.17%
CHEMBL1737961 0: 93.34%, 1: 6.66%
CHEMBL1737966 0: 21.36%, 1: 78.64%
CHEMBL1737967 0: 89.17%, 1: 10.83%
CHEMBL1737977 0: 13.87%, 1: 86.13%
CHEMBL1737978 0: 18.18%, 1: 81.82%
CHEMBL1737979 0: 8.94%, 1: 91.06%
CHEMBL1738019 0: 24.85%, 1: 75.15%
CHEMBL1738021 0: 10.87%, 1: 89.13%
CHEMBL1738025 0: 33.80%, 1: 66.20%
CHEMBL1738040 0: 73.48%, 1: 26.52%
CHEMBL1738043 0: 46.43%, 1: 53.57%
CHEMBL1738079 0: 3.88%, 1: 96.12%
CHEMBL1738080 0: 76.43%, 1: 23.57%
CHEMBL1738091 0: 89.77%, 1: 10.23%
CHEMBL1738097 0: 72.41%, 1: 27.59%
CHEMBL1738131 0: 68.59%, 1: 31.41%
CHEMBL1738164 0: 79.79%, 1: 20.21%
CHEMBL1738171 0: 85.45%, 1: 14.55%
CHEMBL1738183 0: 59.62%, 1: 40.38%
CHEMBL1738197 0: 36.90%, 1: 63.10%
CHEMBL1738202 0: 3.47%, 1: 96.53%
CHEMBL1738242 0: 16.55%, 1: 83.45%
CHEMBL1738249 0: 86.53%, 1: 13.47%
CHEMBL1738253 0: 7.33%, 1: 92.67%
CHEMBL1738319 0: 59.17%, 1: 40.83%
CHEMBL1738325 0: 96.86%, 1: 3.14%
CHEMBL1738362 0: 21.43%, 1: 78.57%
CHEMBL1738369 0: 56.34%, 1: 43.66%
CHEMBL1738371 0: 81.97%, 1: 18.03%
CHEMBL1738391 0: 68.38%, 1: 31.62%
CHEMBL1738400 0: 77.86%, 1: 22.14%
CHEMBL1738402 0: 54.19%, 1: 45.81%
CHEMBL1738407 0: 85.58%, 1: 14.42%
CHEMBL1738408 0: 2.18%, 1: 97.82%
CHEMBL1738414 0: 5.11%, 1: 94.89%
CHEMBL1738418 0: 68.85%, 1: 31.15%
CHEMBL1738422 0: 4.29%, 1: 95.71%
CHEMBL1738424 0: 77.50%, 1: 22.50%
CHEMBL1738430 0: 25.54%, 1: 74.46%
CHEMBL1738438 0: 2.76%, 1: 97.24%
CHEMBL1738482 0: 7.69%, 1: 92.31%
CHEMBL1738485 0: 17.65%, 1: 82.35%
CHEMBL1738494 0: 97.26%, 1: 2.74%
CHEMBL1738495 0: 1.70%, 1: 98.30%
CHEMBL1738497 0: 64.50%, 1: 35.50%
CHEMBL1738502 0: 15.20%, 1: 84.80%
CHEMBL1738510 0: 54.41%, 1: 45.59%
CHEMBL1738512 0: 3.05%, 1: 96.95%
CHEMBL1738513 0: 28.64%, 1: 71.36%
CHEMBL1738552 0: 64.70%, 1: 35.30%
CHEMBL1738575 0: 65.65%, 1: 34.35%
CHEMBL1738578 0: 23.30%, 1: 76.70%
CHEMBL1738579 0: 22.79%, 1: 77.21%
CHEMBL1738593 0: 17.65%, 1: 82.35%
CHEMBL1738599 0: 16.07%, 1: 83.93%
CHEMBL1738602 0: 42.70%, 1: 57.30%
CHEMBL1738610 0: 42.07%, 1: 57.93%
CHEMBL1738611 0: 2.23%, 1: 97.77%
CHEMBL1738632 0: 86.32%, 1: 13.68%
CHEMBL1738633 0: 4.05%, 1: 95.95%
CHEMBL1738639 0: 64.47%, 1: 35.53%
CHEMBL1738642 0: 34.82%, 1: 65.18%
CHEMBL1738670 0: 9.18%, 1: 90.82%
CHEMBL1738673 0: 12.98%, 1: 87.02%
CHEMBL1738679 0: 63.95%, 1: 36.05%
CHEMBL1738682 0: 62.45%, 1: 37.55%
CHEMBL1794296 0: 44.02%, 1: 55.98%
CHEMBL1794303 0: 2.71%, 1: 97.29%
CHEMBL1794320 0: 96.68%, 1: 3.32%
CHEMBL1794327 0: 91.59%, 1: 8.41%
CHEMBL1794336 0: 53.07%, 1: 46.93%
CHEMBL1794350 0: 3.44%, 1: 96.56%
CHEMBL1794355 0: 5.26%, 1: 94.74%
CHEMBL1794356 0: 13.92%, 1: 86.08%
CHEMBL1794358 0: 94.14%, 1: 5.86%
CHEMBL1794365 0: 7.12%, 1: 92.88%
CHEMBL1794383 0: 6.90%, 1: 93.10%
CHEMBL1794387 0: 65.04%, 1: 34.96%
CHEMBL1794393 0: 67.55%, 1: 32.45%
CHEMBL1794396 0: 3.96%, 1: 96.04%
CHEMBL1794410 0: 23.98%, 1: 76.02%
CHEMBL1794413 0: 6.02%, 1: 93.98%
CHEMBL1794438 0: 40.17%, 1: 59.83%
CHEMBL1794445 0: 87.84%, 1: 12.16%
CHEMBL1794452 0: 94.30%, 1: 5.70%
CHEMBL1794457 0: 92.98%, 1: 7.02%
CHEMBL1794460 0: 28.63%, 1: 71.37%
CHEMBL1794467 0: 18.39%, 1: 81.61%
CHEMBL1794475 0: 56.02%, 1: 43.98%
CHEMBL1794484 0: 44.93%, 1: 55.07%
CHEMBL1794494 0: 5.33%, 1: 94.67%
CHEMBL1794497 0: 8.47%, 1: 91.53%
CHEMBL1794499 0: 73.90%, 1: 26.10%
CHEMBL1794508 0: 94.63%, 1: 5.37%
CHEMBL1794516 0: 3.21%, 1: 96.79%
CHEMBL1794522 0: 58.65%, 1: 41.35%
CHEMBL1794528 0: 79.86%, 1: 20.14%
CHEMBL1794531 0: 92.03%, 1: 7.97%
CHEMBL1794548 0: 88.74%, 1: 11.26%
CHEMBL1794566 0: 6.05%, 1: 93.95%
CHEMBL1794567 0: 9.61%, 1: 90.39%
CHEMBL1794570 0: 92.79%, 1: 7.21%
CHEMBL1794571 0: 53.55%, 1: 46.45%
CHEMBL1794573 0: 10.54%, 1: 89.46%
CHEMBL1794574 0: 1.09%, 1: 98.91%
CHEMBL1794578 0: 46.99%, 1: 53.01%
CHEMBL1794581 0: 19.65%, 1: 80.35%
CHEMBL1863510 0: 2.14%, 1: 97.86%
CHEMBL1863512 0: 2.79%, 1: 97.21%
CHEMBL1909084 0: 99.28%, 1: 0.72%
