wandb: Tracking run with wandb version 0.9.3
wandb: Run data is saved locally in wandb/run-20200720_191444-1zum35ca
wandb: Syncing run memory_profile_0_workers
wandb: ⭐️ View project at https://app.wandb.ai/apappu97/molecule-metalearning-chemprop
wandb: 🚀 View run at https://app.wandb.ai/apappu97/molecule-metalearning-chemprop/runs/1zum35ca
wandb: Run `wandb off` to turn off syncing.

Fold 0
Command line
python chemprop/train.py --data_path filtered_chembl/chembl_less_1024_more_128_645_tasks.csv --dataset_type classification --split_type scaffold_balanced --features_only --features_generator morgan --dropout 0.8 --ffn_hidden_size 400 --epochs 30 --results_save_dir results/initial_hyperparameter_tuning/ --experiment_name memory_profile_0_workers --num_workers 0
Args
{'ANIL': False,
 'FO_MAML': False,
 'activation': 'ReLU',
 'atom_messages': False,
 'batch_size': 50,
 'bias': False,
 'cache_cutoff': 10000,
 'checkpoint_dir': None,
 'checkpoint_path': None,
 'checkpoint_paths': None,
 'chembl_assay_metadata_pickle_path': None,
 'class_balance': False,
 'config_path': None,
 'crossval_index_dir': None,
 'crossval_index_file': None,
 'crossval_index_sets': None,
 'data_path': 'filtered_chembl/chembl_less_1024_more_128_645_tasks.csv',
 'dataset_type': 'classification',
 'depth': 3,
 'dropout': 0.8,
 'dummy': False,
 'ensemble_size': 1,
 'epochs': 30,
 'experiment_name': 'memory_profile_0_workers',
 'features_generator': ['morgan'],
 'features_only': True,
 'features_path': None,
 'features_size': None,
 'ffn_hidden_size': 400,
 'ffn_num_layers': 2,
 'final_lr': 0.0001,
 'folds_file': None,
 'gpu': None,
 'hidden_size': 300,
 'init_lr': 0.0001,
 'inner_loop_lr': 0.05,
 'log_frequency': 10,
 'max_data_size': None,
 'max_lr': 0.001,
 'meta_batch_size': 3,
 'meta_learning': False,
 'meta_test_split_sizes': (0.8, 0.1, 0.1),
 'meta_train_split_sizes': (0.8, 0.2, 0),
 'metric': 'auc',
 'minimize_score': False,
 'multiclass_num_classes': 3,
 'no_cuda': False,
 'no_features_scaling': False,
 'num_folds': 1,
 'num_inner_gradient_steps': 2,
 'num_lrs': 1,
 'num_tasks': None,
 'num_workers': 0,
 'outer_loop_lr': 0.003,
 'pytorch_seed': 0,
 'quiet': False,
 'results_save_dir': 'results/initial_hyperparameter_tuning/',
 'save_dir': '/tmp/2278830.1.test.gpu.q/tmpqn7_9uy0/fold_0',
 'save_smiles_splits': False,
 'seed': 0,
 'separate_test_features_path': None,
 'separate_test_path': None,
 'separate_val_features_path': None,
 'separate_val_path': None,
 'show_individual_scores': False,
 'smiles_column': None,
 'split_sizes': (0.8, 0.1, 0.1),
 'split_type': 'scaffold_balanced',
 'target_columns': None,
 'task_names': None,
 'test': False,
 'test_fold_index': None,
 'train_data_size': None,
 'undirected': False,
 'use_input_features': True,
 'val_fold_index': None,
 'warmup_epochs': 2.0}
Loading data
0it [00:00, ?it/s]553it [00:00, 5527.11it/s]1196it [00:00, 5769.54it/s]1841it [00:00, 5957.87it/s]2487it [00:00, 6099.82it/s]3123it [00:00, 6175.54it/s]3694it [00:00, 6025.80it/s]4235it [00:00, 4984.22it/s]4888it [00:00, 5363.92it/s]5538it [00:00, 5610.78it/s]6221it [00:01, 5927.00it/s]6882it [00:01, 6114.37it/s]7545it [00:01, 6259.63it/s]8199it [00:01, 6340.00it/s]8837it [00:01, 5634.46it/s]9501it [00:01, 5900.95it/s]10165it [00:01, 6103.04it/s]10829it [00:01, 6252.36it/s]11491it [00:01, 6355.81it/s]12169it [00:02, 6442.09it/s]12819it [00:02, 5831.93it/s]13484it [00:02, 6055.05it/s]14149it [00:02, 6221.80it/s]14813it [00:02, 6340.75it/s]15478it [00:02, 6428.26it/s]16143it [00:02, 6492.49it/s]16797it [00:02, 5811.59it/s]17395it [00:03, 2941.33it/s]18060it [00:03, 3532.05it/s]18725it [00:03, 4110.14it/s]19387it [00:03, 4637.47it/s]20051it [00:03, 5098.63it/s]20716it [00:03, 5480.73it/s]21346it [00:03, 5190.20it/s]22012it [00:03, 5556.42it/s]22676it [00:04, 5842.41it/s]23342it [00:04, 6064.07it/s]24017it [00:04, 6252.40it/s]24681it [00:04, 6363.00it/s]25345it [00:04, 6442.99it/s]26001it [00:04, 5792.42it/s]26665it [00:04, 6020.88it/s]27329it [00:04, 6192.36it/s]27994it [00:04, 6320.37it/s]28655it [00:04, 6402.65it/s]29320it [00:05, 6473.67it/s]29973it [00:05, 5804.46it/s]30640it [00:05, 6035.48it/s]31330it [00:05, 6269.50it/s]31993it [00:05, 6372.98it/s]32658it [00:05, 6451.85it/s]33319it [00:05, 6498.44it/s]33974it [00:05, 5822.34it/s]34638it [00:05, 6045.38it/s]35303it [00:06, 6213.93it/s]35966it [00:06, 6330.79it/s]36608it [00:06, 6091.16it/s]37261it [00:06, 6196.58it/s]37936it [00:06, 6352.07it/s]38577it [00:06, 5466.11it/s]39235it [00:06, 5758.46it/s]39898it [00:06, 5992.93it/s]40558it [00:06, 6162.67it/s]41188it [00:07, 5970.52it/s]41852it [00:07, 6154.57it/s]42477it [00:07, 5372.82it/s]43142it [00:07, 5699.71it/s]43799it [00:07, 5934.76it/s]44463it [00:07, 6129.23it/s]45127it [00:07, 6273.05it/s]45786it [00:07, 6364.62it/s]46431it [00:07, 5730.95it/s]47096it [00:08, 5978.22it/s]47760it [00:08, 6162.24it/s]48425it [00:08, 6298.85it/s]49114it [00:08, 6464.65it/s]49777it [00:08, 6513.18it/s]50442it [00:08, 6552.18it/s]51101it [00:08, 5845.84it/s]51763it [00:08, 6057.07it/s]52427it [00:08, 6220.86it/s]53083it [00:08, 6317.71it/s]53723it [00:09, 6333.48it/s]54362it [00:09, 6338.87it/s]55000it [00:09, 5699.48it/s]55639it [00:09, 5889.99it/s]56285it [00:09, 6050.05it/s]56943it [00:09, 6199.00it/s]57606it [00:09, 6320.33it/s]58244it [00:09, 6086.53it/s]58890it [00:09, 5325.84it/s]59574it [00:10, 5703.07it/s]60238it [00:10, 5954.30it/s]60901it [00:10, 6139.82it/s]61564it [00:10, 6278.99it/s]61865it [00:10, 5922.54it/s]
  0% 0/61865 [00:00<?, ?it/s]  0% 154/61865 [00:00<00:40, 1530.35it/s]  0% 302/61865 [00:00<00:40, 1513.20it/s]  1% 435/61865 [00:00<00:42, 1450.31it/s]  1% 571/61865 [00:00<00:43, 1419.10it/s]  1% 708/61865 [00:00<00:43, 1402.00it/s]  1% 847/61865 [00:00<00:43, 1397.65it/s]  2% 993/61865 [00:00<00:43, 1412.14it/s]  2% 1136/61865 [00:00<00:42, 1416.24it/s]  2% 1269/61865 [00:00<00:45, 1335.19it/s]  2% 1436/61865 [00:01<00:42, 1419.57it/s]  3% 1576/61865 [00:02<02:46, 362.86it/s]   3% 1734/61865 [00:02<02:07, 471.90it/s]  3% 1901/61865 [00:02<01:39, 601.25it/s]  3% 2064/61865 [00:02<01:20, 741.22it/s]  4% 2225/61865 [00:02<01:07, 883.83it/s]  4% 2395/61865 [00:02<00:57, 1031.77it/s]  4% 2557/61865 [00:02<00:51, 1156.93it/s]  4% 2714/61865 [00:02<00:47, 1251.15it/s]  5% 2885/61865 [00:02<00:43, 1360.35it/s]  5% 3061/61865 [00:02<00:40, 1459.12it/s]  5% 3236/61865 [00:03<00:38, 1533.17it/s]  6% 3404/61865 [00:03<00:37, 1573.48it/s]  6% 3575/61865 [00:03<00:36, 1610.71it/s]  6% 3744/61865 [00:03<00:35, 1614.68it/s]  6% 3911/61865 [00:03<00:36, 1605.38it/s]  7% 4076/61865 [00:03<00:36, 1576.75it/s]  7% 4238/61865 [00:03<00:36, 1587.05it/s]  7% 4404/61865 [00:03<00:35, 1607.76it/s]  7% 4567/61865 [00:03<00:35, 1610.76it/s]  8% 4730/61865 [00:04<00:36, 1585.13it/s]  8% 4895/61865 [00:04<00:35, 1603.03it/s]  8% 5057/61865 [00:04<00:35, 1605.64it/s]  8% 5218/61865 [00:04<00:35, 1599.52it/s]  9% 5379/61865 [00:04<00:35, 1580.57it/s]  9% 5538/61865 [00:04<00:35, 1574.89it/s]  9% 5700/61865 [00:04<00:35, 1586.49it/s]  9% 5859/61865 [00:04<00:35, 1584.57it/s] 10% 6020/61865 [00:04<00:35, 1590.84it/s] 10% 6180/61865 [00:04<00:35, 1582.20it/s] 10% 6342/61865 [00:05<00:34, 1591.86it/s] 11% 6502/61865 [00:05<00:34, 1582.02it/s] 11% 6667/61865 [00:05<00:34, 1598.97it/s] 11% 6827/61865 [00:05<00:34, 1589.14it/s] 11% 6988/61865 [00:05<00:34, 1594.65it/s] 12% 7155/61865 [00:05<00:33, 1615.70it/s] 12% 7320/61865 [00:05<00:33, 1623.51it/s] 12% 7483/61865 [00:05<00:34, 1583.64it/s] 12% 7643/61865 [00:05<00:34, 1587.84it/s] 13% 7802/61865 [00:05<00:34, 1586.81it/s] 13% 7973/61865 [00:06<00:33, 1620.16it/s] 13% 8136/61865 [00:06<00:33, 1607.41it/s] 13% 8297/61865 [00:06<00:33, 1588.39it/s] 14% 8457/61865 [00:06<00:33, 1580.69it/s] 14% 8628/61865 [00:06<00:32, 1615.13it/s] 14% 8793/61865 [00:06<00:32, 1625.13it/s] 14% 8956/61865 [00:06<00:32, 1612.34it/s] 15% 9119/61865 [00:06<00:32, 1617.15it/s] 15% 9283/61865 [00:06<00:32, 1622.41it/s] 15% 9447/61865 [00:06<00:32, 1625.51it/s] 16% 9610/61865 [00:07<00:32, 1602.50it/s] 16% 9773/61865 [00:07<00:32, 1607.77it/s] 16% 9939/61865 [00:07<00:31, 1623.05it/s] 16% 10102/61865 [00:07<00:31, 1618.25it/s] 17% 10264/61865 [00:07<00:32, 1609.33it/s] 17% 10425/61865 [00:07<00:32, 1598.70it/s] 17% 10588/61865 [00:07<00:31, 1606.43it/s] 17% 10749/61865 [00:07<00:31, 1604.33it/s] 18% 10910/61865 [00:07<00:31, 1604.59it/s] 18% 11071/61865 [00:07<00:32, 1580.60it/s] 18% 11239/61865 [00:08<00:31, 1606.68it/s] 18% 11404/61865 [00:08<00:31, 1619.01it/s] 19% 11567/61865 [00:08<00:31, 1619.17it/s] 19% 11730/61865 [00:08<00:31, 1611.24it/s] 19% 11893/61865 [00:08<00:30, 1614.67it/s] 19% 12059/61865 [00:08<00:30, 1627.65it/s] 20% 12225/61865 [00:08<00:30, 1634.39it/s] 20% 12389/61865 [00:08<00:30, 1624.03it/s] 20% 12552/61865 [00:08<00:30, 1621.61it/s] 21% 12718/61865 [00:08<00:30, 1632.74it/s] 21% 12882/61865 [00:09<00:29, 1634.30it/s] 21% 13046/61865 [00:09<00:30, 1613.39it/s] 21% 13212/61865 [00:09<00:29, 1626.75it/s] 22% 13376/61865 [00:09<00:29, 1628.58it/s] 22% 13543/61865 [00:09<00:29, 1637.91it/s] 22% 13707/61865 [00:09<00:29, 1636.13it/s] 22% 13871/61865 [00:09<00:29, 1627.99it/s] 23% 14034/61865 [00:09<00:29, 1626.09it/s] 23% 14197/61865 [00:09<00:29, 1620.86it/s] 23% 14360/61865 [00:09<00:29, 1605.43it/s] 23% 14521/61865 [00:10<00:29, 1600.72it/s] 24% 14682/61865 [00:10<00:29, 1598.50it/s] 24% 14843/61865 [00:10<00:29, 1601.30it/s] 24% 15008/61865 [00:10<00:29, 1615.31it/s] 25% 15170/61865 [00:10<00:29, 1582.25it/s] 25% 15336/61865 [00:10<00:29, 1604.36it/s] 25% 15500/61865 [00:10<00:28, 1612.16it/s] 25% 15664/61865 [00:10<00:28, 1620.37it/s] 26% 15827/61865 [00:10<00:28, 1610.23it/s] 26% 15994/61865 [00:11<00:28, 1626.34it/s] 26% 16157/61865 [00:11<00:28, 1618.60it/s] 26% 16324/61865 [00:11<00:27, 1631.36it/s] 27% 16488/61865 [00:11<00:27, 1624.88it/s] 27% 16655/61865 [00:11<00:27, 1635.94it/s] 27% 16820/61865 [00:11<00:27, 1639.60it/s] 27% 16991/61865 [00:11<00:27, 1658.13it/s] 28% 17158/61865 [00:11<00:26, 1659.45it/s] 28% 17325/61865 [00:11<00:27, 1639.37it/s] 28% 17490/61865 [00:11<00:27, 1640.06it/s] 29% 17656/61865 [00:12<00:26, 1645.19it/s] 29% 17826/61865 [00:12<00:26, 1659.44it/s] 29% 17993/61865 [00:12<00:26, 1649.07it/s] 29% 18158/61865 [00:12<00:26, 1638.33it/s] 30% 18324/61865 [00:12<00:26, 1642.91it/s] 30% 18491/61865 [00:12<00:26, 1649.38it/s] 30% 18656/61865 [00:12<00:26, 1631.75it/s] 30% 18820/61865 [00:12<00:26, 1624.37it/s] 31% 18985/61865 [00:12<00:26, 1630.83it/s] 31% 19149/61865 [00:12<00:26, 1632.36it/s] 31% 19313/61865 [00:13<00:26, 1623.67it/s] 31% 19476/61865 [00:13<00:26, 1620.43it/s] 32% 19645/61865 [00:13<00:25, 1638.68it/s] 32% 19810/61865 [00:13<00:25, 1640.04it/s] 32% 19975/61865 [00:13<00:25, 1634.90it/s] 33% 20139/61865 [00:13<00:25, 1608.35it/s] 33% 20302/61865 [00:13<00:25, 1612.77it/s] 33% 20466/61865 [00:13<00:25, 1620.47it/s] 33% 20631/61865 [00:13<00:25, 1627.45it/s] 34% 20794/61865 [00:13<00:25, 1599.79it/s] 34% 20958/61865 [00:14<00:25, 1610.12it/s] 34% 21122/61865 [00:14<00:25, 1618.04it/s] 34% 21286/61865 [00:14<00:24, 1623.22it/s] 35% 21449/61865 [00:14<00:25, 1609.70it/s] 35% 21613/61865 [00:14<00:24, 1617.19it/s] 35% 21777/61865 [00:14<00:24, 1622.55it/s] 35% 21946/61865 [00:14<00:24, 1641.68it/s] 36% 22111/61865 [00:14<00:24, 1623.36it/s] 36% 22277/61865 [00:14<00:24, 1631.99it/s] 36% 22442/61865 [00:14<00:24, 1637.26it/s] 37% 22608/61865 [00:15<00:23, 1641.75it/s] 37% 22773/61865 [00:15<00:23, 1638.89it/s] 37% 22937/61865 [00:15<00:23, 1638.95it/s] 37% 23102/61865 [00:15<00:23, 1641.38it/s] 38% 23268/61865 [00:15<00:23, 1646.62it/s] 38% 23436/61865 [00:15<00:23, 1655.58it/s] 38% 23602/61865 [00:15<00:23, 1642.55it/s] 38% 23767/61865 [00:15<00:23, 1638.63it/s] 39% 23935/61865 [00:15<00:23, 1648.03it/s] 39% 24102/61865 [00:15<00:22, 1652.11it/s] 39% 24268/61865 [00:16<00:22, 1645.16it/s] 39% 24433/61865 [00:16<00:22, 1646.23it/s] 40% 24600/61865 [00:16<00:22, 1650.30it/s] 40% 24766/61865 [00:16<00:22, 1653.08it/s] 40% 24932/61865 [00:16<00:22, 1632.10it/s] 41% 25096/61865 [00:16<00:22, 1632.48it/s] 41% 25262/61865 [00:16<00:22, 1640.26it/s] 41% 25427/61865 [00:16<00:22, 1641.74it/s] 41% 25592/61865 [00:16<00:22, 1632.47it/s] 42% 25756/61865 [00:16<00:22, 1631.79it/s] 42% 25920/61865 [00:17<00:22, 1631.02it/s] 42% 26085/61865 [00:17<00:21, 1634.34it/s] 42% 26249/61865 [00:17<00:21, 1633.89it/s] 43% 26413/61865 [00:17<00:21, 1628.22it/s] 43% 26577/61865 [00:17<00:21, 1630.47it/s] 43% 26744/61865 [00:17<00:21, 1641.95it/s] 43% 26909/61865 [00:17<00:21, 1633.99it/s] 44% 27073/61865 [00:17<00:21, 1631.59it/s] 44% 27239/61865 [00:17<00:21, 1638.85it/s] 44% 27406/61865 [00:17<00:20, 1647.31it/s] 45% 27572/61865 [00:18<00:20, 1649.36it/s] 45% 27737/61865 [00:18<00:20, 1641.35it/s] 45% 27904/61865 [00:18<00:20, 1648.49it/s] 45% 28069/61865 [00:18<00:20, 1638.53it/s] 46% 28233/61865 [00:18<00:20, 1633.25it/s] 46% 28397/61865 [00:18<00:20, 1620.80it/s] 46% 28561/61865 [00:18<00:20, 1623.90it/s] 46% 28726/61865 [00:18<00:20, 1629.03it/s] 47% 28889/61865 [00:18<00:20, 1625.75it/s] 47% 29052/61865 [00:18<00:20, 1603.38it/s] 47% 29216/61865 [00:19<00:20, 1613.81it/s] 47% 29383/61865 [00:19<00:19, 1629.57it/s] 48% 29548/61865 [00:19<00:19, 1635.09it/s] 48% 29715/61865 [00:19<00:19, 1643.23it/s] 48% 29880/61865 [00:19<00:19, 1635.82it/s] 49% 30046/61865 [00:19<00:19, 1642.45it/s] 49% 30211/61865 [00:19<00:19, 1638.01it/s] 49% 30375/61865 [00:19<00:19, 1638.19it/s] 49% 30539/61865 [00:19<00:19, 1628.33it/s] 50% 30706/61865 [00:19<00:19, 1639.52it/s] 50% 30872/61865 [00:20<00:18, 1643.46it/s] 50% 31037/61865 [00:20<00:18, 1641.77it/s] 50% 31202/61865 [00:20<00:19, 1600.36it/s] 51% 31367/61865 [00:20<00:18, 1612.58it/s] 51% 31535/61865 [00:20<00:18, 1630.48it/s] 51% 31703/61865 [00:20<00:18, 1643.42it/s] 52% 31868/61865 [00:20<00:18, 1637.19it/s] 52% 32033/61865 [00:20<00:18, 1638.43it/s] 52% 32198/61865 [00:20<00:18, 1640.76it/s] 52% 32363/61865 [00:21<00:18, 1630.33it/s] 53% 32527/61865 [00:21<00:18, 1627.74it/s] 53% 32690/61865 [00:21<00:17, 1625.93it/s] 53% 32855/61865 [00:21<00:17, 1631.96it/s] 53% 33020/61865 [00:21<00:17, 1636.04it/s] 54% 33187/61865 [00:21<00:17, 1645.33it/s] 54% 33352/61865 [00:21<00:17, 1635.10it/s] 54% 33516/61865 [00:21<00:17, 1625.98it/s] 54% 33682/61865 [00:21<00:17, 1634.52it/s] 55% 33847/61865 [00:21<00:17, 1638.75it/s] 55% 34011/61865 [00:22<00:17, 1633.64it/s] 55% 34177/61865 [00:22<00:16, 1639.12it/s] 56% 34346/61865 [00:22<00:16, 1651.47it/s] 56% 34512/61865 [00:22<00:16, 1651.91it/s] 56% 34678/61865 [00:22<00:16, 1635.01it/s] 56% 34842/61865 [00:22<00:16, 1635.58it/s] 57% 35006/61865 [00:22<00:16, 1628.22it/s] 57% 35169/61865 [00:22<00:16, 1626.14it/s] 57% 35332/61865 [00:22<00:16, 1617.13it/s] 57% 35494/61865 [00:22<00:16, 1611.82it/s] 58% 35657/61865 [00:23<00:16, 1614.12it/s] 58% 35822/61865 [00:23<00:16, 1623.84it/s] 58% 35987/61865 [00:23<00:15, 1629.89it/s] 58% 36151/61865 [00:23<00:15, 1618.10it/s] 59% 36314/61865 [00:23<00:15, 1619.42it/s] 59% 36479/61865 [00:23<00:15, 1628.29it/s] 59% 36644/61865 [00:23<00:15, 1634.51it/s] 59% 36808/61865 [00:23<00:15, 1634.04it/s] 60% 36975/61865 [00:23<00:15, 1642.67it/s] 60% 37140/61865 [00:23<00:15, 1641.36it/s] 60% 37305/61865 [00:24<00:14, 1640.71it/s] 61% 37470/61865 [00:24<00:14, 1642.09it/s] 61% 37637/61865 [00:24<00:14, 1648.47it/s] 61% 37804/61865 [00:24<00:14, 1653.86it/s] 61% 37970/61865 [00:24<00:14, 1655.32it/s] 62% 38136/61865 [00:24<00:14, 1646.40it/s] 62% 38301/61865 [00:24<00:14, 1645.46it/s] 62% 38467/61865 [00:24<00:14, 1648.51it/s] 62% 38633/61865 [00:24<00:14, 1648.32it/s] 63% 38798/61865 [00:24<00:14, 1635.86it/s] 63% 38962/61865 [00:25<00:14, 1621.50it/s] 63% 39129/61865 [00:25<00:13, 1633.85it/s] 64% 39297/61865 [00:25<00:13, 1647.37it/s] 64% 39462/61865 [00:25<00:13, 1645.28it/s] 64% 39627/61865 [00:25<00:13, 1636.79it/s] 64% 39795/61865 [00:25<00:13, 1646.50it/s] 65% 39960/61865 [00:25<00:13, 1647.20it/s] 65% 40125/61865 [00:25<00:13, 1640.96it/s] 65% 40290/61865 [00:25<00:13, 1629.53it/s] 65% 40453/61865 [00:25<00:13, 1619.80it/s] 66% 40617/61865 [00:26<00:13, 1623.07it/s] 66% 40782/61865 [00:26<00:12, 1628.35it/s] 66% 40945/61865 [00:26<00:12, 1616.96it/s] 66% 41113/61865 [00:26<00:12, 1633.87it/s] 67% 41278/61865 [00:26<00:12, 1637.11it/s] 67% 41446/61865 [00:26<00:12, 1647.79it/s] 67% 41611/61865 [00:26<00:12, 1633.68it/s] 68% 41775/61865 [00:26<00:12, 1635.47it/s] 68% 41942/61865 [00:26<00:12, 1643.35it/s] 68% 42107/61865 [00:26<00:12, 1632.94it/s] 68% 42271/61865 [00:27<00:11, 1633.81it/s] 69% 42435/61865 [00:27<00:11, 1619.82it/s] 69% 42598/61865 [00:27<00:11, 1617.73it/s] 69% 42762/61865 [00:27<00:11, 1623.77it/s] 69% 42929/61865 [00:27<00:11, 1635.20it/s] 70% 43093/61865 [00:27<00:11, 1635.56it/s] 70% 43257/61865 [00:27<00:11, 1633.78it/s] 70% 43424/61865 [00:27<00:11, 1643.57it/s] 70% 43590/61865 [00:27<00:11, 1645.98it/s] 71% 43755/61865 [00:27<00:11, 1629.61it/s] 71% 43920/61865 [00:28<00:10, 1633.40it/s] 71% 44085/61865 [00:28<00:10, 1638.02it/s] 72% 44252/61865 [00:28<00:10, 1646.15it/s] 72% 44417/61865 [00:28<00:10, 1640.32it/s] 72% 44584/61865 [00:28<00:10, 1646.22it/s] 72% 44752/61865 [00:28<00:10, 1655.96it/s] 73% 44918/61865 [00:28<00:10, 1650.47it/s] 73% 45084/61865 [00:28<00:10, 1639.50it/s] 73% 45250/61865 [00:28<00:10, 1645.17it/s] 73% 45415/61865 [00:28<00:10, 1631.57it/s] 74% 45581/61865 [00:29<00:09, 1638.59it/s] 74% 45745/61865 [00:29<00:09, 1631.98it/s] 74% 45909/61865 [00:29<00:09, 1620.32it/s] 74% 46073/61865 [00:29<00:09, 1625.58it/s] 75% 46236/61865 [00:29<00:09, 1623.79it/s] 75% 46403/61865 [00:29<00:09, 1636.03it/s] 75% 46567/61865 [00:29<00:09, 1615.76it/s] 76% 46733/61865 [00:29<00:09, 1627.21it/s] 76% 46901/61865 [00:29<00:09, 1640.24it/s] 76% 47066/61865 [00:30<00:09, 1636.35it/s] 76% 47230/61865 [00:30<00:09, 1620.54it/s] 77% 47395/61865 [00:30<00:08, 1627.47it/s] 77% 47562/61865 [00:30<00:08, 1639.48it/s] 77% 47727/61865 [00:30<00:08, 1628.97it/s] 77% 47890/61865 [00:30<00:08, 1622.74it/s] 78% 48055/61865 [00:30<00:08, 1628.04it/s] 78% 48218/61865 [00:32<00:47, 288.12it/s]  78% 48378/61865 [00:32<00:35, 382.02it/s] 78% 48540/61865 [00:32<00:26, 495.31it/s] 79% 48698/61865 [00:32<00:21, 623.53it/s] 79% 48864/61865 [00:32<00:16, 766.70it/s] 79% 49024/61865 [00:32<00:14, 908.30it/s] 80% 49188/61865 [00:32<00:12, 1047.66it/s] 80% 49345/61865 [00:32<00:10, 1159.97it/s] 80% 49507/61865 [00:33<00:09, 1267.67it/s] 80% 49670/61865 [00:33<00:08, 1356.45it/s] 81% 49829/61865 [00:33<00:08, 1417.77it/s] 81% 49988/61865 [00:33<00:08, 1460.16it/s] 81% 50147/61865 [00:33<00:07, 1495.89it/s] 81% 50309/61865 [00:33<00:07, 1530.17it/s] 82% 50469/61865 [00:33<00:07, 1547.65it/s] 82% 50629/61865 [00:33<00:07, 1561.12it/s] 82% 50789/61865 [00:33<00:07, 1572.25it/s] 82% 50949/61865 [00:33<00:06, 1568.09it/s] 83% 51108/61865 [00:34<00:06, 1567.36it/s] 83% 51270/61865 [00:34<00:06, 1580.75it/s] 83% 51429/61865 [00:34<00:06, 1576.12it/s] 83% 51588/61865 [00:34<00:06, 1573.37it/s] 84% 51746/61865 [00:34<00:06, 1572.24it/s] 84% 51905/61865 [00:34<00:06, 1575.53it/s] 84% 52066/61865 [00:34<00:06, 1582.83it/s] 84% 52227/61865 [00:34<00:06, 1588.89it/s] 85% 52386/61865 [00:34<00:05, 1588.37it/s] 85% 52545/61865 [00:34<00:05, 1571.45it/s] 85% 52707/61865 [00:35<00:05, 1585.65it/s] 85% 52866/61865 [00:35<00:05, 1579.23it/s] 86% 53028/61865 [00:35<00:05, 1588.56it/s] 86% 53187/61865 [00:35<00:05, 1564.36it/s] 86% 53353/61865 [00:35<00:05, 1589.11it/s] 87% 53514/61865 [00:35<00:05, 1594.67it/s] 87% 53675/61865 [00:35<00:05, 1598.15it/s] 87% 53840/61865 [00:35<00:04, 1610.34it/s] 87% 54002/61865 [00:35<00:04, 1599.81it/s] 88% 54163/61865 [00:36<00:04, 1591.34it/s] 88% 54323/61865 [00:36<00:04, 1592.63it/s] 88% 54486/61865 [00:36<00:04, 1603.07it/s] 88% 54653/61865 [00:36<00:04, 1619.38it/s] 89% 54816/61865 [00:36<00:04, 1614.32it/s] 89% 54978/61865 [00:36<00:04, 1605.85it/s] 89% 55139/61865 [00:36<00:04, 1594.77it/s] 89% 55300/61865 [00:36<00:04, 1598.84it/s] 90% 55460/61865 [00:36<00:04, 1548.83it/s] 90% 55616/61865 [00:36<00:04, 1550.46it/s] 90% 55774/61865 [00:37<00:03, 1558.95it/s] 90% 55935/61865 [00:37<00:03, 1573.57it/s] 91% 56099/61865 [00:37<00:03, 1591.36it/s] 91% 56260/61865 [00:37<00:03, 1596.56it/s] 91% 56425/61865 [00:37<00:03, 1611.58it/s] 91% 56587/61865 [00:37<00:03, 1600.24it/s] 92% 56748/61865 [00:37<00:03, 1574.01it/s] 92% 56906/61865 [00:37<00:03, 1552.82it/s] 92% 57062/61865 [00:37<00:03, 1510.14it/s] 92% 57214/61865 [00:37<00:03, 1501.74it/s] 93% 57365/61865 [00:38<00:03, 1455.40it/s] 93% 57512/61865 [00:38<00:03, 1420.23it/s] 93% 57655/61865 [00:38<00:03, 1394.85it/s] 93% 57795/61865 [00:38<00:02, 1377.01it/s] 94% 57934/61865 [00:38<00:02, 1363.71it/s] 94% 58071/61865 [00:38<00:02, 1352.02it/s] 94% 58207/61865 [00:38<00:02, 1347.71it/s] 94% 58342/61865 [00:38<00:02, 1348.03it/s] 95% 58477/61865 [00:38<00:02, 1343.04it/s] 95% 58628/61865 [00:38<00:02, 1388.11it/s] 95% 58787/61865 [00:39<00:02, 1442.51it/s] 95% 58955/61865 [00:39<00:01, 1503.67it/s] 96% 59119/61865 [00:39<00:01, 1540.23it/s] 96% 59288/61865 [00:39<00:01, 1582.12it/s] 96% 59456/61865 [00:39<00:01, 1609.38it/s] 96% 59625/61865 [00:39<00:01, 1630.52it/s] 97% 59789/61865 [00:39<00:01, 1614.08it/s] 97% 59951/61865 [00:39<00:01, 1560.52it/s] 97% 60108/61865 [00:39<00:01, 1558.79it/s] 97% 60266/61865 [00:40<00:01, 1561.45it/s] 98% 60429/61865 [00:40<00:00, 1578.20it/s] 98% 60595/61865 [00:40<00:00, 1601.29it/s] 98% 60764/61865 [00:40<00:00, 1625.13it/s] 98% 60934/61865 [00:40<00:00, 1645.25it/s] 99% 61101/61865 [00:40<00:00, 1650.51it/s] 99% 61268/61865 [00:40<00:00, 1654.17it/s] 99% 61437/61865 [00:40<00:00, 1664.19it/s]100% 61606/61865 [00:40<00:00, 1669.34it/s]100% 61774/61865 [00:40<00:00, 1668.43it/s]100% 61865/61865 [00:40<00:00, 1509.88it/s]
  0% 0/61865 [00:00<?, ?it/s] 17% 10769/61865 [00:00<00:00, 107688.56it/s] 42% 25969/61865 [00:00<00:00, 118008.12it/s] 67% 41147/61865 [00:00<00:00, 126447.83it/s] 91% 56053/61865 [00:00<00:00, 132474.80it/s]100% 61865/61865 [00:00<00:00, 140378.01it/s]
Number of tasks = 645
Splitting data with seed 0
  0% 0/61865 [00:00<?, ?it/s]  1% 590/61865 [00:00<00:10, 5893.50it/s]  2% 1147/61865 [00:00<00:10, 5788.26it/s]  3% 1690/61865 [00:00<00:10, 5670.79it/s]  4% 2193/61865 [00:00<00:10, 5459.53it/s]  4% 2694/61865 [00:00<00:11, 5313.22it/s]  5% 3269/61865 [00:00<00:10, 5436.46it/s]  6% 3798/61865 [00:00<00:10, 5391.23it/s]  7% 4291/61865 [00:00<00:11, 5159.90it/s]  8% 4803/61865 [00:00<00:11, 5147.62it/s]  9% 5297/61865 [00:01<00:11, 4997.40it/s]  9% 5783/61865 [00:01<00:11, 4902.60it/s] 10% 6264/61865 [00:01<00:11, 4836.41it/s] 11% 6742/61865 [00:01<00:11, 4806.90it/s] 12% 7250/61865 [00:01<00:11, 4884.99it/s] 13% 7736/61865 [00:01<00:11, 4732.81it/s] 13% 8209/61865 [00:01<00:11, 4626.59it/s] 14% 8672/61865 [00:01<00:11, 4571.58it/s] 15% 9176/61865 [00:01<00:11, 4702.67it/s] 16% 9670/61865 [00:01<00:10, 4771.09it/s] 16% 10162/61865 [00:02<00:10, 4814.57it/s] 17% 10645/61865 [00:02<00:10, 4797.30it/s] 18% 11134/61865 [00:02<00:10, 4822.95it/s] 19% 11619/61865 [00:02<00:10, 4831.01it/s] 20% 12110/61865 [00:02<00:10, 4854.09it/s] 20% 12611/61865 [00:02<00:10, 4899.77it/s] 21% 13115/61865 [00:02<00:09, 4939.06it/s] 22% 13640/61865 [00:02<00:09, 5027.76it/s] 23% 14144/61865 [00:02<00:09, 4987.12it/s] 24% 14644/61865 [00:02<00:09, 4904.51it/s] 24% 15136/61865 [00:03<00:09, 4880.74it/s] 25% 15629/61865 [00:03<00:09, 4894.04it/s] 26% 16131/61865 [00:03<00:09, 4928.70it/s] 27% 16640/61865 [00:03<00:09, 4973.61it/s] 28% 17172/61865 [00:03<00:08, 5067.00it/s] 29% 17680/61865 [00:03<00:08, 5060.54it/s] 29% 18202/61865 [00:03<00:08, 5106.77it/s] 30% 18714/61865 [00:03<00:08, 5097.16it/s] 31% 19225/61865 [00:03<00:08, 5037.16it/s] 32% 19731/61865 [00:03<00:08, 5042.58it/s] 33% 20236/61865 [00:04<00:08, 5001.64it/s] 34% 20737/61865 [00:04<00:08, 4987.50it/s] 34% 21236/61865 [00:04<00:08, 4953.51it/s] 35% 21732/61865 [00:04<00:08, 4925.51it/s] 36% 22251/61865 [00:04<00:07, 4998.33it/s] 37% 22762/61865 [00:04<00:07, 5027.22it/s] 38% 23271/61865 [00:04<00:07, 5044.54it/s] 38% 23786/61865 [00:04<00:07, 5075.26it/s] 39% 24308/61865 [00:04<00:07, 5116.17it/s] 40% 24820/61865 [00:04<00:07, 5097.31it/s] 41% 25330/61865 [00:05<00:07, 5085.71it/s] 42% 25839/61865 [00:05<00:07, 5041.74it/s] 43% 26344/61865 [00:05<00:07, 5036.44it/s] 43% 26848/61865 [00:05<00:07, 4940.64it/s] 44% 27343/61865 [00:05<00:07, 4804.71it/s] 45% 27852/61865 [00:05<00:06, 4885.84it/s] 46% 28342/61865 [00:05<00:06, 4864.74it/s] 47% 28830/61865 [00:05<00:06, 4866.80it/s] 47% 29323/61865 [00:05<00:06, 4883.66it/s] 48% 29832/61865 [00:05<00:06, 4940.85it/s] 49% 30333/61865 [00:06<00:06, 4958.71it/s] 50% 30845/61865 [00:06<00:06, 5004.73it/s] 51% 31346/61865 [00:06<00:06, 4987.75it/s] 51% 31851/61865 [00:06<00:05, 5004.68it/s] 52% 32352/61865 [00:06<00:05, 4962.36it/s] 53% 32849/61865 [00:06<00:05, 4949.55it/s] 54% 33355/61865 [00:06<00:05, 4981.50it/s] 55% 33855/61865 [00:06<00:05, 4983.69it/s] 56% 34366/61865 [00:06<00:05, 5019.28it/s] 56% 34869/61865 [00:07<00:05, 4978.36it/s] 57% 35368/61865 [00:07<00:05, 4891.84it/s] 58% 35858/61865 [00:07<00:05, 4881.07it/s] 59% 36348/61865 [00:07<00:05, 4883.57it/s] 60% 36849/61865 [00:07<00:05, 4919.26it/s] 60% 37357/61865 [00:07<00:04, 4964.59it/s] 61% 37875/61865 [00:07<00:04, 5025.83it/s] 62% 38385/61865 [00:07<00:04, 5045.16it/s] 63% 38890/61865 [00:07<00:04, 5016.36it/s] 64% 39393/61865 [00:07<00:04, 5019.75it/s] 65% 39904/61865 [00:08<00:04, 5044.31it/s] 65% 40409/61865 [00:08<00:04, 5010.18it/s] 66% 40911/61865 [00:08<00:04, 4939.90it/s] 67% 41424/61865 [00:08<00:04, 4993.05it/s] 68% 41924/61865 [00:08<00:04, 4981.38it/s] 69% 42423/61865 [00:08<00:03, 4890.92it/s] 69% 42913/61865 [00:08<00:03, 4880.82it/s] 70% 43415/61865 [00:08<00:03, 4919.83it/s] 71% 43918/61865 [00:08<00:03, 4951.95it/s] 72% 44414/61865 [00:08<00:03, 4953.59it/s] 73% 44927/61865 [00:09<00:03, 5003.72it/s] 73% 45428/61865 [00:09<00:03, 4999.59it/s] 74% 45929/61865 [00:09<00:03, 4953.56it/s] 75% 46425/61865 [00:09<00:03, 4941.90it/s] 76% 46920/61865 [00:09<00:03, 4939.14it/s] 77% 47415/61865 [00:09<00:02, 4940.34it/s] 77% 47910/61865 [00:09<00:02, 4906.05it/s] 78% 48401/61865 [00:09<00:02, 4850.96it/s] 79% 48887/61865 [00:09<00:02, 4568.93it/s] 80% 49348/61865 [00:09<00:02, 4553.35it/s] 81% 49806/61865 [00:10<00:02, 4542.25it/s] 81% 50262/61865 [00:10<00:02, 4517.74it/s] 82% 50716/61865 [00:10<00:02, 4516.05it/s] 83% 51169/61865 [00:10<00:02, 4481.17it/s] 83% 51618/61865 [00:10<00:02, 4466.90it/s] 84% 52066/61865 [00:10<00:02, 4459.50it/s] 85% 52513/61865 [00:10<00:02, 4415.44it/s] 86% 52977/61865 [00:10<00:01, 4479.22it/s] 86% 53426/61865 [00:10<00:01, 4260.91it/s] 87% 53892/61865 [00:10<00:01, 4371.57it/s] 88% 54342/61865 [00:11<00:01, 4406.22it/s] 89% 54823/61865 [00:11<00:01, 4518.90it/s] 89% 55277/61865 [00:11<00:01, 4520.20it/s] 90% 55731/61865 [00:11<00:01, 4330.06it/s] 91% 56213/61865 [00:11<00:01, 4464.48it/s] 92% 56663/61865 [00:11<00:01, 4433.46it/s] 92% 57109/61865 [00:11<00:01, 4200.97it/s] 93% 57534/61865 [00:11<00:01, 3741.88it/s] 94% 57921/61865 [00:12<00:01, 3412.76it/s] 94% 58277/61865 [00:12<00:01, 3183.67it/s] 95% 58609/61865 [00:12<00:01, 3195.73it/s] 96% 59101/61865 [00:12<00:00, 3569.73it/s] 96% 59633/61865 [00:12<00:00, 3960.36it/s] 97% 60057/61865 [00:12<00:00, 3959.75it/s] 98% 60527/61865 [00:12<00:00, 4152.82it/s] 99% 61063/61865 [00:12<00:00, 4451.12it/s]100% 61600/61865 [00:12<00:00, 4691.64it/s]100% 61865/61865 [00:12<00:00, 4794.63it/s]
Total scaffolds = 30,615 | train scaffolds = 24,639 | val scaffolds = 3,133 | test scaffolds = 2,843
/home/apappu/thesis/molecule-metalearning/chemprop/chemprop/data/scaffold.py:152: RuntimeWarning: Mean of empty slice
  target_avgs.append(np.nanmean(targets, axis=0))
Label averages per scaffold, in decreasing order of scaffold frequency,capped at 10 scaffolds and 20 labels: [(array([nan, nan, nan, nan, nan, nan, nan, nan, nan, nan, nan, nan, nan,
       nan, nan, nan, nan, nan, nan, nan]), array([0, 0, 0, 0, 0, 0, 0, 0, 0, 0, 0, 0, 0, 0, 0, 0, 0, 0, 0, 0])), (array([nan, nan, nan, nan, nan, nan, nan, nan, nan, nan, nan, nan, nan,
       nan, nan, 0.5, nan, nan, nan, nan]), array([0, 0, 0, 0, 0, 0, 0, 0, 0, 0, 0, 0, 0, 0, 0, 2, 0, 0, 0, 0])), (array([nan, nan, nan, nan, nan, nan, nan, nan, nan, nan, nan, nan, nan,
       nan, nan, nan, nan, nan, nan, nan]), array([0, 0, 0, 0, 0, 0, 0, 0, 0, 0, 0, 0, 0, 0, 0, 0, 0, 0, 0, 0])), (array([nan, nan, nan, nan, nan, nan, nan, nan, nan, nan, nan, nan, nan,
       nan, nan, nan, nan, nan, nan, nan]), array([0, 0, 0, 0, 0, 0, 0, 0, 0, 0, 0, 0, 0, 0, 0, 0, 0, 0, 0, 0])), (array([nan, nan, nan, nan, nan, nan, nan, nan, nan, nan, nan, nan, nan,
       nan, nan, nan, nan, nan, nan, nan]), array([0, 0, 0, 0, 0, 0, 0, 0, 0, 0, 0, 0, 0, 0, 0, 0, 0, 0, 0, 0])), (array([nan, nan, nan, nan, nan, nan, nan, nan, nan, nan, nan, nan, nan,
       nan, nan, nan, nan, nan, nan, nan]), array([0, 0, 0, 0, 0, 0, 0, 0, 0, 0, 0, 0, 0, 0, 0, 0, 0, 0, 0, 0])), (array([nan, nan, nan, nan, nan, nan, nan, nan, nan, nan, nan, nan, nan,
       nan, nan, nan, nan, nan, nan, nan]), array([0, 0, 0, 0, 0, 0, 0, 0, 0, 0, 0, 0, 0, 0, 0, 0, 0, 0, 0, 0])), (array([nan, nan, nan, nan, nan, nan, nan, nan, nan, nan, nan, nan, nan,
       nan, nan, nan, nan, nan, nan, nan]), array([0, 0, 0, 0, 0, 0, 0, 0, 0, 0, 0, 0, 0, 0, 0, 0, 0, 0, 0, 0])), (array([nan, nan, nan, nan, nan, nan, nan, nan, nan, nan, nan, nan, nan,
       nan, nan, nan, nan, nan, nan, nan]), array([0, 0, 0, 0, 0, 0, 0, 0, 0, 0, 0, 0, 0, 0, 0, 0, 0, 0, 0, 0])), (array([nan, nan, nan, nan, nan, nan, nan, nan, nan, nan, nan, nan, nan,
       nan, nan, nan, nan, nan, nan, nan]), array([0, 0, 0, 0, 0, 0, 0, 0, 0, 0, 0, 0, 0, 0, 0, 0, 0, 0, 0, 0]))]
Class sizes
CHEMBL1033994 0: 41.98%, 1: 58.02%
CHEMBL1119333 0: 9.59%, 1: 90.41%
CHEMBL1217000 0: 52.41%, 1: 47.59%
CHEMBL1243965 0: 17.11%, 1: 82.89%
CHEMBL1243966 0: 41.96%, 1: 58.04%
CHEMBL1243967 0: 10.17%, 1: 89.83%
CHEMBL1243968 0: 15.06%, 1: 84.94%
CHEMBL1243970 0: 6.91%, 1: 93.09%
CHEMBL1243972 0: 9.92%, 1: 90.08%
CHEMBL1243976 0: 28.99%, 1: 71.01%
CHEMBL1246087 0: 33.88%, 1: 66.12%
CHEMBL1246088 0: 48.37%, 1: 51.63%
CHEMBL1613762 0: 2.45%, 1: 97.55%
CHEMBL1613779 0: 58.47%, 1: 41.53%
CHEMBL1613785 0: 43.22%, 1: 56.78%
CHEMBL1613787 0: 69.08%, 1: 30.92%
CHEMBL1613807 0: 95.99%, 1: 4.01%
CHEMBL1613813 0: 44.20%, 1: 55.80%
CHEMBL1613814 0: 53.85%, 1: 46.15%
CHEMBL1613817 0: 84.86%, 1: 15.14%
CHEMBL1613853 0: 41.86%, 1: 58.14%
CHEMBL1613861 0: 14.47%, 1: 85.53%
CHEMBL1613864 0: 5.19%, 1: 94.81%
CHEMBL1613867 0: 97.13%, 1: 2.87%
CHEMBL1613870 0: 15.80%, 1: 84.20%
CHEMBL1613871 0: 6.15%, 1: 93.85%
CHEMBL1613874 0: 65.78%, 1: 34.22%
CHEMBL1613876 0: 54.35%, 1: 45.65%
CHEMBL1613884 0: 21.51%, 1: 78.49%
CHEMBL1613890 0: 34.85%, 1: 65.15%
CHEMBL1613897 0: 46.64%, 1: 53.36%
CHEMBL1613898 0: 75.45%, 1: 24.55%
CHEMBL1613904 0: 50.77%, 1: 49.23%
CHEMBL1613907 0: 5.34%, 1: 94.66%
CHEMBL1613926 0: 30.15%, 1: 69.85%
CHEMBL1613928 0: 45.90%, 1: 54.10%
CHEMBL1613929 0: 81.25%, 1: 18.75%
CHEMBL1613941 0: 32.58%, 1: 67.42%
CHEMBL1613942 0: 41.43%, 1: 58.57%
CHEMBL1613947 0: 46.01%, 1: 53.99%
CHEMBL1613949 0: 60.13%, 1: 39.87%
CHEMBL1613950 0: 43.05%, 1: 56.95%
CHEMBL1613955 0: 54.04%, 1: 45.96%
CHEMBL1613962 0: 24.26%, 1: 75.74%
CHEMBL1613967 0: 44.59%, 1: 55.41%
CHEMBL1613981 0: 58.85%, 1: 41.15%
CHEMBL1613991 0: 14.98%, 1: 85.02%
CHEMBL1613997 0: 7.73%, 1: 92.27%
CHEMBL1614001 0: 98.28%, 1: 1.72%
CHEMBL1614004 0: 14.66%, 1: 85.34%
CHEMBL1614016 0: 12.22%, 1: 87.78%
CHEMBL1614030 0: 19.96%, 1: 80.04%
CHEMBL1614034 0: 2.63%, 1: 97.37%
CHEMBL1614035 0: 77.14%, 1: 22.86%
CHEMBL1614049 0: 39.63%, 1: 60.37%
CHEMBL1614053 0: 42.48%, 1: 57.52%
CHEMBL1614063 0: 95.18%, 1: 4.82%
CHEMBL1614065 0: 9.71%, 1: 90.29%
CHEMBL1614066 0: 94.74%, 1: 5.26%
CHEMBL1614069 0: 56.82%, 1: 43.18%
CHEMBL1614072 0: 50.36%, 1: 49.64%
CHEMBL1614084 0: 13.26%, 1: 86.74%
CHEMBL1614091 0: 4.43%, 1: 95.57%
CHEMBL1614092 0: 47.50%, 1: 52.50%
CHEMBL1614097 0: 46.99%, 1: 53.01%
CHEMBL1614098 0: 97.25%, 1: 2.75%
CHEMBL1614104 0: 7.74%, 1: 92.26%
CHEMBL1614105 0: 6.12%, 1: 93.88%
CHEMBL1614109 0: 59.87%, 1: 40.13%
CHEMBL1614128 0: 10.35%, 1: 89.65%
CHEMBL1614131 0: 97.14%, 1: 2.86%
CHEMBL1614132 0: 42.07%, 1: 57.93%
CHEMBL1614138 0: 67.83%, 1: 32.17%
CHEMBL1614155 0: 25.40%, 1: 74.60%
CHEMBL1614158 0: 74.52%, 1: 25.48%
CHEMBL1614167 0: 16.17%, 1: 83.83%
CHEMBL1614170 0: 68.86%, 1: 31.14%
CHEMBL1614171 0: 93.77%, 1: 6.23%
CHEMBL1614175 0: 80.66%, 1: 19.34%
CHEMBL1614185 0: 26.17%, 1: 73.83%
CHEMBL1614197 0: 5.26%, 1: 94.74%
CHEMBL1614199 0: 49.66%, 1: 50.34%
CHEMBL1614202 0: 7.32%, 1: 92.68%
CHEMBL1614215 0: 52.76%, 1: 47.24%
CHEMBL1614216 0: 48.52%, 1: 51.48%
CHEMBL1614218 0: 22.36%, 1: 77.64%
CHEMBL1614225 0: 62.50%, 1: 37.50%
CHEMBL1614244 0: 38.85%, 1: 61.15%
CHEMBL1614247 0: 44.34%, 1: 55.66%
CHEMBL1614252 0: 60.11%, 1: 39.89%
CHEMBL1614255 0: 61.26%, 1: 38.74%
CHEMBL1614259 0: 32.82%, 1: 67.18%
CHEMBL1614272 0: 67.71%, 1: 32.29%
CHEMBL1614276 0: 51.74%, 1: 48.26%
CHEMBL1614287 0: 85.53%, 1: 14.47%
CHEMBL1614288 0: 72.51%, 1: 27.49%
CHEMBL1614290 0: 4.51%, 1: 95.49%
CHEMBL1614295 0: 2.29%, 1: 97.71%
CHEMBL1614301 0: 19.74%, 1: 80.26%
CHEMBL1614304 0: 63.76%, 1: 36.24%
CHEMBL1614309 0: 27.66%, 1: 72.34%
CHEMBL1614311 0: 53.76%, 1: 46.24%
CHEMBL1614314 0: 94.70%, 1: 5.30%
CHEMBL1614319 0: 72.16%, 1: 27.84%
CHEMBL1614320 0: 29.79%, 1: 70.21%
CHEMBL1614321 0: 60.16%, 1: 39.84%
CHEMBL1614328 0: 46.64%, 1: 53.36%
CHEMBL1614329 0: 40.69%, 1: 59.31%
CHEMBL1614336 0: 47.01%, 1: 52.99%
CHEMBL1614344 0: 67.72%, 1: 32.28%
CHEMBL1614356 0: 43.90%, 1: 56.10%
CHEMBL1614359 0: 50.26%, 1: 49.74%
CHEMBL1614363 0: 53.19%, 1: 46.81%
CHEMBL1614385 0: 93.27%, 1: 6.73%
CHEMBL1614388 0: 56.19%, 1: 43.81%
CHEMBL1614393 0: 45.00%, 1: 55.00%
CHEMBL1614395 0: 11.32%, 1: 88.68%
CHEMBL1614403 0: 88.15%, 1: 11.85%
CHEMBL1614423 0: 57.84%, 1: 42.16%
CHEMBL1614425 0: 38.24%, 1: 61.76%
CHEMBL1614433 0: 60.77%, 1: 39.23%
CHEMBL1614434 0: 80.25%, 1: 19.75%
CHEMBL1614456 0: 3.36%, 1: 96.64%
CHEMBL1614466 0: 10.32%, 1: 89.68%
CHEMBL1614469 0: 24.90%, 1: 75.10%
CHEMBL1614477 0: 43.75%, 1: 56.25%
CHEMBL1614478 0: 12.50%, 1: 87.50%
CHEMBL1614480 0: 85.71%, 1: 14.29%
CHEMBL1614484 0: 9.01%, 1: 90.99%
CHEMBL1614492 0: 40.54%, 1: 59.46%
CHEMBL1614499 0: 44.47%, 1: 55.53%
CHEMBL1614503 0: 40.30%, 1: 59.70%
CHEMBL1614504 0: 17.80%, 1: 82.20%
CHEMBL1614509 0: 79.43%, 1: 20.57%
CHEMBL1614512 0: 62.79%, 1: 37.21%
CHEMBL1614514 0: 83.07%, 1: 16.93%
CHEMBL1614515 0: 19.61%, 1: 80.39%
CHEMBL1614516 0: 96.81%, 1: 3.19%
CHEMBL1614522 0: 28.55%, 1: 71.45%
CHEMBL1614524 0: 12.98%, 1: 87.02%
CHEMBL1614528 0: 40.91%, 1: 59.09%
CHEMBL1614547 0: 72.51%, 1: 27.49%
CHEMBL1614548 0: 17.95%, 1: 82.05%
CHEMBL1614549 0: 84.25%, 1: 15.75%
CHEMBL1614550 0: 9.30%, 1: 90.70%
CHEMBL1614554 0: 71.64%, 1: 28.36%
CHEMBL1676103 0: 39.85%, 1: 60.15%
CHEMBL1737860 0: 3.60%, 1: 96.40%
CHEMBL1737863 0: 36.27%, 1: 63.73%
CHEMBL1737865 0: 61.01%, 1: 38.99%
CHEMBL1737868 0: 79.41%, 1: 20.59%
CHEMBL1737910 0: 45.71%, 1: 54.29%
CHEMBL1737912 0: 26.51%, 1: 73.49%
CHEMBL1737942 0: 44.52%, 1: 55.48%
CHEMBL1737951 0: 51.83%, 1: 48.17%
CHEMBL1737961 0: 93.34%, 1: 6.66%
CHEMBL1737966 0: 21.36%, 1: 78.64%
CHEMBL1737967 0: 89.17%, 1: 10.83%
CHEMBL1737977 0: 13.87%, 1: 86.13%
CHEMBL1737978 0: 18.18%, 1: 81.82%
CHEMBL1737979 0: 8.94%, 1: 91.06%
CHEMBL1738019 0: 24.85%, 1: 75.15%
CHEMBL1738021 0: 10.87%, 1: 89.13%
CHEMBL1738025 0: 33.80%, 1: 66.20%
CHEMBL1738040 0: 73.48%, 1: 26.52%
CHEMBL1738043 0: 46.43%, 1: 53.57%
CHEMBL1738079 0: 3.88%, 1: 96.12%
CHEMBL1738080 0: 76.43%, 1: 23.57%
CHEMBL1738091 0: 89.77%, 1: 10.23%
CHEMBL1738097 0: 72.41%, 1: 27.59%
CHEMBL1738131 0: 68.59%, 1: 31.41%
CHEMBL1738164 0: 79.79%, 1: 20.21%
CHEMBL1738171 0: 85.45%, 1: 14.55%
CHEMBL1738183 0: 59.62%, 1: 40.38%
CHEMBL1738197 0: 36.90%, 1: 63.10%
CHEMBL1738202 0: 3.47%, 1: 96.53%
CHEMBL1738242 0: 16.55%, 1: 83.45%
CHEMBL1738249 0: 86.53%, 1: 13.47%
CHEMBL1738253 0: 7.33%, 1: 92.67%
CHEMBL1738319 0: 59.17%, 1: 40.83%
CHEMBL1738325 0: 96.86%, 1: 3.14%
CHEMBL1738362 0: 21.43%, 1: 78.57%
CHEMBL1738369 0: 56.34%, 1: 43.66%
CHEMBL1738371 0: 81.97%, 1: 18.03%
CHEMBL1738391 0: 68.38%, 1: 31.62%
CHEMBL1738400 0: 77.86%, 1: 22.14%
CHEMBL1738402 0: 54.19%, 1: 45.81%
CHEMBL1738407 0: 85.58%, 1: 14.42%
CHEMBL1738408 0: 2.18%, 1: 97.82%
CHEMBL1738414 0: 5.11%, 1: 94.89%
CHEMBL1738418 0: 68.85%, 1: 31.15%
CHEMBL1738422 0: 4.29%, 1: 95.71%
CHEMBL1738424 0: 77.50%, 1: 22.50%
CHEMBL1738430 0: 25.54%, 1: 74.46%
CHEMBL1738438 0: 2.76%, 1: 97.24%
CHEMBL1738482 0: 7.69%, 1: 92.31%
CHEMBL1738485 0: 17.65%, 1: 82.35%
CHEMBL1738494 0: 97.26%, 1: 2.74%
CHEMBL1738495 0: 1.70%, 1: 98.30%
CHEMBL1738497 0: 64.50%, 1: 35.50%
CHEMBL1738502 0: 15.20%, 1: 84.80%
CHEMBL1738510 0: 54.41%, 1: 45.59%
CHEMBL1738512 0: 3.05%, 1: 96.95%
CHEMBL1738513 0: 28.64%, 1: 71.36%
CHEMBL1738552 0: 64.70%, 1: 35.30%
CHEMBL1738575 0: 65.65%, 1: 34.35%
CHEMBL1738578 0: 23.30%, 1: 76.70%
CHEMBL1738579 0: 22.79%, 1: 77.21%
CHEMBL1738593 0: 17.65%, 1: 82.35%
CHEMBL1738599 0: 16.07%, 1: 83.93%
CHEMBL1738602 0: 42.70%, 1: 57.30%
CHEMBL1738610 0: 42.07%, 1: 57.93%
CHEMBL1738611 0: 2.23%, 1: 97.77%
CHEMBL1738632 0: 86.32%, 1: 13.68%
CHEMBL1738633 0: 4.05%, 1: 95.95%
CHEMBL1738639 0: 64.47%, 1: 35.53%
CHEMBL1738642 0: 34.82%, 1: 65.18%
CHEMBL1738670 0: 9.18%, 1: 90.82%
CHEMBL1738673 0: 12.98%, 1: 87.02%
CHEMBL1738679 0: 63.95%, 1: 36.05%
CHEMBL1738682 0: 62.45%, 1: 37.55%
CHEMBL1794296 0: 44.02%, 1: 55.98%
CHEMBL1794303 0: 2.71%, 1: 97.29%
CHEMBL1794320 0: 96.68%, 1: 3.32%
CHEMBL1794327 0: 91.59%, 1: 8.41%
CHEMBL1794336 0: 53.07%, 1: 46.93%
CHEMBL1794350 0: 3.44%, 1: 96.56%
CHEMBL1794355 0: 5.26%, 1: 94.74%
CHEMBL1794356 0: 13.92%, 1: 86.08%
CHEMBL1794358 0: 94.14%, 1: 5.86%
CHEMBL1794365 0: 7.12%, 1: 92.88%
CHEMBL1794383 0: 6.90%, 1: 93.10%
CHEMBL1794387 0: 65.04%, 1: 34.96%
CHEMBL1794393 0: 67.55%, 1: 32.45%
CHEMBL1794396 0: 3.96%, 1: 96.04%
CHEMBL1794410 0: 23.98%, 1: 76.02%
CHEMBL1794413 0: 6.02%, 1: 93.98%
CHEMBL1794438 0: 40.17%, 1: 59.83%
CHEMBL1794445 0: 87.84%, 1: 12.16%
CHEMBL1794452 0: 94.30%, 1: 5.70%
CHEMBL1794457 0: 92.98%, 1: 7.02%
CHEMBL1794460 0: 28.63%, 1: 71.37%
CHEMBL1794467 0: 18.39%, 1: 81.61%
CHEMBL1794475 0: 56.02%, 1: 43.98%
CHEMBL1794484 0: 44.93%, 1: 55.07%
CHEMBL1794494 0: 5.33%, 1: 94.67%
CHEMBL1794497 0: 8.47%, 1: 91.53%
CHEMBL1794499 0: 73.90%, 1: 26.10%
CHEMBL1794508 0: 94.63%, 1: 5.37%
CHEMBL1794516 0: 3.21%, 1: 96.79%
CHEMBL1794522 0: 58.65%, 1: 41.35%
CHEMBL1794528 0: 79.86%, 1: 20.14%
CHEMBL1794531 0: 92.03%, 1: 7.97%
CHEMBL1794548 0: 88.74%, 1: 11.26%
CHEMBL1794566 0: 6.05%, 1: 93.95%
CHEMBL1794567 0: 9.61%, 1: 90.39%
CHEMBL1794570 0: 92.79%, 1: 7.21%
CHEMBL1794571 0: 53.55%, 1: 46.45%
CHEMBL1794573 0: 10.54%, 1: 89.46%
CHEMBL1794574 0: 1.09%, 1: 98.91%
CHEMBL1794578 0: 46.99%, 1: 53.01%
CHEMBL1794581 0: 19.65%, 1: 80.35%
CHEMBL1863510 0: 2.14%, 1: 97.86%
CHEMBL1863512 0: 2.79%, 1: 97.21%
CHEMBL1909084 0: 99.28%, 1: 0.72%
CHEMBL1909085 0: 92.10%, 1: 7.90%
CHEMBL1909086 0: 91.52%, 1: 8.48%
CHEMBL1909087 0: 91.86%, 1: 8.14%
CHEMBL1909088 0: 87.97%, 1: 12.03%
CHEMBL1909089 0: 88.69%, 1: 11.31%
CHEMBL1909090 0: 90.81%, 1: 9.19%
CHEMBL1909091 0: 97.24%, 1: 2.76%
CHEMBL1909092 0: 97.14%, 1: 2.86%
CHEMBL1909093 0: 98.42%, 1: 1.58%
CHEMBL1909094 0: 90.85%, 1: 9.15%
CHEMBL1909095 0: 98.56%, 1: 1.44%
