wandb: Tracking run with wandb version 0.9.3
wandb: Run data is saved locally in wandb/run-20200721_182309-3qhq3cn6
wandb: Syncing run memory_profile_8_workers
wandb: ⭐️ View project at https://app.wandb.ai/apappu97/molecule-metalearning-chemprop
wandb: 🚀 View run at https://app.wandb.ai/apappu97/molecule-metalearning-chemprop/runs/3qhq3cn6
wandb: Run `wandb off` to turn off syncing.

Fold 0
Command line
python chemprop/train.py --data_path filtered_chembl/chembl_less_1024_more_128_645_tasks.csv --dataset_type classification --split_type scaffold_balanced --features_only --features_generator morgan --dropout 0.8 --ffn_hidden_size 400 --epochs 30 --results_save_dir results/initial_hyperparameter_tuning/ --experiment_name memory_profile_8_workers --num_workers 8
Args
{'ANIL': False,
 'FO_MAML': False,
 'activation': 'ReLU',
 'atom_messages': False,
 'batch_size': 50,
 'bias': False,
 'cache_cutoff': 10000,
 'checkpoint_dir': None,
 'checkpoint_path': None,
 'checkpoint_paths': None,
 'chembl_assay_metadata_pickle_path': None,
 'class_balance': False,
 'config_path': None,
 'crossval_index_dir': None,
 'crossval_index_file': None,
 'crossval_index_sets': None,
 'data_path': 'filtered_chembl/chembl_less_1024_more_128_645_tasks.csv',
 'dataset_type': 'classification',
 'depth': 3,
 'dropout': 0.8,
 'dummy': False,
 'ensemble_size': 1,
 'epochs': 30,
 'experiment_name': 'memory_profile_8_workers',
 'features_generator': ['morgan'],
 'features_only': True,
 'features_path': None,
 'features_size': None,
 'ffn_hidden_size': 400,
 'ffn_num_layers': 2,
 'final_lr': 0.0001,
 'folds_file': None,
 'gpu': None,
 'hidden_size': 300,
 'init_lr': 0.0001,
 'inner_loop_lr': 0.05,
 'log_frequency': 10,
 'max_data_size': None,
 'max_lr': 0.001,
 'meta_batch_size': 3,
 'meta_learning': False,
 'meta_test_split_sizes': (0.8, 0.1, 0.1),
 'meta_train_split_sizes': (0.8, 0.2, 0),
 'metric': 'auc',
 'minimize_score': False,
 'multiclass_num_classes': 3,
 'no_cuda': False,
 'no_features_scaling': False,
 'num_folds': 1,
 'num_inner_gradient_steps': 2,
 'num_lrs': 1,
 'num_tasks': None,
 'num_workers': 8,
 'outer_loop_lr': 0.003,
 'pytorch_seed': 0,
 'quiet': False,
 'results_save_dir': 'results/initial_hyperparameter_tuning/',
 'save_dir': '/tmp/2280932.1.test.gpu.q/tmpxtwtddmf/fold_0',
 'save_smiles_splits': False,
 'seed': 0,
 'separate_test_features_path': None,
 'separate_test_path': None,
 'separate_val_features_path': None,
 'separate_val_path': None,
 'show_individual_scores': False,
 'smiles_column': None,
 'split_sizes': (0.8, 0.1, 0.1),
 'split_type': 'scaffold_balanced',
 'target_columns': None,
 'task_names': None,
 'test': False,
 'test_fold_index': None,
 'train_data_size': None,
 'undirected': False,
 'use_input_features': True,
 'val_fold_index': None,
 'warmup_epochs': 2.0}
Loading data
0it [00:00, ?it/s]509it [00:00, 5086.65it/s]1129it [00:00, 5375.84it/s]1751it [00:00, 5602.56it/s]2394it [00:00, 5827.49it/s]3008it [00:00, 5916.56it/s]3634it [00:00, 6014.72it/s]4180it [00:00, 5282.10it/s]4834it [00:00, 5605.13it/s]5466it [00:00, 5800.09it/s]6102it [00:01, 5955.49it/s]6738it [00:01, 6069.39it/s]7373it [00:01, 6149.72it/s]8006it [00:01, 6200.44it/s]8626it [00:01, 5298.75it/s]9262it [00:01, 5576.87it/s]9901it [00:01, 5797.30it/s]10540it [00:01, 5961.54it/s]11180it [00:01, 6085.61it/s]11820it [00:01, 6173.66it/s]12482it [00:02, 6299.68it/s]13118it [00:02, 5602.31it/s]13757it [00:02, 5817.24it/s]14397it [00:02, 5979.17it/s]15037it [00:02, 6099.04it/s]15677it [00:02, 6183.78it/s]16338it [00:02, 6305.37it/s]16974it [00:02, 5606.03it/s]17553it [00:03, 2964.29it/s]18194it [00:03, 3533.44it/s]18835it [00:03, 4082.92it/s]19488it [00:03, 4582.33it/s]20152it [00:03, 5051.30it/s]20792it [00:03, 5392.04it/s]21405it [00:03, 5053.07it/s]22046it [00:04, 5394.20it/s]22685it [00:04, 5658.74it/s]23321it [00:04, 5850.54it/s]23967it [00:04, 6020.27it/s]24606it [00:04, 6126.40it/s]25247it [00:04, 6206.34it/s]25878it [00:04, 5549.16it/s]26517it [00:04, 5776.61it/s]27158it [00:04, 5953.01it/s]27823it [00:04, 6145.63it/s]28463it [00:05, 6218.75it/s]29104it [00:05, 6273.59it/s]29737it [00:05, 5589.83it/s]30378it [00:05, 5811.09it/s]31019it [00:05, 5977.97it/s]31684it [00:05, 6104.50it/s]32349it [00:05, 6256.24it/s]32989it [00:05, 6297.23it/s]33630it [00:05, 6329.42it/s]34267it [00:06, 5625.44it/s]34908it [00:06, 5839.19it/s]35549it [00:06, 5997.08it/s]36211it [00:06, 6171.23it/s]36851it [00:06, 6237.41it/s]37491it [00:06, 6285.17it/s]38125it [00:06, 5600.19it/s]38766it [00:06, 5819.50it/s]39407it [00:06, 5984.00it/s]40049it [00:07, 6106.02it/s]40714it [00:07, 6257.41it/s]41347it [00:07, 6260.51it/s]41988it [00:07, 6303.32it/s]42622it [00:07, 5614.34it/s]43263it [00:07, 5829.37it/s]43904it [00:07, 5991.88it/s]44569it [00:07, 6174.19it/s]45209it [00:07, 6239.38it/s]45851it [00:07, 6290.83it/s]46485it [00:08, 5599.38it/s]47126it [00:08, 5818.34it/s]47765it [00:08, 5977.08it/s]48419it [00:08, 6101.17it/s]49084it [00:08, 6255.58it/s]49724it [00:08, 6296.47it/s]50365it [00:08, 6327.45it/s]51002it [00:08, 5624.62it/s]51644it [00:08, 5840.92it/s]52286it [00:09, 6001.88it/s]52945it [00:09, 6166.80it/s]53571it [00:09, 6168.13it/s]54194it [00:09, 6164.77it/s]54815it [00:09, 5455.77it/s]55434it [00:09, 5655.65it/s]56076it [00:09, 5865.00it/s]56707it [00:09, 5990.51it/s]57346it [00:09, 6104.41it/s]57988it [00:09, 6195.58it/s]58614it [00:10, 6214.04it/s]59240it [00:10, 5540.51it/s]59905it [00:10, 5831.05it/s]60548it [00:10, 5996.61it/s]61191it [00:10, 6119.47it/s]61834it [00:10, 6207.46it/s]61865it [00:10, 5821.75it/s]
  0% 0/61865 [00:00<?, ?it/s]  0% 173/61865 [00:00<00:36, 1698.45it/s]  1% 353/61865 [00:00<00:35, 1725.51it/s]  1% 524/61865 [00:00<00:35, 1718.60it/s]  1% 700/61865 [00:00<00:35, 1730.72it/s]  1% 876/61865 [00:00<00:35, 1739.22it/s]  2% 1053/61865 [00:00<00:34, 1747.93it/s]  2% 1217/61865 [00:00<00:35, 1713.38it/s]  2% 1375/61865 [00:00<00:39, 1544.54it/s]  3% 1549/61865 [00:00<00:37, 1597.98it/s]  3% 1705/61865 [00:01<02:21, 425.82it/s]   3% 1875/61865 [00:02<01:49, 549.07it/s]  3% 2019/61865 [00:02<01:28, 673.84it/s]  4% 2178/61865 [00:02<01:13, 813.91it/s]  4% 2338/61865 [00:02<01:02, 953.77it/s]  4% 2501/61865 [00:02<00:54, 1087.84it/s]  4% 2659/61865 [00:02<00:49, 1198.27it/s]  5% 2819/61865 [00:02<00:45, 1295.47it/s]  5% 2990/61865 [00:02<00:42, 1395.67it/s]  5% 3163/61865 [00:02<00:39, 1480.38it/s]  5% 3328/61865 [00:02<00:38, 1526.51it/s]  6% 3493/61865 [00:03<00:37, 1559.88it/s]  6% 3659/61865 [00:03<00:36, 1587.47it/s]  6% 3824/61865 [00:03<00:36, 1589.17it/s]  6% 3987/61865 [00:03<00:36, 1565.63it/s]  7% 4147/61865 [00:03<00:36, 1562.13it/s]  7% 4306/61865 [00:03<00:37, 1519.10it/s]  7% 4475/61865 [00:03<00:36, 1564.18it/s]  7% 4638/61865 [00:03<00:36, 1583.31it/s]  8% 4803/61865 [00:03<00:35, 1600.04it/s]  8% 4969/61865 [00:03<00:35, 1617.41it/s]  8% 5134/61865 [00:04<00:34, 1626.99it/s]  9% 5298/61865 [00:04<00:35, 1606.02it/s]  9% 5459/61865 [00:04<00:35, 1602.32it/s]  9% 5621/61865 [00:04<00:35, 1606.63it/s]  9% 5783/61865 [00:04<00:34, 1607.81it/s] 10% 5945/61865 [00:04<00:34, 1611.34it/s] 10% 6107/61865 [00:04<00:34, 1600.75it/s] 10% 6269/61865 [00:04<00:34, 1606.12it/s] 10% 6430/61865 [00:04<00:34, 1605.84it/s] 11% 6594/61865 [00:04<00:34, 1613.21it/s] 11% 6756/61865 [00:05<00:34, 1610.17it/s] 11% 6918/61865 [00:05<00:34, 1604.42it/s] 11% 7087/61865 [00:05<00:33, 1628.58it/s] 12% 7253/61865 [00:05<00:33, 1636.97it/s] 12% 7417/61865 [00:05<00:33, 1606.14it/s] 12% 7578/61865 [00:05<00:34, 1592.78it/s] 13% 7738/61865 [00:05<00:33, 1593.05it/s] 13% 7912/61865 [00:05<00:33, 1632.86it/s] 13% 8079/61865 [00:05<00:32, 1642.10it/s] 13% 8244/61865 [00:05<00:33, 1593.89it/s] 14% 8406/61865 [00:06<00:33, 1599.65it/s] 14% 8574/61865 [00:06<00:32, 1621.89it/s] 14% 8741/61865 [00:06<00:32, 1635.05it/s] 14% 8905/61865 [00:06<00:32, 1631.92it/s] 15% 9069/61865 [00:06<00:32, 1634.02it/s] 15% 9234/61865 [00:06<00:32, 1638.53it/s] 15% 9399/61865 [00:06<00:31, 1641.84it/s] 15% 9564/61865 [00:06<00:32, 1629.55it/s] 16% 9728/61865 [00:06<00:31, 1632.64it/s] 16% 9892/61865 [00:06<00:31, 1634.20it/s] 16% 10057/61865 [00:07<00:31, 1636.68it/s] 17% 10221/61865 [00:07<00:32, 1605.79it/s] 17% 10382/61865 [00:07<00:32, 1593.39it/s] 17% 10544/61865 [00:07<00:32, 1600.42it/s] 17% 10707/61865 [00:07<00:31, 1607.91it/s] 18% 10869/61865 [00:07<00:31, 1609.82it/s] 18% 11031/61865 [00:07<00:31, 1603.57it/s] 18% 11198/61865 [00:07<00:31, 1622.68it/s] 18% 11365/61865 [00:07<00:30, 1634.33it/s] 19% 11529/61865 [00:08<00:31, 1623.05it/s] 19% 11692/61865 [00:08<00:31, 1618.01it/s] 19% 11857/61865 [00:08<00:30, 1624.81it/s] 19% 12025/61865 [00:08<00:30, 1638.33it/s] 20% 12191/61865 [00:08<00:30, 1641.67it/s] 20% 12356/61865 [00:08<00:30, 1629.66it/s] 20% 12520/61865 [00:08<00:30, 1617.97it/s] 21% 12688/61865 [00:08<00:30, 1634.03it/s] 21% 12852/61865 [00:08<00:29, 1634.81it/s] 21% 13016/61865 [00:08<00:30, 1623.28it/s] 21% 13182/61865 [00:09<00:29, 1632.63it/s] 22% 13346/61865 [00:09<00:29, 1632.36it/s] 22% 13510/61865 [00:09<00:31, 1537.82it/s] 22% 13673/61865 [00:09<00:30, 1562.29it/s] 22% 13835/61865 [00:09<00:30, 1578.47it/s] 23% 13997/61865 [00:09<00:30, 1590.29it/s] 23% 14157/61865 [00:09<00:29, 1592.75it/s] 23% 14317/61865 [00:09<00:29, 1589.17it/s] 23% 14477/61865 [00:09<00:29, 1585.37it/s] 24% 14637/61865 [00:09<00:29, 1589.19it/s] 24% 14798/61865 [00:10<00:29, 1593.15it/s] 24% 14961/61865 [00:10<00:29, 1601.34it/s] 24% 15122/61865 [00:10<00:29, 1593.80it/s] 25% 15288/61865 [00:10<00:28, 1611.86it/s] 25% 15451/61865 [00:10<00:28, 1615.58it/s] 25% 15613/61865 [00:10<00:30, 1536.48it/s] 26% 15776/61865 [00:10<00:29, 1561.09it/s] 26% 15942/61865 [00:10<00:28, 1588.14it/s] 26% 16106/61865 [00:10<00:28, 1600.82it/s] 26% 16269/61865 [00:10<00:28, 1607.73it/s] 27% 16432/61865 [00:11<00:28, 1612.12it/s] 27% 16597/61865 [00:11<00:27, 1622.49it/s] 27% 16763/61865 [00:11<00:27, 1632.26it/s] 27% 16927/61865 [00:11<00:27, 1630.78it/s] 28% 17091/61865 [00:11<00:27, 1631.83it/s] 28% 17255/61865 [00:11<00:29, 1534.21it/s] 28% 17421/61865 [00:11<00:28, 1568.52it/s] 28% 17587/61865 [00:11<00:27, 1594.30it/s] 29% 17756/61865 [00:11<00:27, 1620.76it/s] 29% 17919/61865 [00:11<00:27, 1621.52it/s] 29% 18086/61865 [00:12<00:26, 1634.33it/s] 30% 18252/61865 [00:12<00:26, 1640.77it/s] 30% 18418/61865 [00:12<00:26, 1645.67it/s] 30% 18583/61865 [00:12<00:26, 1637.76it/s] 30% 18748/61865 [00:12<00:26, 1639.30it/s] 31% 18913/61865 [00:12<00:26, 1638.82it/s] 31% 19077/61865 [00:12<00:26, 1637.39it/s] 31% 19241/61865 [00:12<00:26, 1630.38it/s] 31% 19405/61865 [00:12<00:26, 1627.17it/s] 32% 19573/61865 [00:13<00:25, 1641.43it/s] 32% 19739/61865 [00:13<00:25, 1646.02it/s] 32% 19904/61865 [00:13<00:25, 1645.77it/s] 32% 20069/61865 [00:13<00:25, 1625.54it/s] 33% 20234/61865 [00:13<00:25, 1631.58it/s] 33% 20398/61865 [00:13<00:25, 1622.91it/s] 33% 20564/61865 [00:13<00:25, 1631.41it/s] 34% 20728/61865 [00:13<00:25, 1630.52it/s] 34% 20892/61865 [00:13<00:25, 1616.60it/s] 34% 21056/61865 [00:13<00:25, 1621.79it/s] 34% 21221/61865 [00:14<00:24, 1629.26it/s] 35% 21384/61865 [00:14<00:25, 1616.97it/s] 35% 21546/61865 [00:14<00:24, 1615.22it/s] 35% 21713/61865 [00:14<00:24, 1630.70it/s] 35% 21879/61865 [00:14<00:24, 1638.32it/s] 36% 22044/61865 [00:14<00:24, 1640.32it/s] 36% 22211/61865 [00:14<00:24, 1646.82it/s] 36% 22376/61865 [00:14<00:24, 1638.88it/s] 36% 22545/61865 [00:14<00:23, 1652.20it/s] 37% 22711/61865 [00:14<00:23, 1647.71it/s] 37% 22876/61865 [00:15<00:23, 1644.64it/s] 37% 23042/61865 [00:15<00:23, 1647.17it/s] 38% 23209/61865 [00:15<00:23, 1652.84it/s] 38% 23376/61865 [00:15<00:23, 1655.49it/s] 38% 23542/61865 [00:15<00:23, 1648.96it/s] 38% 23709/61865 [00:15<00:23, 1652.29it/s] 39% 23875/61865 [00:15<00:22, 1653.17it/s] 39% 24044/61865 [00:15<00:22, 1661.05it/s] 39% 24211/61865 [00:15<00:22, 1648.77it/s] 39% 24378/61865 [00:15<00:22, 1654.23it/s] 40% 24545/61865 [00:16<00:22, 1658.60it/s] 40% 24712/61865 [00:16<00:22, 1659.99it/s] 40% 24879/61865 [00:16<00:22, 1643.25it/s] 40% 25044/61865 [00:16<00:22, 1642.62it/s] 41% 25211/61865 [00:16<00:22, 1648.92it/s] 41% 25376/61865 [00:16<00:22, 1648.99it/s] 41% 25541/61865 [00:16<00:22, 1640.90it/s] 42% 25706/61865 [00:16<00:22, 1624.43it/s] 42% 25872/61865 [00:16<00:22, 1633.19it/s] 42% 26037/61865 [00:16<00:21, 1636.19it/s] 42% 26201/61865 [00:17<00:21, 1636.22it/s] 43% 26365/61865 [00:17<00:21, 1631.59it/s] 43% 26529/61865 [00:17<00:21, 1632.99it/s] 43% 26696/61865 [00:17<00:21, 1642.54it/s] 43% 26864/61865 [00:17<00:21, 1651.13it/s] 44% 27030/61865 [00:17<00:22, 1552.05it/s] 44% 27196/61865 [00:17<00:21, 1581.73it/s] 44% 27356/61865 [00:17<00:22, 1522.60it/s] 44% 27521/61865 [00:17<00:22, 1558.55it/s] 45% 27683/61865 [00:17<00:21, 1574.79it/s] 45% 27848/61865 [00:18<00:21, 1596.47it/s] 45% 28013/61865 [00:18<00:21, 1611.54it/s] 46% 28175/61865 [00:18<00:20, 1609.39it/s] 46% 28337/61865 [00:18<00:20, 1606.51it/s] 46% 28500/61865 [00:18<00:20, 1611.47it/s] 46% 28663/61865 [00:18<00:20, 1613.94it/s] 47% 28826/61865 [00:18<00:20, 1617.79it/s] 47% 28988/61865 [00:18<00:20, 1608.56it/s] 47% 29151/61865 [00:18<00:20, 1614.34it/s] 47% 29316/61865 [00:18<00:20, 1623.58it/s] 48% 29480/61865 [00:19<00:19, 1628.23it/s] 48% 29647/61865 [00:19<00:19, 1638.52it/s] 48% 29811/61865 [00:19<00:19, 1632.15it/s] 48% 29975/61865 [00:19<00:19, 1634.38it/s] 49% 30141/61865 [00:19<00:19, 1641.00it/s] 49% 30306/61865 [00:19<00:19, 1627.67it/s] 49% 30469/61865 [00:19<00:19, 1620.26it/s] 50% 30635/61865 [00:19<00:19, 1631.80it/s] 50% 30799/61865 [00:19<00:19, 1633.96it/s] 50% 30964/61865 [00:19<00:18, 1636.14it/s] 50% 31128/61865 [00:20<00:18, 1622.49it/s] 51% 31291/61865 [00:20<00:18, 1624.00it/s] 51% 31457/61865 [00:20<00:18, 1634.53it/s] 51% 31623/61865 [00:20<00:18, 1640.17it/s] 51% 31788/61865 [00:20<00:18, 1642.02it/s] 52% 31953/61865 [00:20<00:18, 1635.21it/s] 52% 32118/61865 [00:20<00:18, 1637.15it/s] 52% 32282/61865 [00:20<00:18, 1627.96it/s] 52% 32445/61865 [00:20<00:18, 1626.80it/s] 53% 32608/61865 [00:21<00:18, 1619.16it/s] 53% 32771/61865 [00:21<00:17, 1619.71it/s] 53% 32937/61865 [00:21<00:17, 1629.78it/s] 54% 33102/61865 [00:21<00:17, 1633.63it/s] 54% 33266/61865 [00:21<00:17, 1626.02it/s] 54% 33429/61865 [00:21<00:17, 1622.00it/s] 54% 33594/61865 [00:21<00:17, 1628.41it/s] 55% 33759/61865 [00:21<00:17, 1634.04it/s] 55% 33923/61865 [00:21<00:17, 1624.22it/s] 55% 34089/61865 [00:21<00:17, 1632.26it/s] 55% 34255/61865 [00:22<00:16, 1640.04it/s] 56% 34421/61865 [00:22<00:16, 1645.69it/s] 56% 34586/61865 [00:22<00:16, 1642.98it/s] 56% 34751/61865 [00:22<00:16, 1628.99it/s] 56% 34914/61865 [00:22<00:16, 1627.76it/s] 57% 35077/61865 [00:22<00:16, 1615.80it/s] 57% 35239/61865 [00:22<00:16, 1614.76it/s] 57% 35401/61865 [00:22<00:16, 1603.29it/s] 57% 35563/61865 [00:22<00:16, 1607.62it/s] 58% 35725/61865 [00:22<00:16, 1610.38it/s] 58% 35891/61865 [00:23<00:16, 1622.27it/s] 58% 36054/61865 [00:23<00:15, 1614.11it/s] 59% 36217/61865 [00:23<00:15, 1616.55it/s] 59% 36381/61865 [00:23<00:15, 1620.12it/s] 59% 36546/61865 [00:23<00:15, 1626.38it/s] 59% 36709/61865 [00:23<00:15, 1621.55it/s] 60% 36876/61865 [00:23<00:15, 1634.83it/s] 60% 37042/61865 [00:23<00:15, 1641.16it/s] 60% 37207/61865 [00:23<00:15, 1641.42it/s] 60% 37372/61865 [00:23<00:14, 1639.18it/s] 61% 37539/61865 [00:24<00:14, 1645.55it/s] 61% 37705/61865 [00:24<00:14, 1648.98it/s] 61% 37870/61865 [00:24<00:14, 1648.22it/s] 61% 38035/61865 [00:24<00:14, 1648.45it/s] 62% 38200/61865 [00:24<00:14, 1639.79it/s] 62% 38365/61865 [00:24<00:14, 1641.27it/s] 62% 38530/61865 [00:24<00:14, 1641.95it/s] 63% 38695/61865 [00:24<00:14, 1636.04it/s] 63% 38859/61865 [00:24<00:14, 1627.46it/s] 63% 39022/61865 [00:24<00:14, 1623.02it/s] 63% 39189/61865 [00:25<00:13, 1634.89it/s] 64% 39355/61865 [00:25<00:13, 1641.66it/s] 64% 39520/61865 [00:25<00:13, 1626.92it/s] 64% 39684/61865 [00:25<00:13, 1628.10it/s] 64% 39850/61865 [00:25<00:13, 1636.65it/s] 65% 40014/61865 [00:25<00:14, 1556.69it/s] 65% 40177/61865 [00:25<00:13, 1576.18it/s] 65% 40341/61865 [00:25<00:13, 1592.06it/s] 65% 40502/61865 [00:25<00:13, 1596.51it/s] 66% 40667/61865 [00:25<00:13, 1609.73it/s] 66% 40830/61865 [00:26<00:13, 1615.55it/s] 66% 40992/61865 [00:26<00:12, 1615.77it/s] 67% 41160/61865 [00:26<00:12, 1631.57it/s] 67% 41327/61865 [00:26<00:12, 1640.89it/s] 67% 41493/61865 [00:26<00:12, 1644.72it/s] 67% 41658/61865 [00:26<00:12, 1634.15it/s] 68% 41823/61865 [00:26<00:12, 1637.44it/s] 68% 41990/61865 [00:26<00:12, 1646.67it/s] 68% 42155/61865 [00:26<00:11, 1643.34it/s] 68% 42320/61865 [00:26<00:11, 1630.13it/s] 69% 42484/61865 [00:27<00:11, 1628.97it/s] 69% 42647/61865 [00:27<00:11, 1626.62it/s] 69% 42813/61865 [00:27<00:11, 1635.40it/s] 69% 42978/61865 [00:27<00:11, 1637.95it/s] 70% 43144/61865 [00:27<00:11, 1642.90it/s] 70% 43309/61865 [00:27<00:11, 1641.59it/s] 70% 43478/61865 [00:27<00:11, 1655.38it/s] 71% 43644/61865 [00:27<00:11, 1641.40it/s] 71% 43809/61865 [00:27<00:11, 1634.57it/s] 71% 43975/61865 [00:27<00:10, 1639.63it/s] 71% 44142/61865 [00:28<00:10, 1646.18it/s] 72% 44307/61865 [00:28<00:10, 1646.59it/s] 72% 44472/61865 [00:28<00:10, 1639.11it/s] 72% 44642/61865 [00:28<00:10, 1654.68it/s] 72% 44809/61865 [00:28<00:10, 1659.11it/s] 73% 44975/61865 [00:28<00:10, 1653.92it/s] 73% 45141/61865 [00:28<00:10, 1643.98it/s] 73% 45310/61865 [00:28<00:09, 1655.67it/s] 74% 45476/61865 [00:28<00:09, 1648.26it/s] 74% 45641/61865 [00:28<00:09, 1637.76it/s] 74% 45805/61865 [00:29<00:09, 1631.73it/s] 74% 45969/61865 [00:29<00:09, 1632.35it/s] 75% 46133/61865 [00:29<00:09, 1629.80it/s] 75% 46298/61865 [00:29<00:09, 1635.21it/s] 75% 46462/61865 [00:29<00:09, 1631.76it/s] 75% 46626/61865 [00:29<00:09, 1629.05it/s] 76% 46790/61865 [00:29<00:09, 1632.18it/s] 76% 46959/61865 [00:29<00:09, 1647.76it/s] 76% 47124/61865 [00:29<00:08, 1643.89it/s] 76% 47289/61865 [00:30<00:08, 1634.11it/s] 77% 47454/61865 [00:30<00:08, 1638.79it/s] 77% 47621/61865 [00:30<00:08, 1645.45it/s] 77% 47786/61865 [00:30<00:08, 1633.95it/s] 78% 47950/61865 [00:30<00:08, 1624.95it/s] 78% 48113/61865 [00:31<00:37, 371.16it/s]  78% 48277/61865 [00:31<00:28, 483.24it/s] 78% 48438/61865 [00:31<00:21, 611.30it/s] 79% 48596/61865 [00:31<00:17, 748.52it/s] 79% 48760/61865 [00:32<00:14, 893.57it/s] 79% 48924/61865 [00:32<00:12, 1033.83it/s] 79% 49086/61865 [00:32<00:11, 1158.46it/s] 80% 49246/61865 [00:32<00:09, 1262.28it/s] 80% 49406/61865 [00:32<00:09, 1347.13it/s] 80% 49569/61865 [00:32<00:08, 1419.82it/s] 80% 49730/61865 [00:32<00:08, 1470.93it/s] 81% 49890/61865 [00:32<00:07, 1500.62it/s] 81% 50050/61865 [00:32<00:07, 1522.70it/s] 81% 50210/61865 [00:32<00:07, 1543.78it/s] 81% 50374/61865 [00:33<00:07, 1569.99it/s] 82% 50535/61865 [00:33<00:07, 1574.26it/s] 82% 50695/61865 [00:33<00:07, 1573.18it/s] 82% 50857/61865 [00:33<00:06, 1586.27it/s] 82% 51017/61865 [00:33<00:06, 1586.91it/s] 83% 51177/61865 [00:33<00:06, 1585.37it/s] 83% 51337/61865 [00:33<00:06, 1578.77it/s] 83% 51496/61865 [00:33<00:06, 1574.61it/s] 83% 51654/61865 [00:33<00:06, 1569.61it/s] 84% 51812/61865 [00:33<00:06, 1571.85it/s] 84% 51973/61865 [00:34<00:06, 1582.85it/s] 84% 52132/61865 [00:34<00:06, 1576.87it/s] 85% 52296/61865 [00:34<00:06, 1593.34it/s] 85% 52456/61865 [00:34<00:05, 1579.92it/s] 85% 52615/61865 [00:34<00:05, 1581.41it/s] 85% 52774/61865 [00:34<00:05, 1574.88it/s] 86% 52932/61865 [00:34<00:05, 1495.43it/s] 86% 53093/61865 [00:34<00:05, 1527.20it/s] 86% 53247/61865 [00:34<00:05, 1525.93it/s] 86% 53409/61865 [00:34<00:05, 1550.97it/s] 87% 53571/61865 [00:35<00:05, 1569.25it/s] 87% 53733/61865 [00:35<00:05, 1584.07it/s] 87% 53894/61865 [00:35<00:05, 1588.94it/s] 87% 54054/61865 [00:35<00:04, 1587.08it/s] 88% 54213/61865 [00:35<00:04, 1576.86it/s] 88% 54375/61865 [00:35<00:04, 1588.07it/s] 88% 54539/61865 [00:35<00:04, 1601.31it/s] 88% 54703/61865 [00:35<00:04, 1610.48it/s] 89% 54865/61865 [00:35<00:04, 1596.05it/s] 89% 55025/61865 [00:35<00:04, 1592.57it/s] 89% 55185/61865 [00:36<00:04, 1590.03it/s] 89% 55346/61865 [00:36<00:04, 1595.22it/s] 90% 55506/61865 [00:36<00:04, 1540.19it/s] 90% 55664/61865 [00:36<00:04, 1550.20it/s] 90% 55824/61865 [00:36<00:03, 1562.29it/s] 90% 55981/61865 [00:36<00:03, 1493.39it/s] 91% 56147/61865 [00:36<00:03, 1538.37it/s] 91% 56307/61865 [00:36<00:03, 1554.25it/s] 91% 56476/61865 [00:36<00:03, 1591.41it/s] 92% 56636/61865 [00:37<00:03, 1569.36it/s] 92% 56794/61865 [00:37<00:03, 1554.52it/s] 92% 56950/61865 [00:37<00:03, 1520.75it/s] 92% 57103/61865 [00:37<00:03, 1503.19it/s] 93% 57254/61865 [00:37<00:03, 1498.58it/s] 93% 57405/61865 [00:37<00:03, 1448.77it/s] 93% 57551/61865 [00:37<00:03, 1417.49it/s] 93% 57694/61865 [00:37<00:03, 1390.20it/s] 93% 57834/61865 [00:37<00:02, 1376.73it/s] 94% 57973/61865 [00:38<00:02, 1300.93it/s] 94% 58108/61865 [00:38<00:02, 1312.43it/s] 94% 58241/61865 [00:38<00:02, 1317.56it/s] 94% 58375/61865 [00:38<00:02, 1322.49it/s] 95% 58515/61865 [00:38<00:02, 1343.93it/s] 95% 58668/61865 [00:38<00:02, 1394.51it/s] 95% 58832/61865 [00:38<00:02, 1459.21it/s] 95% 58996/61865 [00:38<00:01, 1509.03it/s] 96% 59163/61865 [00:38<00:01, 1553.70it/s] 96% 59332/61865 [00:38<00:01, 1591.65it/s] 96% 59501/61865 [00:39<00:01, 1618.46it/s] 96% 59669/61865 [00:39<00:01, 1635.36it/s] 97% 59834/61865 [00:39<00:01, 1602.66it/s] 97% 59995/61865 [00:39<00:01, 1560.96it/s] 97% 60152/61865 [00:39<00:01, 1558.53it/s] 97% 60314/61865 [00:39<00:00, 1574.16it/s] 98% 60474/61865 [00:39<00:00, 1581.60it/s] 98% 60644/61865 [00:39<00:00, 1615.26it/s] 98% 60813/61865 [00:39<00:00, 1635.37it/s] 99% 60983/61865 [00:39<00:00, 1653.35it/s] 99% 61149/61865 [00:40<00:00, 1650.30it/s] 99% 61319/61865 [00:40<00:00, 1662.09it/s] 99% 61488/61865 [00:40<00:00, 1667.54it/s]100% 61657/61865 [00:40<00:00, 1673.23it/s]100% 61825/61865 [00:40<00:00, 1663.24it/s]100% 61865/61865 [00:40<00:00, 1529.31it/s]
  0% 0/61865 [00:00<?, ?it/s] 11% 6983/61865 [00:00<00:00, 69824.07it/s] 21% 13297/61865 [00:00<00:00, 67674.65it/s] 40% 24881/61865 [00:00<00:00, 77318.43it/s] 62% 38391/61865 [00:00<00:00, 88698.36it/s] 93% 57617/61865 [00:00<00:00, 105793.55it/s]100% 61865/61865 [00:00<00:00, 119642.10it/s]
Number of tasks = 645
Splitting data with seed 0
  0% 0/61865 [00:00<?, ?it/s]  1% 578/61865 [00:00<00:10, 5776.22it/s]  2% 1118/61865 [00:00<00:10, 5657.52it/s]  3% 1645/61865 [00:00<00:10, 5532.56it/s]  3% 2140/61865 [00:00<00:11, 5343.15it/s]  4% 2630/61865 [00:00<00:11, 5201.05it/s]  5% 3160/61865 [00:00<00:11, 5230.13it/s]  6% 3690/61865 [00:00<00:11, 5249.75it/s]  7% 4169/61865 [00:00<00:11, 4938.37it/s]  8% 4692/61865 [00:00<00:11, 5022.00it/s]  8% 5178/61865 [00:01<00:11, 4967.33it/s]  9% 5662/61865 [00:01<00:11, 4849.08it/s] 10% 6138/61865 [00:01<00:11, 4800.66it/s] 11% 6612/61865 [00:01<00:11, 4749.09it/s] 12% 7119/61865 [00:01<00:11, 4840.77it/s] 12% 7601/61865 [00:01<00:11, 4735.24it/s] 13% 8103/61865 [00:01<00:11, 4816.83it/s] 14% 8585/61865 [00:01<00:11, 4602.76it/s] 15% 9047/61865 [00:01<00:11, 4606.59it/s] 15% 9545/61865 [00:01<00:11, 4712.08it/s] 16% 10039/61865 [00:02<00:10, 4777.27it/s] 17% 10524/61865 [00:02<00:10, 4795.58it/s] 18% 11005/61865 [00:02<00:10, 4786.06it/s] 19% 11491/61865 [00:02<00:10, 4807.89it/s] 19% 11992/61865 [00:02<00:10, 4863.79it/s] 20% 12492/61865 [00:02<00:10, 4903.03it/s] 21% 12993/61865 [00:02<00:09, 4931.58it/s] 22% 13516/61865 [00:02<00:09, 5014.09it/s] 23% 14025/61865 [00:02<00:09, 5035.21it/s] 23% 14529/61865 [00:02<00:09, 4990.02it/s] 24% 15029/61865 [00:03<00:09, 4925.13it/s] 25% 15532/61865 [00:03<00:09, 4954.41it/s] 26% 16035/61865 [00:03<00:09, 4974.63it/s] 27% 16533/61865 [00:03<00:09, 4970.60it/s] 28% 17071/61865 [00:03<00:08, 5084.91it/s] 28% 17581/61865 [00:03<00:08, 5085.82it/s] 29% 18113/61865 [00:03<00:08, 5152.27it/s] 30% 18629/61865 [00:03<00:08, 5152.88it/s] 31% 19145/61865 [00:03<00:08, 5109.64it/s] 32% 19663/61865 [00:03<00:08, 5129.27it/s] 33% 20177/61865 [00:04<00:08, 5074.73it/s] 33% 20685/61865 [00:04<00:08, 5042.10it/s] 34% 21190/61865 [00:04<00:08, 5023.03it/s] 35% 21693/61865 [00:04<00:08, 4993.21it/s] 36% 22217/61865 [00:04<00:07, 5063.21it/s] 37% 22733/61865 [00:04<00:07, 5091.60it/s] 38% 23251/61865 [00:04<00:07, 5116.51it/s] 38% 23770/61865 [00:04<00:07, 5137.85it/s] 39% 24300/61865 [00:04<00:07, 5183.67it/s] 40% 24819/61865 [00:04<00:07, 5168.36it/s] 41% 25337/61865 [00:05<00:07, 5153.39it/s] 42% 25853/61865 [00:05<00:07, 5113.48it/s] 43% 26365/61865 [00:05<00:06, 5100.37it/s] 43% 26880/61865 [00:05<00:06, 5113.85it/s] 44% 27394/61865 [00:05<00:06, 5118.32it/s] 45% 27913/61865 [00:05<00:06, 5136.06it/s] 46% 28427/61865 [00:05<00:06, 5080.32it/s] 47% 28936/61865 [00:05<00:06, 5036.74it/s] 48% 29444/61865 [00:05<00:06, 5048.84it/s] 48% 29964/61865 [00:05<00:06, 5091.66it/s] 49% 30475/61865 [00:06<00:06, 5096.45it/s] 50% 30997/61865 [00:06<00:06, 5130.31it/s] 51% 31511/61865 [00:06<00:05, 5123.47it/s] 52% 32032/61865 [00:06<00:05, 5146.71it/s] 53% 32547/61865 [00:06<00:05, 5081.75it/s] 53% 33056/61865 [00:06<00:05, 5080.41it/s] 54% 33573/61865 [00:06<00:05, 5104.59it/s] 55% 34087/61865 [00:06<00:05, 5115.03it/s] 56% 34610/61865 [00:06<00:05, 5146.34it/s] 57% 35125/61865 [00:06<00:05, 5072.29it/s] 58% 35633/61865 [00:07<00:05, 4992.03it/s] 58% 36138/61865 [00:07<00:05, 5006.53it/s] 59% 36640/61865 [00:07<00:05, 5006.07it/s] 60% 37165/61865 [00:07<00:04, 5074.74it/s] 61% 37694/61865 [00:07<00:04, 5137.21it/s] 62% 38217/61865 [00:07<00:04, 5163.41it/s] 63% 38734/61865 [00:07<00:04, 5133.23it/s] 63% 39248/61865 [00:07<00:04, 5109.75it/s] 64% 39760/61865 [00:07<00:04, 5105.49it/s] 65% 40271/61865 [00:08<00:04, 4995.31it/s] 66% 40772/61865 [00:08<00:04, 4855.45it/s] 67% 41259/61865 [00:08<00:04, 4820.26it/s] 67% 41742/61865 [00:08<00:04, 4784.11it/s] 68% 42222/61865 [00:08<00:04, 4745.57it/s] 69% 42698/61865 [00:08<00:04, 4663.08it/s] 70% 43178/61865 [00:08<00:03, 4701.31it/s] 71% 43649/61865 [00:08<00:03, 4699.92it/s] 71% 44120/61865 [00:08<00:03, 4693.55it/s] 72% 44602/61865 [00:08<00:03, 4728.92it/s] 73% 45076/61865 [00:09<00:03, 4717.30it/s] 74% 45554/61865 [00:09<00:03, 4733.20it/s] 74% 46028/61865 [00:09<00:03, 4669.57it/s] 75% 46496/61865 [00:09<00:03, 4651.81it/s] 76% 46970/61865 [00:09<00:03, 4677.70it/s] 77% 47439/61865 [00:09<00:03, 4678.37it/s] 77% 47907/61865 [00:09<00:03, 4635.04it/s] 78% 48371/61865 [00:09<00:02, 4584.95it/s] 79% 48830/61865 [00:09<00:02, 4512.36it/s] 80% 49282/61865 [00:09<00:02, 4459.59it/s] 80% 49729/61865 [00:10<00:02, 4422.35it/s] 81% 50172/61865 [00:10<00:02, 4329.66it/s] 82% 50606/61865 [00:10<00:02, 4301.59it/s] 82% 51037/61865 [00:10<00:02, 4292.56it/s] 83% 51467/61865 [00:10<00:02, 4261.80it/s] 84% 51894/61865 [00:10<00:02, 4179.88it/s] 85% 52335/61865 [00:10<00:02, 4243.37it/s] 85% 52760/61865 [00:10<00:02, 4184.27it/s] 86% 53180/61865 [00:10<00:02, 4020.06it/s] 87% 53663/61865 [00:11<00:01, 4218.91it/s] 87% 54125/61865 [00:11<00:01, 4314.96it/s] 88% 54587/61865 [00:11<00:01, 4401.36it/s] 89% 55054/61865 [00:11<00:01, 4477.23it/s] 90% 55504/61865 [00:11<00:01, 4292.88it/s] 90% 55945/61865 [00:11<00:01, 4327.12it/s] 91% 56408/61865 [00:11<00:01, 4411.14it/s] 92% 56852/61865 [00:11<00:01, 4218.47it/s] 93% 57278/61865 [00:11<00:01, 3940.35it/s] 93% 57678/61865 [00:12<00:01, 3429.49it/s] 94% 58037/61865 [00:12<00:01, 3171.76it/s] 94% 58370/61865 [00:12<00:01, 3050.68it/s] 95% 58726/61865 [00:12<00:00, 3186.55it/s] 96% 59253/61865 [00:12<00:00, 3614.27it/s] 97% 59768/61865 [00:12<00:00, 3969.19it/s] 97% 60194/61865 [00:12<00:00, 3892.37it/s] 98% 60709/61865 [00:12<00:00, 4199.17it/s] 99% 61242/61865 [00:12<00:00, 4484.26it/s]100% 61773/61865 [00:12<00:00, 4702.86it/s]100% 61865/61865 [00:12<00:00, 4759.53it/s]
Total scaffolds = 30,615 | train scaffolds = 24,639 | val scaffolds = 3,133 | test scaffolds = 2,843
/home/apappu/thesis/molecule-metalearning/chemprop/chemprop/data/scaffold.py:152: RuntimeWarning: Mean of empty slice
  target_avgs.append(np.nanmean(targets, axis=0))
Label averages per scaffold, in decreasing order of scaffold frequency,capped at 10 scaffolds and 20 labels: [(array([nan, nan, nan, nan, nan, nan, nan, nan, nan, nan, nan, nan, nan,
       nan, nan, nan, nan, nan, nan, nan]), array([0, 0, 0, 0, 0, 0, 0, 0, 0, 0, 0, 0, 0, 0, 0, 0, 0, 0, 0, 0])), (array([nan, nan, nan, nan, nan, nan, nan, nan, nan, nan, nan, nan, nan,
       nan, nan, 0.5, nan, nan, nan, nan]), array([0, 0, 0, 0, 0, 0, 0, 0, 0, 0, 0, 0, 0, 0, 0, 2, 0, 0, 0, 0])), (array([nan, nan, nan, nan, nan, nan, nan, nan, nan, nan, nan, nan, nan,
       nan, nan, nan, nan, nan, nan, nan]), array([0, 0, 0, 0, 0, 0, 0, 0, 0, 0, 0, 0, 0, 0, 0, 0, 0, 0, 0, 0])), (array([nan, nan, nan, nan, nan, nan, nan, nan, nan, nan, nan, nan, nan,
       nan, nan, nan, nan, nan, nan, nan]), array([0, 0, 0, 0, 0, 0, 0, 0, 0, 0, 0, 0, 0, 0, 0, 0, 0, 0, 0, 0])), (array([nan, nan, nan, nan, nan, nan, nan, nan, nan, nan, nan, nan, nan,
       nan, nan, nan, nan, nan, nan, nan]), array([0, 0, 0, 0, 0, 0, 0, 0, 0, 0, 0, 0, 0, 0, 0, 0, 0, 0, 0, 0])), (array([nan, nan, nan, nan, nan, nan, nan, nan, nan, nan, nan, nan, nan,
       nan, nan, nan, nan, nan, nan, nan]), array([0, 0, 0, 0, 0, 0, 0, 0, 0, 0, 0, 0, 0, 0, 0, 0, 0, 0, 0, 0])), (array([nan, nan, nan, nan, nan, nan, nan, nan, nan, nan, nan, nan, nan,
       nan, nan, nan, nan, nan, nan, nan]), array([0, 0, 0, 0, 0, 0, 0, 0, 0, 0, 0, 0, 0, 0, 0, 0, 0, 0, 0, 0])), (array([nan, nan, nan, nan, nan, nan, nan, nan, nan, nan, nan, nan, nan,
       nan, nan, nan, nan, nan, nan, nan]), array([0, 0, 0, 0, 0, 0, 0, 0, 0, 0, 0, 0, 0, 0, 0, 0, 0, 0, 0, 0])), (array([nan, nan, nan, nan, nan, nan, nan, nan, nan, nan, nan, nan, nan,
       nan, nan, nan, nan, nan, nan, nan]), array([0, 0, 0, 0, 0, 0, 0, 0, 0, 0, 0, 0, 0, 0, 0, 0, 0, 0, 0, 0])), (array([nan, nan, nan, nan, nan, nan, nan, nan, nan, nan, nan, nan, nan,
       nan, nan, nan, nan, nan, nan, nan]), array([0, 0, 0, 0, 0, 0, 0, 0, 0, 0, 0, 0, 0, 0, 0, 0, 0, 0, 0, 0]))]
Class sizes
CHEMBL1033994 0: 41.98%, 1: 58.02%
CHEMBL1119333 0: 9.59%, 1: 90.41%
CHEMBL1217000 0: 52.41%, 1: 47.59%
CHEMBL1243965 0: 17.11%, 1: 82.89%
CHEMBL1243966 0: 41.96%, 1: 58.04%
CHEMBL1243967 0: 10.17%, 1: 89.83%
CHEMBL1243968 0: 15.06%, 1: 84.94%
CHEMBL1243970 0: 6.91%, 1: 93.09%
CHEMBL1243972 0: 9.92%, 1: 90.08%
CHEMBL1243976 0: 28.99%, 1: 71.01%
CHEMBL1246087 0: 33.88%, 1: 66.12%
CHEMBL1246088 0: 48.37%, 1: 51.63%
CHEMBL1613762 0: 2.45%, 1: 97.55%
CHEMBL1613779 0: 58.47%, 1: 41.53%
CHEMBL1613785 0: 43.22%, 1: 56.78%
CHEMBL1613787 0: 69.08%, 1: 30.92%
CHEMBL1613807 0: 95.99%, 1: 4.01%
CHEMBL1613813 0: 44.20%, 1: 55.80%
CHEMBL1613814 0: 53.85%, 1: 46.15%
CHEMBL1613817 0: 84.86%, 1: 15.14%
CHEMBL1613853 0: 41.86%, 1: 58.14%
CHEMBL1613861 0: 14.47%, 1: 85.53%
CHEMBL1613864 0: 5.19%, 1: 94.81%
CHEMBL1613867 0: 97.13%, 1: 2.87%
CHEMBL1613870 0: 15.80%, 1: 84.20%
CHEMBL1613871 0: 6.15%, 1: 93.85%
CHEMBL1613874 0: 65.78%, 1: 34.22%
CHEMBL1613876 0: 54.35%, 1: 45.65%
CHEMBL1613884 0: 21.51%, 1: 78.49%
CHEMBL1613890 0: 34.85%, 1: 65.15%
CHEMBL1613897 0: 46.64%, 1: 53.36%
CHEMBL1613898 0: 75.45%, 1: 24.55%
CHEMBL1613904 0: 50.77%, 1: 49.23%
CHEMBL1613907 0: 5.34%, 1: 94.66%
CHEMBL1613926 0: 30.15%, 1: 69.85%
CHEMBL1613928 0: 45.90%, 1: 54.10%
CHEMBL1613929 0: 81.25%, 1: 18.75%
CHEMBL1613941 0: 32.58%, 1: 67.42%
CHEMBL1613942 0: 41.43%, 1: 58.57%
CHEMBL1613947 0: 46.01%, 1: 53.99%
CHEMBL1613949 0: 60.13%, 1: 39.87%
CHEMBL1613950 0: 43.05%, 1: 56.95%
CHEMBL1613955 0: 54.04%, 1: 45.96%
CHEMBL1613962 0: 24.26%, 1: 75.74%
CHEMBL1613967 0: 44.59%, 1: 55.41%
CHEMBL1613981 0: 58.85%, 1: 41.15%
CHEMBL1613991 0: 14.98%, 1: 85.02%
CHEMBL1613997 0: 7.73%, 1: 92.27%
CHEMBL1614001 0: 98.28%, 1: 1.72%
CHEMBL1614004 0: 14.66%, 1: 85.34%
CHEMBL1614016 0: 12.22%, 1: 87.78%
CHEMBL1614030 0: 19.96%, 1: 80.04%
CHEMBL1614034 0: 2.63%, 1: 97.37%
CHEMBL1614035 0: 77.14%, 1: 22.86%
CHEMBL1614049 0: 39.63%, 1: 60.37%
CHEMBL1614053 0: 42.48%, 1: 57.52%
CHEMBL1614063 0: 95.18%, 1: 4.82%
CHEMBL1614065 0: 9.71%, 1: 90.29%
CHEMBL1614066 0: 94.74%, 1: 5.26%
CHEMBL1614069 0: 56.82%, 1: 43.18%
CHEMBL1614072 0: 50.36%, 1: 49.64%
CHEMBL1614084 0: 13.26%, 1: 86.74%
CHEMBL1614091 0: 4.43%, 1: 95.57%
CHEMBL1614092 0: 47.50%, 1: 52.50%
CHEMBL1614097 0: 46.99%, 1: 53.01%
CHEMBL1614098 0: 97.25%, 1: 2.75%
CHEMBL1614104 0: 7.74%, 1: 92.26%
CHEMBL1614105 0: 6.12%, 1: 93.88%
CHEMBL1614109 0: 59.87%, 1: 40.13%
CHEMBL1614128 0: 10.35%, 1: 89.65%
CHEMBL1614131 0: 97.14%, 1: 2.86%
CHEMBL1614132 0: 42.07%, 1: 57.93%
CHEMBL1614138 0: 67.83%, 1: 32.17%
CHEMBL1614155 0: 25.40%, 1: 74.60%
CHEMBL1614158 0: 74.52%, 1: 25.48%
CHEMBL1614167 0: 16.17%, 1: 83.83%
CHEMBL1614170 0: 68.86%, 1: 31.14%
CHEMBL1614171 0: 93.77%, 1: 6.23%
CHEMBL1614175 0: 80.66%, 1: 19.34%
CHEMBL1614185 0: 26.17%, 1: 73.83%
CHEMBL1614197 0: 5.26%, 1: 94.74%
CHEMBL1614199 0: 49.66%, 1: 50.34%
CHEMBL1614202 0: 7.32%, 1: 92.68%
CHEMBL1614215 0: 52.76%, 1: 47.24%
CHEMBL1614216 0: 48.52%, 1: 51.48%
CHEMBL1614218 0: 22.36%, 1: 77.64%
CHEMBL1614225 0: 62.50%, 1: 37.50%
CHEMBL1614244 0: 38.85%, 1: 61.15%
CHEMBL1614247 0: 44.34%, 1: 55.66%
CHEMBL1614252 0: 60.11%, 1: 39.89%
CHEMBL1614255 0: 61.26%, 1: 38.74%
CHEMBL1614259 0: 32.82%, 1: 67.18%
CHEMBL1614272 0: 67.71%, 1: 32.29%
CHEMBL1614276 0: 51.74%, 1: 48.26%
CHEMBL1614287 0: 85.53%, 1: 14.47%
CHEMBL1614288 0: 72.51%, 1: 27.49%
CHEMBL1614290 0: 4.51%, 1: 95.49%
CHEMBL1614295 0: 2.29%, 1: 97.71%
CHEMBL1614301 0: 19.74%, 1: 80.26%
CHEMBL1614304 0: 63.76%, 1: 36.24%
CHEMBL1614309 0: 27.66%, 1: 72.34%
CHEMBL1614311 0: 53.76%, 1: 46.24%
CHEMBL1614314 0: 94.70%, 1: 5.30%
CHEMBL1614319 0: 72.16%, 1: 27.84%
CHEMBL1614320 0: 29.79%, 1: 70.21%
CHEMBL1614321 0: 60.16%, 1: 39.84%
CHEMBL1614328 0: 46.64%, 1: 53.36%
CHEMBL1614329 0: 40.69%, 1: 59.31%
CHEMBL1614336 0: 47.01%, 1: 52.99%
CHEMBL1614344 0: 67.72%, 1: 32.28%
CHEMBL1614356 0: 43.90%, 1: 56.10%
CHEMBL1614359 0: 50.26%, 1: 49.74%
CHEMBL1614363 0: 53.19%, 1: 46.81%
CHEMBL1614385 0: 93.27%, 1: 6.73%
CHEMBL1614388 0: 56.19%, 1: 43.81%
CHEMBL1614393 0: 45.00%, 1: 55.00%
CHEMBL1614395 0: 11.32%, 1: 88.68%
CHEMBL1614403 0: 88.15%, 1: 11.85%
CHEMBL1614423 0: 57.84%, 1: 42.16%
CHEMBL1614425 0: 38.24%, 1: 61.76%
CHEMBL1614433 0: 60.77%, 1: 39.23%
CHEMBL1614434 0: 80.25%, 1: 19.75%
CHEMBL1614456 0: 3.36%, 1: 96.64%
CHEMBL1614466 0: 10.32%, 1: 89.68%
CHEMBL1614469 0: 24.90%, 1: 75.10%
CHEMBL1614477 0: 43.75%, 1: 56.25%
CHEMBL1614478 0: 12.50%, 1: 87.50%
CHEMBL1614480 0: 85.71%, 1: 14.29%
CHEMBL1614484 0: 9.01%, 1: 90.99%
CHEMBL1614492 0: 40.54%, 1: 59.46%
CHEMBL1614499 0: 44.47%, 1: 55.53%
CHEMBL1614503 0: 40.30%, 1: 59.70%
CHEMBL1614504 0: 17.80%, 1: 82.20%
CHEMBL1614509 0: 79.43%, 1: 20.57%
CHEMBL1614512 0: 62.79%, 1: 37.21%
CHEMBL1614514 0: 83.07%, 1: 16.93%
CHEMBL1614515 0: 19.61%, 1: 80.39%
CHEMBL1614516 0: 96.81%, 1: 3.19%
CHEMBL1614522 0: 28.55%, 1: 71.45%
CHEMBL1614524 0: 12.98%, 1: 87.02%
CHEMBL1614528 0: 40.91%, 1: 59.09%
CHEMBL1614547 0: 72.51%, 1: 27.49%
CHEMBL1614548 0: 17.95%, 1: 82.05%
CHEMBL1614549 0: 84.25%, 1: 15.75%
CHEMBL1614550 0: 9.30%, 1: 90.70%
CHEMBL1614554 0: 71.64%, 1: 28.36%
CHEMBL1676103 0: 39.85%, 1: 60.15%
CHEMBL1737860 0: 3.60%, 1: 96.40%
CHEMBL1737863 0: 36.27%, 1: 63.73%
CHEMBL1737865 0: 61.01%, 1: 38.99%
CHEMBL1737868 0: 79.41%, 1: 20.59%
CHEMBL1737910 0: 45.71%, 1: 54.29%
CHEMBL1737912 0: 26.51%, 1: 73.49%
CHEMBL1737942 0: 44.52%, 1: 55.48%
CHEMBL1737951 0: 51.83%, 1: 48.17%
CHEMBL1737961 0: 93.34%, 1: 6.66%
CHEMBL1737966 0: 21.36%, 1: 78.64%
CHEMBL1737967 0: 89.17%, 1: 10.83%
CHEMBL1737977 0: 13.87%, 1: 86.13%
CHEMBL1737978 0: 18.18%, 1: 81.82%
CHEMBL1737979 0: 8.94%, 1: 91.06%
CHEMBL1738019 0: 24.85%, 1: 75.15%
CHEMBL1738021 0: 10.87%, 1: 89.13%
CHEMBL1738025 0: 33.80%, 1: 66.20%
CHEMBL1738040 0: 73.48%, 1: 26.52%
CHEMBL1738043 0: 46.43%, 1: 53.57%
CHEMBL1738079 0: 3.88%, 1: 96.12%
CHEMBL1738080 0: 76.43%, 1: 23.57%
CHEMBL1738091 0: 89.77%, 1: 10.23%
CHEMBL1738097 0: 72.41%, 1: 27.59%
CHEMBL1738131 0: 68.59%, 1: 31.41%
CHEMBL1738164 0: 79.79%, 1: 20.21%
CHEMBL1738171 0: 85.45%, 1: 14.55%
CHEMBL1738183 0: 59.62%, 1: 40.38%
CHEMBL1738197 0: 36.90%, 1: 63.10%
CHEMBL1738202 0: 3.47%, 1: 96.53%
CHEMBL1738242 0: 16.55%, 1: 83.45%
CHEMBL1738249 0: 86.53%, 1: 13.47%
CHEMBL1738253 0: 7.33%, 1: 92.67%
CHEMBL1738319 0: 59.17%, 1: 40.83%
CHEMBL1738325 0: 96.86%, 1: 3.14%
CHEMBL1738362 0: 21.43%, 1: 78.57%
CHEMBL1738369 0: 56.34%, 1: 43.66%
CHEMBL1738371 0: 81.97%, 1: 18.03%
CHEMBL1738391 0: 68.38%, 1: 31.62%
CHEMBL1738400 0: 77.86%, 1: 22.14%
CHEMBL1738402 0: 54.19%, 1: 45.81%
CHEMBL1738407 0: 85.58%, 1: 14.42%
CHEMBL1738408 0: 2.18%, 1: 97.82%
CHEMBL1738414 0: 5.11%, 1: 94.89%
CHEMBL1738418 0: 68.85%, 1: 31.15%
CHEMBL1738422 0: 4.29%, 1: 95.71%
CHEMBL1738424 0: 77.50%, 1: 22.50%
CHEMBL1738430 0: 25.54%, 1: 74.46%
CHEMBL1738438 0: 2.76%, 1: 97.24%
CHEMBL1738482 0: 7.69%, 1: 92.31%
CHEMBL1738485 0: 17.65%, 1: 82.35%
CHEMBL1738494 0: 97.26%, 1: 2.74%
CHEMBL1738495 0: 1.70%, 1: 98.30%
CHEMBL1738497 0: 64.50%, 1: 35.50%
CHEMBL1738502 0: 15.20%, 1: 84.80%
CHEMBL1738510 0: 54.41%, 1: 45.59%
CHEMBL1738512 0: 3.05%, 1: 96.95%
CHEMBL1738513 0: 28.64%, 1: 71.36%
CHEMBL1738552 0: 64.70%, 1: 35.30%
CHEMBL1738575 0: 65.65%, 1: 34.35%
CHEMBL1738578 0: 23.30%, 1: 76.70%
CHEMBL1738579 0: 22.79%, 1: 77.21%
CHEMBL1738593 0: 17.65%, 1: 82.35%
CHEMBL1738599 0: 16.07%, 1: 83.93%
CHEMBL1738602 0: 42.70%, 1: 57.30%
CHEMBL1738610 0: 42.07%, 1: 57.93%
CHEMBL1738611 0: 2.23%, 1: 97.77%
CHEMBL1738632 0: 86.32%, 1: 13.68%
CHEMBL1738633 0: 4.05%, 1: 95.95%
CHEMBL1738639 0: 64.47%, 1: 35.53%
CHEMBL1738642 0: 34.82%, 1: 65.18%
CHEMBL1738670 0: 9.18%, 1: 90.82%
CHEMBL1738673 0: 12.98%, 1: 87.02%
CHEMBL1738679 0: 63.95%, 1: 36.05%
CHEMBL1738682 0: 62.45%, 1: 37.55%
CHEMBL1794296 0: 44.02%, 1: 55.98%
CHEMBL1794303 0: 2.71%, 1: 97.29%
CHEMBL1794320 0: 96.68%, 1: 3.32%
CHEMBL1794327 0: 91.59%, 1: 8.41%
CHEMBL1794336 0: 53.07%, 1: 46.93%
CHEMBL1794350 0: 3.44%, 1: 96.56%
CHEMBL1794355 0: 5.26%, 1: 94.74%
CHEMBL1794356 0: 13.92%, 1: 86.08%
CHEMBL1794358 0: 94.14%, 1: 5.86%
CHEMBL1794365 0: 7.12%, 1: 92.88%
CHEMBL1794383 0: 6.90%, 1: 93.10%
CHEMBL1794387 0: 65.04%, 1: 34.96%
CHEMBL1794393 0: 67.55%, 1: 32.45%
CHEMBL1794396 0: 3.96%, 1: 96.04%
CHEMBL1794410 0: 23.98%, 1: 76.02%
CHEMBL1794413 0: 6.02%, 1: 93.98%
CHEMBL1794438 0: 40.17%, 1: 59.83%
CHEMBL1794445 0: 87.84%, 1: 12.16%
CHEMBL1794452 0: 94.30%, 1: 5.70%
CHEMBL1794457 0: 92.98%, 1: 7.02%
CHEMBL1794460 0: 28.63%, 1: 71.37%
CHEMBL1794467 0: 18.39%, 1: 81.61%
CHEMBL1794475 0: 56.02%, 1: 43.98%
CHEMBL1794484 0: 44.93%, 1: 55.07%
CHEMBL1794494 0: 5.33%, 1: 94.67%
CHEMBL1794497 0: 8.47%, 1: 91.53%
CHEMBL1794499 0: 73.90%, 1: 26.10%
CHEMBL1794508 0: 94.63%, 1: 5.37%
CHEMBL1794516 0: 3.21%, 1: 96.79%
CHEMBL1794522 0: 58.65%, 1: 41.35%
CHEMBL1794528 0: 79.86%, 1: 20.14%
CHEMBL1794531 0: 92.03%, 1: 7.97%
CHEMBL1794548 0: 88.74%, 1: 11.26%
CHEMBL1794566 0: 6.05%, 1: 93.95%
CHEMBL1794567 0: 9.61%, 1: 90.39%
CHEMBL1794570 0: 92.79%, 1: 7.21%
CHEMBL1794571 0: 53.55%, 1: 46.45%
CHEMBL1794573 0: 10.54%, 1: 89.46%
CHEMBL1794574 0: 1.09%, 1: 98.91%
CHEMBL1794578 0: 46.99%, 1: 53.01%
CHEMBL1794581 0: 19.65%, 1: 80.35%
CHEMBL1863510 0: 2.14%, 1: 97.86%
CHEMBL1863512 0: 2.79%, 1: 97.21%
CHEMBL1909084 0: 99.28%, 1: 0.72%
CHEMBL1909085 0: 92.10%, 1: 7.90%
CHEMBL1909086 0: 91.52%, 1: 8.48%
CHEMBL1909087 0: 91.86%, 1: 8.14%
CHEMBL1909088 0: 87.97%, 1: 12.03%
CHEMBL1909089 0: 88.69%, 1: 11.31%
CHEMBL1909090 0: 90.81%, 1: 9.19%
CHEMBL1909091 0: 97.24%, 1: 2.76%
CHEMBL1909092 0: 97.14%, 1: 2.86%
