wandb: Tracking run with wandb version 0.9.3
wandb: Run data is saved locally in wandb/run-20200720_010521-3sejziou
wandb: Syncing run vanilla_chemprop_1024_less
wandb: ⭐️ View project at https://app.wandb.ai/apappu97/molecule-metalearning-chemprop
wandb: 🚀 View run at https://app.wandb.ai/apappu97/molecule-metalearning-chemprop/runs/3sejziou
wandb: Run `wandb off` to turn off syncing.

Fold 0
Command line
python chemprop/train.py --data_path filtered_chembl/chembl_less_1024_more_128_645_tasks.csv --dataset_type classification --split_type scaffold_balanced --num_folds 2 --epochs 30 --batch_size 32 --results_save_dir results/initial_hyperparameter_tuning/ --experiment_name vanilla_chemprop_1024_less
Args
{'ANIL': False,
 'FO_MAML': False,
 'activation': 'ReLU',
 'atom_messages': False,
 'batch_size': 32,
 'bias': False,
 'cache_cutoff': 10000,
 'checkpoint_dir': None,
 'checkpoint_path': None,
 'checkpoint_paths': None,
 'chembl_assay_metadata_pickle_path': None,
 'class_balance': False,
 'config_path': None,
 'crossval_index_dir': None,
 'crossval_index_file': None,
 'crossval_index_sets': None,
 'data_path': 'filtered_chembl/chembl_less_1024_more_128_645_tasks.csv',
 'dataset_type': 'classification',
 'depth': 3,
 'dropout': 0.0,
 'dummy': False,
 'ensemble_size': 1,
 'epochs': 30,
 'experiment_name': 'vanilla_chemprop_1024_less',
 'features_generator': None,
 'features_only': False,
 'features_path': None,
 'features_size': None,
 'ffn_hidden_size': 300,
 'ffn_num_layers': 2,
 'final_lr': 0.0001,
 'folds_file': None,
 'gpu': None,
 'hidden_size': 300,
 'init_lr': 0.0001,
 'inner_loop_lr': 0.05,
 'log_frequency': 10,
 'max_data_size': None,
 'max_lr': 0.001,
 'meta_batch_size': 3,
 'meta_learning': False,
 'meta_test_split_sizes': (0.8, 0.1, 0.1),
 'meta_train_split_sizes': (0.8, 0.2, 0),
 'metric': 'auc',
 'minimize_score': False,
 'multiclass_num_classes': 3,
 'no_cuda': False,
 'no_features_scaling': False,
 'num_folds': 2,
 'num_inner_gradient_steps': 2,
 'num_lrs': 1,
 'num_tasks': None,
 'num_workers': 8,
 'outer_loop_lr': 0.003,
 'pytorch_seed': 0,
 'quiet': False,
 'results_save_dir': 'results/initial_hyperparameter_tuning/',
 'save_dir': '/tmp/2273205.1.gpu.q/tmpc4lagmp3/fold_0',
 'save_smiles_splits': False,
 'seed': 0,
 'separate_test_features_path': None,
 'separate_test_path': None,
 'separate_val_features_path': None,
 'separate_val_path': None,
 'show_individual_scores': False,
 'smiles_column': None,
 'split_sizes': (0.8, 0.1, 0.1),
 'split_type': 'scaffold_balanced',
 'target_columns': None,
 'task_names': None,
 'test': False,
 'test_fold_index': None,
 'train_data_size': None,
 'undirected': False,
 'use_input_features': False,
 'val_fold_index': None,
 'warmup_epochs': 2.0}
Loading data
0it [00:00, ?it/s]395it [00:00, 3941.20it/s]790it [00:00, 3943.71it/s]1237it [00:00, 4086.68it/s]1699it [00:00, 4195.98it/s]2187it [00:00, 4379.69it/s]2640it [00:00, 4422.66it/s]3106it [00:00, 4490.98it/s]3599it [00:00, 4613.37it/s]4093it [00:00, 4705.01it/s]4550it [00:01, 3977.76it/s]5036it [00:01, 4206.46it/s]5467it [00:01, 3886.45it/s]5868it [00:01, 3894.27it/s]6266it [00:01, 3841.88it/s]6659it [00:01, 3867.44it/s]7052it [00:01, 3883.42it/s]7467it [00:01, 3958.10it/s]7981it [00:01, 4249.65it/s]8414it [00:02, 3761.07it/s]8949it [00:02, 4128.85it/s]9453it [00:02, 4364.10it/s]9980it [00:02, 4599.54it/s]10489it [00:02, 4735.02it/s]11020it [00:02, 4891.33it/s]11528it [00:02, 4944.57it/s]12062it [00:02, 5056.12it/s]12574it [00:02, 4342.81it/s]13109it [00:03, 4600.96it/s]13628it [00:03, 4760.94it/s]14166it [00:03, 4930.20it/s]14686it [00:03, 5007.88it/s]15196it [00:03, 5002.98it/s]15703it [00:03, 4966.88it/s]16244it [00:03, 5090.83it/s]16757it [00:03, 4312.39it/s]17212it [00:04, 2063.03it/s]17558it [00:04, 2132.26it/s]17998it [00:04, 2522.07it/s]18534it [00:04, 2998.20it/s]19085it [00:04, 3472.22it/s]19622it [00:04, 3882.88it/s]20166it [00:04, 4247.44it/s]20699it [00:05, 4522.55it/s]21227it [00:05, 4724.39it/s]21741it [00:05, 4318.48it/s]22274it [00:05, 4562.51it/s]22790it [00:05, 4726.62it/s]23311it [00:05, 4861.48it/s]23834it [00:05, 4966.04it/s]24364it [00:05, 5056.46it/s]24912it [00:05, 5175.21it/s]25437it [00:06, 4590.17it/s]25987it [00:06, 4828.21it/s]26517it [00:06, 4958.98it/s]27066it [00:06, 5106.27it/s]27595it [00:06, 5158.39it/s]28142it [00:06, 5247.38it/s]28673it [00:06, 5263.74it/s]29219it [00:06, 5318.66it/s]29754it [00:06, 4684.12it/s]30287it [00:06, 4859.40it/s]30840it [00:07, 5042.79it/s]31374it [00:07, 5126.66it/s]31928it [00:07, 5241.73it/s]32459it [00:07, 5260.17it/s]33000it [00:07, 5302.27it/s]33534it [00:07, 5223.39it/s]34059it [00:07, 4608.27it/s]34584it [00:07, 4782.35it/s]35127it [00:07, 4959.59it/s]35653it [00:07, 5044.75it/s]36200it [00:08, 5164.11it/s]36729it [00:08, 5198.56it/s]37256it [00:08, 5219.42it/s]37798it [00:08, 5276.44it/s]38328it [00:08, 4642.55it/s]38871it [00:08, 4853.45it/s]39399it [00:08, 4973.15it/s]39943it [00:08, 5103.22it/s]40462it [00:08, 5057.51it/s]41004it [00:09, 5159.59it/s]41527it [00:09, 5179.89it/s]42073it [00:09, 5260.64it/s]42602it [00:09, 4623.92it/s]43136it [00:09, 4817.05it/s]43631it [00:09, 4793.35it/s]44127it [00:09, 4841.18it/s]44618it [00:09, 4791.88it/s]45102it [00:09, 4778.33it/s]45628it [00:10, 4885.87it/s]46182it [00:10, 5063.84it/s]46693it [00:10, 4410.18it/s]47167it [00:10, 4501.62it/s]47673it [00:10, 4654.63it/s]48177it [00:10, 4761.95it/s]48716it [00:10, 4933.78it/s]49239it [00:10, 5017.99it/s]49758it [00:10, 5066.47it/s]50269it [00:10, 4611.94it/s]50741it [00:11, 3539.65it/s]51141it [00:11, 3633.87it/s]51540it [00:11, 3732.64it/s]51937it [00:11, 3748.22it/s]52336it [00:11, 3815.04it/s]52734it [00:11, 3862.64it/s]53129it [00:11, 3868.65it/s]53645it [00:11, 4182.15it/s]54149it [00:12, 4405.19it/s]54675it [00:12, 4629.61it/s]55149it [00:12, 4058.09it/s]55670it [00:12, 4346.24it/s]56190it [00:12, 4571.04it/s]56735it [00:12, 4801.51it/s]57267it [00:12, 4945.65it/s]57819it [00:12, 5102.78it/s]58352it [00:12, 5167.65it/s]58886it [00:13, 4596.27it/s]59438it [00:13, 4837.37it/s]59960it [00:13, 4944.08it/s]60510it [00:13, 5098.61it/s]61041it [00:13, 5158.05it/s]61591it [00:13, 5255.14it/s]61865it [00:13, 4561.60it/s]
  0% 0/61865 [00:00<?, ?it/s]  3% 1582/61865 [00:00<00:37, 1600.19it/s] 78% 48195/61865 [00:01<00:06, 2254.60it/s]100% 61865/61865 [00:01<00:00, 31586.24it/s]
  0% 0/61865 [00:00<?, ?it/s]  1% 483/61865 [00:00<00:12, 4823.82it/s]  2% 976/61865 [00:00<00:12, 4852.29it/s]  2% 1420/61865 [00:00<00:12, 4720.58it/s]  3% 1861/61865 [00:00<00:12, 4619.92it/s]  4% 2283/61865 [00:00<00:13, 4489.99it/s]  4% 2712/61865 [00:00<00:13, 4406.77it/s]  5% 3220/61865 [00:00<00:12, 4588.32it/s]  6% 3676/61865 [00:00<00:12, 4578.17it/s]  7% 4109/61865 [00:00<00:12, 4474.25it/s]  7% 4594/61865 [00:01<00:12, 4576.99it/s]  8% 5041/61865 [00:01<00:12, 4522.75it/s]  9% 5486/61865 [00:01<00:12, 4381.67it/s] 10% 5920/61865 [00:01<00:13, 4296.31it/s] 10% 6347/61865 [00:01<00:13, 4254.42it/s] 11% 6771/61865 [00:01<00:13, 4217.24it/s] 12% 7193/61865 [00:01<00:12, 4217.14it/s] 12% 7614/61865 [00:01<00:13, 4063.64it/s] 13% 8040/61865 [00:01<00:13, 4120.15it/s] 14% 8453/61865 [00:01<00:13, 4052.85it/s] 14% 8893/61865 [00:02<00:12, 4149.00it/s] 15% 9311/61865 [00:02<00:12, 4155.94it/s] 16% 9728/61865 [00:02<00:14, 3491.71it/s] 16% 10096/61865 [00:02<00:14, 3464.41it/s] 17% 10503/61865 [00:02<00:14, 3624.23it/s] 18% 10913/61865 [00:02<00:13, 3752.14it/s] 18% 11345/61865 [00:02<00:12, 3905.52it/s] 19% 11767/61865 [00:02<00:12, 3991.79it/s] 20% 12200/61865 [00:02<00:12, 4085.59it/s] 20% 12625/61865 [00:03<00:11, 4133.30it/s] 21% 13051/61865 [00:03<00:11, 4167.68it/s] 22% 13491/61865 [00:03<00:11, 4233.02it/s] 22% 13918/61865 [00:03<00:11, 4239.95it/s] 23% 14344/61865 [00:03<00:11, 4189.48it/s] 24% 14765/61865 [00:03<00:11, 4144.51it/s] 25% 15185/61865 [00:03<00:11, 4158.09it/s] 25% 15607/61865 [00:03<00:11, 4175.32it/s] 26% 16033/61865 [00:03<00:10, 4199.18it/s] 27% 16454/61865 [00:03<00:10, 4185.52it/s] 27% 16898/61865 [00:04<00:10, 4251.37it/s] 28% 17332/61865 [00:04<00:10, 4276.85it/s] 29% 17762/61865 [00:04<00:10, 4282.80it/s] 29% 18191/61865 [00:04<00:10, 4239.87it/s] 30% 18616/61865 [00:04<00:10, 4206.19it/s] 31% 19037/61865 [00:04<00:10, 4160.39it/s] 31% 19462/61865 [00:04<00:10, 4185.66it/s] 32% 19902/61865 [00:04<00:09, 4246.25it/s] 33% 20328/61865 [00:04<00:09, 4202.04it/s] 34% 20756/61865 [00:04<00:09, 4224.83it/s] 34% 21181/61865 [00:05<00:09, 4230.64it/s] 35% 21605/61865 [00:05<00:09, 4219.10it/s] 36% 22041/61865 [00:05<00:09, 4257.10it/s] 36% 22479/61865 [00:05<00:09, 4292.47it/s] 37% 22920/61865 [00:05<00:09, 4323.41it/s] 38% 23354/61865 [00:05<00:08, 4327.59it/s] 38% 23792/61865 [00:05<00:08, 4343.10it/s] 39% 24233/61865 [00:05<00:08, 4361.69it/s] 40% 24670/61865 [00:05<00:08, 4354.32it/s] 41% 25106/61865 [00:05<00:08, 4320.29it/s] 41% 25539/61865 [00:06<00:08, 4319.24it/s] 42% 25972/61865 [00:06<00:08, 4280.66it/s] 43% 26402/61865 [00:06<00:08, 4284.31it/s] 43% 26831/61865 [00:06<00:08, 4275.73it/s] 44% 27259/61865 [00:06<00:08, 4199.32it/s] 45% 27682/61865 [00:06<00:08, 4207.02it/s] 45% 28110/61865 [00:06<00:07, 4226.30it/s] 46% 28533/61865 [00:06<00:07, 4219.92it/s] 47% 28956/61865 [00:06<00:07, 4189.25it/s] 48% 29386/61865 [00:06<00:07, 4217.86it/s] 48% 29826/61865 [00:07<00:07, 4269.75it/s] 49% 30257/61865 [00:07<00:07, 4281.02it/s] 50% 30693/61865 [00:07<00:07, 4302.88it/s] 50% 31124/61865 [00:07<00:07, 4299.23it/s] 51% 31559/61865 [00:07<00:07, 4311.37it/s] 52% 32000/61865 [00:07<00:06, 4340.44it/s] 52% 32435/61865 [00:07<00:06, 4296.83it/s] 53% 32865/61865 [00:07<00:06, 4268.37it/s] 54% 33293/61865 [00:07<00:06, 4254.42it/s] 55% 33719/61865 [00:07<00:06, 4181.36it/s] 55% 34138/61865 [00:08<00:06, 4181.28it/s] 56% 34570/61865 [00:08<00:06, 4220.41it/s] 57% 34993/61865 [00:08<00:06, 4208.09it/s] 57% 35415/61865 [00:08<00:06, 4186.37it/s] 58% 35834/61865 [00:08<00:06, 4123.15it/s] 59% 36247/61865 [00:08<00:06, 4087.64it/s] 59% 36673/61865 [00:08<00:06, 4135.35it/s] 60% 37119/61865 [00:08<00:05, 4224.70it/s] 61% 37543/61865 [00:08<00:06, 4029.82it/s] 61% 37949/61865 [00:09<00:06, 3892.51it/s] 62% 38387/61865 [00:09<00:05, 4023.26it/s] 63% 38816/61865 [00:09<00:05, 4097.19it/s] 63% 39253/61865 [00:09<00:05, 4173.42it/s] 64% 39692/61865 [00:09<00:05, 4234.97it/s] 65% 40123/61865 [00:09<00:05, 4255.12it/s] 66% 40550/61865 [00:09<00:05, 4245.83it/s] 66% 40976/61865 [00:09<00:04, 4244.14it/s] 67% 41417/61865 [00:09<00:04, 4290.17it/s] 68% 41847/61865 [00:09<00:04, 4291.16it/s] 68% 42277/61865 [00:10<00:04, 4282.60it/s] 69% 42706/61865 [00:10<00:04, 4231.18it/s] 70% 43146/61865 [00:10<00:04, 4279.20it/s] 70% 43580/61865 [00:10<00:04, 4296.85it/s] 71% 44011/61865 [00:10<00:04, 4299.52it/s] 72% 44442/61865 [00:10<00:04, 4228.68it/s] 73% 44866/61865 [00:10<00:04, 4200.27it/s] 73% 45287/61865 [00:10<00:04, 3872.96it/s] 74% 45680/61865 [00:10<00:04, 3551.20it/s] 74% 46045/61865 [00:11<00:04, 3404.54it/s] 75% 46407/61865 [00:11<00:04, 3466.03it/s] 76% 46769/61865 [00:11<00:04, 3509.84it/s] 76% 47151/61865 [00:11<00:04, 3596.42it/s] 77% 47537/61865 [00:11<00:03, 3670.35it/s] 77% 47911/61865 [00:11<00:03, 3688.93it/s] 78% 48294/61865 [00:11<00:03, 3729.85it/s] 79% 48669/61865 [00:11<00:03, 3720.71it/s] 79% 49044/61865 [00:11<00:03, 3728.06it/s] 80% 49424/61865 [00:11<00:03, 3748.62it/s] 80% 49800/61865 [00:12<00:03, 3745.36it/s] 81% 50175/61865 [00:12<00:03, 3705.66it/s] 82% 50546/61865 [00:12<00:03, 3688.44it/s] 82% 50916/61865 [00:12<00:02, 3675.94it/s] 83% 51284/61865 [00:12<00:02, 3667.12it/s] 83% 51651/61865 [00:12<00:02, 3644.61it/s] 84% 52016/61865 [00:12<00:02, 3626.78it/s] 85% 52385/61865 [00:12<00:02, 3644.35it/s] 85% 52750/61865 [00:12<00:02, 3592.93it/s] 86% 53110/61865 [00:12<00:02, 3578.56it/s] 86% 53469/61865 [00:13<00:02, 3494.59it/s] 87% 53820/61865 [00:13<00:02, 3496.35it/s] 88% 54171/61865 [00:13<00:02, 3439.93it/s] 88% 54516/61865 [00:13<00:02, 3433.68it/s] 89% 54860/61865 [00:13<00:02, 3403.66it/s] 89% 55201/61865 [00:13<00:01, 3336.72it/s] 90% 55536/61865 [00:13<00:01, 3210.83it/s] 90% 55878/61865 [00:13<00:01, 3268.69it/s] 91% 56226/61865 [00:13<00:01, 3325.85it/s] 91% 56563/61865 [00:13<00:01, 3338.19it/s] 92% 56898/61865 [00:14<00:01, 2850.32it/s] 92% 57196/61865 [00:14<00:01, 2478.28it/s] 93% 57462/61865 [00:14<00:01, 2374.34it/s] 93% 57713/61865 [00:14<00:01, 2155.53it/s] 94% 57942/61865 [00:14<00:01, 2114.42it/s] 94% 58163/61865 [00:14<00:01, 2074.09it/s] 94% 58378/61865 [00:14<00:01, 2080.90it/s] 95% 58615/61865 [00:14<00:01, 2157.37it/s] 95% 58962/61865 [00:15<00:01, 2433.22it/s] 96% 59407/61865 [00:15<00:00, 2815.48it/s] 97% 59822/61865 [00:15<00:00, 3114.62it/s] 97% 60166/61865 [00:15<00:00, 3203.58it/s] 98% 60590/61865 [00:15<00:00, 3456.21it/s] 99% 61037/61865 [00:15<00:00, 3707.65it/s] 99% 61482/61865 [00:15<00:00, 3902.44it/s]100% 61865/61865 [00:15<00:00, 3922.85it/s]
Number of tasks = 645
Splitting data with seed 0
  0% 0/61865 [00:00<?, ?it/s]  1% 471/61865 [00:00<00:13, 4705.35it/s]  2% 947/61865 [00:00<00:12, 4719.17it/s]  2% 1384/61865 [00:00<00:13, 4606.91it/s]  3% 1810/61865 [00:00<00:13, 4492.84it/s]  4% 2218/61865 [00:00<00:13, 4358.58it/s]  4% 2652/61865 [00:00<00:13, 4351.77it/s]  5% 3085/61865 [00:00<00:13, 4345.09it/s]  6% 3559/61865 [00:00<00:13, 4455.36it/s]  6% 3979/61865 [00:00<00:13, 4180.53it/s]  7% 4383/61865 [00:01<00:14, 4038.67it/s]  8% 4799/61865 [00:01<00:14, 4072.87it/s]  8% 5200/61865 [00:01<00:14, 3974.26it/s]  9% 5594/61865 [00:01<00:14, 3823.47it/s] 10% 5975/61865 [00:01<00:14, 3806.79it/s] 10% 6355/61865 [00:01<00:14, 3767.34it/s] 11% 6732/61865 [00:01<00:14, 3754.85it/s] 12% 7128/61865 [00:01<00:14, 3812.89it/s] 12% 7510/61865 [00:01<00:14, 3752.79it/s] 13% 7890/61865 [00:01<00:14, 3765.35it/s] 13% 8267/61865 [00:02<00:15, 3539.81it/s] 14% 8624/61865 [00:02<00:15, 3383.40it/s] 15% 9025/61865 [00:02<00:14, 3547.34it/s] 15% 9418/61865 [00:02<00:14, 3652.15it/s] 16% 9798/61865 [00:02<00:14, 3694.57it/s] 16% 10191/61865 [00:02<00:13, 3761.65it/s] 17% 10573/61865 [00:02<00:13, 3776.13it/s] 18% 10953/61865 [00:02<00:13, 3748.74it/s] 18% 11351/61865 [00:02<00:13, 3812.26it/s] 19% 11734/61865 [00:03<00:13, 3720.95it/s] 20% 12108/61865 [00:03<00:13, 3720.89it/s] 20% 12500/61865 [00:03<00:13, 3777.69it/s] 21% 12902/61865 [00:03<00:12, 3845.81it/s] 22% 13304/61865 [00:03<00:12, 3895.36it/s] 22% 13706/61865 [00:03<00:12, 3928.87it/s] 23% 14100/61865 [00:03<00:12, 3910.09it/s] 23% 14492/61865 [00:03<00:12, 3873.68it/s] 24% 14880/61865 [00:03<00:12, 3805.52it/s] 25% 15277/61865 [00:03<00:12, 3850.60it/s] 25% 15663/61865 [00:04<00:12, 3797.52it/s] 26% 16044/61865 [00:04<00:12, 3774.05it/s] 27% 16432/61865 [00:04<00:11, 3802.99it/s] 27% 16849/61865 [00:04<00:11, 3903.87it/s] 28% 17250/61865 [00:04<00:11, 3932.16it/s] 29% 17651/61865 [00:04<00:11, 3953.58it/s] 29% 18067/61865 [00:04<00:10, 4012.00it/s] 30% 18469/61865 [00:04<00:11, 3937.10it/s] 30% 18864/61865 [00:04<00:11, 3856.74it/s] 31% 19258/61865 [00:04<00:10, 3879.84it/s] 32% 19647/61865 [00:05<00:11, 3819.14it/s] 32% 20030/61865 [00:05<00:12, 3248.61it/s] 33% 20385/61865 [00:05<00:12, 3333.26it/s] 34% 20786/61865 [00:05<00:11, 3508.41it/s] 34% 21169/61865 [00:05<00:11, 3597.44it/s] 35% 21543/61865 [00:05<00:11, 3636.14it/s] 35% 21955/61865 [00:05<00:10, 3766.37it/s] 36% 22361/61865 [00:05<00:10, 3848.15it/s] 37% 22780/61865 [00:05<00:09, 3944.67it/s] 37% 23192/61865 [00:06<00:09, 3994.23it/s] 38% 23603/61865 [00:06<00:09, 4027.86it/s] 39% 24022/61865 [00:06<00:09, 4072.34it/s] 39% 24434/61865 [00:06<00:09, 4085.33it/s] 40% 24844/61865 [00:06<00:09, 4085.88it/s] 41% 25254/61865 [00:06<00:08, 4074.68it/s] 41% 25662/61865 [00:06<00:08, 4054.85it/s] 42% 26068/61865 [00:06<00:08, 4020.03it/s] 43% 26471/61865 [00:06<00:08, 4021.58it/s] 43% 26882/61865 [00:06<00:08, 4047.50it/s] 44% 27289/61865 [00:07<00:08, 4054.13it/s] 45% 27695/61865 [00:07<00:08, 4034.10it/s] 45% 28099/61865 [00:07<00:08, 3982.70it/s] 46% 28498/61865 [00:07<00:08, 3957.71it/s] 47% 28894/61865 [00:07<00:08, 3940.39it/s] 47% 29295/61865 [00:07<00:08, 3959.33it/s] 48% 29708/61865 [00:07<00:08, 4005.67it/s] 49% 30109/61865 [00:07<00:08, 3541.48it/s] 49% 30474/61865 [00:07<00:08, 3510.90it/s] 50% 30851/61865 [00:07<00:08, 3584.39it/s] 50% 31227/61865 [00:08<00:08, 3633.72it/s] 51% 31595/61865 [00:08<00:08, 3641.69it/s] 52% 31973/61865 [00:08<00:08, 3679.50it/s] 52% 32343/61865 [00:08<00:08, 3639.44it/s] 53% 32717/61865 [00:08<00:07, 3666.22it/s] 53% 33088/61865 [00:08<00:07, 3677.70it/s] 54% 33476/61865 [00:08<00:07, 3734.50it/s] 55% 33856/61865 [00:08<00:07, 3753.78it/s] 55% 34234/61865 [00:08<00:07, 3760.21it/s] 56% 34624/61865 [00:08<00:07, 3800.39it/s] 57% 35005/61865 [00:09<00:07, 3727.92it/s] 57% 35379/61865 [00:09<00:07, 3647.42it/s] 58% 35745/61865 [00:09<00:07, 3602.43it/s] 58% 36111/61865 [00:09<00:07, 3619.07it/s] 59% 36475/61865 [00:09<00:07, 3622.96it/s] 60% 36852/61865 [00:09<00:06, 3664.15it/s] 60% 37234/61865 [00:09<00:06, 3708.62it/s] 61% 37635/61865 [00:09<00:06, 3791.77it/s] 61% 38015/61865 [00:09<00:07, 3342.87it/s] 62% 38408/61865 [00:10<00:06, 3497.74it/s] 63% 38792/61865 [00:10<00:06, 3593.44it/s] 63% 39178/61865 [00:10<00:06, 3668.31it/s] 64% 39579/61865 [00:10<00:05, 3761.91it/s] 65% 39970/61865 [00:10<00:05, 3803.29it/s] 65% 40355/61865 [00:10<00:05, 3814.37it/s] 66% 40739/61865 [00:10<00:05, 3791.23it/s] 66% 41127/61865 [00:10<00:05, 3816.24it/s] 67% 41510/61865 [00:10<00:05, 3781.51it/s] 68% 41899/61865 [00:10<00:05, 3812.07it/s] 68% 42282/61865 [00:11<00:05, 3815.23it/s] 69% 42664/61865 [00:11<00:05, 3740.84it/s] 70% 43049/61865 [00:11<00:04, 3770.80it/s] 70% 43427/61865 [00:11<00:04, 3756.69it/s] 71% 43818/61865 [00:11<00:04, 3799.72it/s] 71% 44208/61865 [00:11<00:04, 3826.11it/s] 72% 44598/61865 [00:11<00:04, 3846.96it/s] 73% 44990/61865 [00:11<00:04, 3864.82it/s] 73% 45377/61865 [00:11<00:04, 3418.49it/s] 74% 45729/61865 [00:12<00:05, 2940.94it/s] 74% 46042/61865 [00:12<00:05, 2910.13it/s] 75% 46420/61865 [00:12<00:04, 3124.59it/s] 76% 46798/61865 [00:12<00:04, 3295.18it/s] 76% 47195/61865 [00:12<00:04, 3471.50it/s] 77% 47580/61865 [00:12<00:03, 3575.29it/s] 78% 47946/61865 [00:12<00:03, 3564.18it/s] 78% 48316/61865 [00:12<00:03, 3600.68it/s] 79% 48681/61865 [00:12<00:03, 3598.17it/s] 79% 49044/61865 [00:12<00:03, 3602.10it/s] 80% 49407/61865 [00:13<00:03, 3599.71it/s] 80% 49769/61865 [00:13<00:03, 3589.41it/s] 81% 50129/61865 [00:13<00:03, 3489.58it/s] 82% 50480/61865 [00:13<00:03, 3485.59it/s] 82% 50830/61865 [00:13<00:03, 3489.64it/s] 83% 51180/61865 [00:13<00:03, 3431.13it/s] 83% 51525/61865 [00:13<00:03, 3435.20it/s] 84% 51869/61865 [00:13<00:02, 3388.96it/s] 84% 52224/61865 [00:13<00:02, 3434.80it/s] 85% 52568/61865 [00:14<00:02, 3357.47it/s] 86% 52923/61865 [00:14<00:02, 3398.81it/s] 86% 53264/61865 [00:14<00:02, 3118.65it/s] 87% 53643/61865 [00:14<00:02, 3292.63it/s] 87% 53979/61865 [00:14<00:02, 3310.65it/s] 88% 54319/61865 [00:14<00:02, 3336.18it/s] 88% 54697/61865 [00:14<00:02, 3454.91it/s] 89% 55048/61865 [00:14<00:01, 3470.75it/s] 90% 55398/61865 [00:14<00:01, 3236.16it/s] 90% 55745/61865 [00:14<00:01, 3302.36it/s] 91% 56099/61865 [00:15<00:01, 3369.37it/s] 91% 56479/61865 [00:15<00:01, 3485.78it/s] 92% 56831/61865 [00:15<00:01, 3266.53it/s] 92% 57163/61865 [00:15<00:01, 3110.65it/s] 93% 57480/61865 [00:15<00:01, 2712.77it/s] 93% 57764/61865 [00:15<00:01, 2513.65it/s] 94% 58028/61865 [00:15<00:01, 2363.51it/s] 94% 58275/61865 [00:15<00:01, 2267.87it/s] 95% 58510/61865 [00:16<00:01, 2241.95it/s] 95% 58863/61865 [00:16<00:01, 2516.37it/s] 96% 59288/61865 [00:16<00:00, 2866.39it/s] 97% 59706/61865 [00:16<00:00, 3163.86it/s] 97% 60051/61865 [00:16<00:00, 3077.39it/s] 98% 60413/61865 [00:16<00:00, 3221.43it/s] 98% 60835/61865 [00:16<00:00, 3465.94it/s] 99% 61262/61865 [00:16<00:00, 3673.40it/s]100% 61678/61865 [00:16<00:00, 3806.72it/s]100% 61865/61865 [00:16<00:00, 3657.10it/s]
Total scaffolds = 30,615 | train scaffolds = 24,639 | val scaffolds = 3,133 | test scaffolds = 2,843
/home/apappu/thesis/molecule-metalearning/chemprop/chemprop/data/scaffold.py:152: RuntimeWarning: Mean of empty slice
  target_avgs.append(np.nanmean(targets, axis=0))
Label averages per scaffold, in decreasing order of scaffold frequency,capped at 10 scaffolds and 20 labels: [(array([nan, nan, nan, nan, nan, nan, nan, nan, nan, nan, nan, nan, nan,
       nan, nan, nan, nan, nan, nan, nan]), array([0, 0, 0, 0, 0, 0, 0, 0, 0, 0, 0, 0, 0, 0, 0, 0, 0, 0, 0, 0])), (array([nan, nan, nan, nan, nan, nan, nan, nan, nan, nan, nan, nan, nan,
       nan, nan, 0.5, nan, nan, nan, nan]), array([0, 0, 0, 0, 0, 0, 0, 0, 0, 0, 0, 0, 0, 0, 0, 2, 0, 0, 0, 0])), (array([nan, nan, nan, nan, nan, nan, nan, nan, nan, nan, nan, nan, nan,
       nan, nan, nan, nan, nan, nan, nan]), array([0, 0, 0, 0, 0, 0, 0, 0, 0, 0, 0, 0, 0, 0, 0, 0, 0, 0, 0, 0])), (array([nan, nan, nan, nan, nan, nan, nan, nan, nan, nan, nan, nan, nan,
       nan, nan, nan, nan, nan, nan, nan]), array([0, 0, 0, 0, 0, 0, 0, 0, 0, 0, 0, 0, 0, 0, 0, 0, 0, 0, 0, 0])), (array([nan, nan, nan, nan, nan, nan, nan, nan, nan, nan, nan, nan, nan,
       nan, nan, nan, nan, nan, nan, nan]), array([0, 0, 0, 0, 0, 0, 0, 0, 0, 0, 0, 0, 0, 0, 0, 0, 0, 0, 0, 0])), (array([nan, nan, nan, nan, nan, nan, nan, nan, nan, nan, nan, nan, nan,
       nan, nan, nan, nan, nan, nan, nan]), array([0, 0, 0, 0, 0, 0, 0, 0, 0, 0, 0, 0, 0, 0, 0, 0, 0, 0, 0, 0])), (array([nan, nan, nan, nan, nan, nan, nan, nan, nan, nan, nan, nan, nan,
       nan, nan, nan, nan, nan, nan, nan]), array([0, 0, 0, 0, 0, 0, 0, 0, 0, 0, 0, 0, 0, 0, 0, 0, 0, 0, 0, 0])), (array([nan, nan, nan, nan, nan, nan, nan, nan, nan, nan, nan, nan, nan,
       nan, nan, nan, nan, nan, nan, nan]), array([0, 0, 0, 0, 0, 0, 0, 0, 0, 0, 0, 0, 0, 0, 0, 0, 0, 0, 0, 0])), (array([nan, nan, nan, nan, nan, nan, nan, nan, nan, nan, nan, nan, nan,
       nan, nan, nan, nan, nan, nan, nan]), array([0, 0, 0, 0, 0, 0, 0, 0, 0, 0, 0, 0, 0, 0, 0, 0, 0, 0, 0, 0])), (array([nan, nan, nan, nan, nan, nan, nan, nan, nan, nan, nan, nan, nan,
       nan, nan, nan, nan, nan, nan, nan]), array([0, 0, 0, 0, 0, 0, 0, 0, 0, 0, 0, 0, 0, 0, 0, 0, 0, 0, 0, 0]))]
Class sizes
CHEMBL1033994 0: 41.98%, 1: 58.02%
CHEMBL1119333 0: 9.59%, 1: 90.41%
CHEMBL1217000 0: 52.41%, 1: 47.59%
CHEMBL1243965 0: 17.11%, 1: 82.89%
CHEMBL1243966 0: 41.96%, 1: 58.04%
CHEMBL1243967 0: 10.17%, 1: 89.83%
CHEMBL1243968 0: 15.06%, 1: 84.94%
CHEMBL1243970 0: 6.91%, 1: 93.09%
CHEMBL1243972 0: 9.92%, 1: 90.08%
CHEMBL1243976 0: 28.99%, 1: 71.01%
CHEMBL1246087 0: 33.88%, 1: 66.12%
CHEMBL1246088 0: 48.37%, 1: 51.63%
CHEMBL1613762 0: 2.45%, 1: 97.55%
CHEMBL1613779 0: 58.47%, 1: 41.53%
CHEMBL1613785 0: 43.22%, 1: 56.78%
CHEMBL1613787 0: 69.08%, 1: 30.92%
CHEMBL1613807 0: 95.99%, 1: 4.01%
CHEMBL1613813 0: 44.20%, 1: 55.80%
CHEMBL1613814 0: 53.85%, 1: 46.15%
CHEMBL1613817 0: 84.86%, 1: 15.14%
CHEMBL1613853 0: 41.86%, 1: 58.14%
CHEMBL1613861 0: 14.47%, 1: 85.53%
CHEMBL1613864 0: 5.19%, 1: 94.81%
CHEMBL1613867 0: 97.13%, 1: 2.87%
CHEMBL1613870 0: 15.80%, 1: 84.20%
CHEMBL1613871 0: 6.15%, 1: 93.85%
CHEMBL1613874 0: 65.78%, 1: 34.22%
CHEMBL1613876 0: 54.35%, 1: 45.65%
CHEMBL1613884 0: 21.51%, 1: 78.49%
CHEMBL1613890 0: 34.85%, 1: 65.15%
CHEMBL1613897 0: 46.64%, 1: 53.36%
CHEMBL1613898 0: 75.45%, 1: 24.55%
CHEMBL1613904 0: 50.77%, 1: 49.23%
CHEMBL1613907 0: 5.34%, 1: 94.66%
CHEMBL1613926 0: 30.15%, 1: 69.85%
CHEMBL1613928 0: 45.90%, 1: 54.10%
CHEMBL1613929 0: 81.25%, 1: 18.75%
CHEMBL1613941 0: 32.58%, 1: 67.42%
CHEMBL1613942 0: 41.43%, 1: 58.57%
CHEMBL1613947 0: 46.01%, 1: 53.99%
CHEMBL1613949 0: 60.13%, 1: 39.87%
CHEMBL1613950 0: 43.05%, 1: 56.95%
CHEMBL1613955 0: 54.04%, 1: 45.96%
CHEMBL1613962 0: 24.26%, 1: 75.74%
CHEMBL1613967 0: 44.59%, 1: 55.41%
CHEMBL1613981 0: 58.85%, 1: 41.15%
CHEMBL1613991 0: 14.98%, 1: 85.02%
CHEMBL1613997 0: 7.73%, 1: 92.27%
CHEMBL1614001 0: 98.28%, 1: 1.72%
CHEMBL1614004 0: 14.66%, 1: 85.34%
CHEMBL1614016 0: 12.22%, 1: 87.78%
CHEMBL1614030 0: 19.96%, 1: 80.04%
CHEMBL1614034 0: 2.63%, 1: 97.37%
CHEMBL1614035 0: 77.14%, 1: 22.86%
CHEMBL1614049 0: 39.63%, 1: 60.37%
CHEMBL1614053 0: 42.48%, 1: 57.52%
CHEMBL1614063 0: 95.18%, 1: 4.82%
CHEMBL1614065 0: 9.71%, 1: 90.29%
CHEMBL1614066 0: 94.74%, 1: 5.26%
CHEMBL1614069 0: 56.82%, 1: 43.18%
CHEMBL1614072 0: 50.36%, 1: 49.64%
CHEMBL1614084 0: 13.26%, 1: 86.74%
CHEMBL1614091 0: 4.43%, 1: 95.57%
CHEMBL1614092 0: 47.50%, 1: 52.50%
CHEMBL1614097 0: 46.99%, 1: 53.01%
CHEMBL1614098 0: 97.25%, 1: 2.75%
CHEMBL1614104 0: 7.74%, 1: 92.26%
CHEMBL1614105 0: 6.12%, 1: 93.88%
CHEMBL1614109 0: 59.87%, 1: 40.13%
CHEMBL1614128 0: 10.35%, 1: 89.65%
CHEMBL1614131 0: 97.14%, 1: 2.86%
CHEMBL1614132 0: 42.07%, 1: 57.93%
CHEMBL1614138 0: 67.83%, 1: 32.17%
CHEMBL1614155 0: 25.40%, 1: 74.60%
CHEMBL1614158 0: 74.52%, 1: 25.48%
CHEMBL1614167 0: 16.17%, 1: 83.83%
CHEMBL1614170 0: 68.86%, 1: 31.14%
CHEMBL1614171 0: 93.77%, 1: 6.23%
CHEMBL1614175 0: 80.66%, 1: 19.34%
CHEMBL1614185 0: 26.17%, 1: 73.83%
CHEMBL1614197 0: 5.26%, 1: 94.74%
CHEMBL1614199 0: 49.66%, 1: 50.34%
CHEMBL1614202 0: 7.32%, 1: 92.68%
CHEMBL1614215 0: 52.76%, 1: 47.24%
CHEMBL1614216 0: 48.52%, 1: 51.48%
CHEMBL1614218 0: 22.36%, 1: 77.64%
CHEMBL1614225 0: 62.50%, 1: 37.50%
CHEMBL1614244 0: 38.85%, 1: 61.15%
CHEMBL1614247 0: 44.34%, 1: 55.66%
CHEMBL1614252 0: 60.11%, 1: 39.89%
CHEMBL1614255 0: 61.26%, 1: 38.74%
CHEMBL1614259 0: 32.82%, 1: 67.18%
CHEMBL1614272 0: 67.71%, 1: 32.29%
CHEMBL1614276 0: 51.74%, 1: 48.26%
CHEMBL1614287 0: 85.53%, 1: 14.47%
CHEMBL1614288 0: 72.51%, 1: 27.49%
CHEMBL1614290 0: 4.51%, 1: 95.49%
CHEMBL1614295 0: 2.29%, 1: 97.71%
CHEMBL1614301 0: 19.74%, 1: 80.26%
CHEMBL1614304 0: 63.76%, 1: 36.24%
CHEMBL1614309 0: 27.66%, 1: 72.34%
CHEMBL1614311 0: 53.76%, 1: 46.24%
CHEMBL1614314 0: 94.70%, 1: 5.30%
CHEMBL1614319 0: 72.16%, 1: 27.84%
CHEMBL1614320 0: 29.79%, 1: 70.21%
CHEMBL1614321 0: 60.16%, 1: 39.84%
CHEMBL1614328 0: 46.64%, 1: 53.36%
CHEMBL1614329 0: 40.69%, 1: 59.31%
CHEMBL1614336 0: 47.01%, 1: 52.99%
CHEMBL1614344 0: 67.72%, 1: 32.28%
CHEMBL1614356 0: 43.90%, 1: 56.10%
CHEMBL1614359 0: 50.26%, 1: 49.74%
CHEMBL1614363 0: 53.19%, 1: 46.81%
CHEMBL1614385 0: 93.27%, 1: 6.73%
CHEMBL1614388 0: 56.19%, 1: 43.81%
CHEMBL1614393 0: 45.00%, 1: 55.00%
CHEMBL1614395 0: 11.32%, 1: 88.68%
CHEMBL1614403 0: 88.15%, 1: 11.85%
CHEMBL1614423 0: 57.84%, 1: 42.16%
CHEMBL1614425 0: 38.24%, 1: 61.76%
CHEMBL1614433 0: 60.77%, 1: 39.23%
CHEMBL1614434 0: 80.25%, 1: 19.75%
CHEMBL1614456 0: 3.36%, 1: 96.64%
CHEMBL1614466 0: 10.32%, 1: 89.68%
CHEMBL1614469 0: 24.90%, 1: 75.10%
CHEMBL1614477 0: 43.75%, 1: 56.25%
CHEMBL1614478 0: 12.50%, 1: 87.50%
CHEMBL1614480 0: 85.71%, 1: 14.29%
CHEMBL1614484 0: 9.01%, 1: 90.99%
CHEMBL1614492 0: 40.54%, 1: 59.46%
CHEMBL1614499 0: 44.47%, 1: 55.53%
CHEMBL1614503 0: 40.30%, 1: 59.70%
CHEMBL1614504 0: 17.80%, 1: 82.20%
CHEMBL1614509 0: 79.43%, 1: 20.57%
CHEMBL1614512 0: 62.79%, 1: 37.21%
CHEMBL1614514 0: 83.07%, 1: 16.93%
CHEMBL1614515 0: 19.61%, 1: 80.39%
CHEMBL1614516 0: 96.81%, 1: 3.19%
CHEMBL1614522 0: 28.55%, 1: 71.45%
CHEMBL1614524 0: 12.98%, 1: 87.02%
CHEMBL1614528 0: 40.91%, 1: 59.09%
CHEMBL1614547 0: 72.51%, 1: 27.49%
CHEMBL1614548 0: 17.95%, 1: 82.05%
CHEMBL1614549 0: 84.25%, 1: 15.75%
CHEMBL1614550 0: 9.30%, 1: 90.70%
CHEMBL1614554 0: 71.64%, 1: 28.36%
CHEMBL1676103 0: 39.85%, 1: 60.15%
CHEMBL1737860 0: 3.60%, 1: 96.40%
CHEMBL1737863 0: 36.27%, 1: 63.73%
CHEMBL1737865 0: 61.01%, 1: 38.99%
CHEMBL1737868 0: 79.41%, 1: 20.59%
CHEMBL1737910 0: 45.71%, 1: 54.29%
CHEMBL1737912 0: 26.51%, 1: 73.49%
CHEMBL1737942 0: 44.52%, 1: 55.48%
CHEMBL1737951 0: 51.83%, 1: 48.17%
CHEMBL1737961 0: 93.34%, 1: 6.66%
CHEMBL1737966 0: 21.36%, 1: 78.64%
CHEMBL1737967 0: 89.17%, 1: 10.83%
CHEMBL1737977 0: 13.87%, 1: 86.13%
CHEMBL1737978 0: 18.18%, 1: 81.82%
CHEMBL1737979 0: 8.94%, 1: 91.06%
CHEMBL1738019 0: 24.85%, 1: 75.15%
CHEMBL1738021 0: 10.87%, 1: 89.13%
CHEMBL1738025 0: 33.80%, 1: 66.20%
CHEMBL1738040 0: 73.48%, 1: 26.52%
CHEMBL1738043 0: 46.43%, 1: 53.57%
CHEMBL1738079 0: 3.88%, 1: 96.12%
CHEMBL1738080 0: 76.43%, 1: 23.57%
CHEMBL1738091 0: 89.77%, 1: 10.23%
CHEMBL1738097 0: 72.41%, 1: 27.59%
CHEMBL1738131 0: 68.59%, 1: 31.41%
CHEMBL1738164 0: 79.79%, 1: 20.21%
CHEMBL1738171 0: 85.45%, 1: 14.55%
CHEMBL1738183 0: 59.62%, 1: 40.38%
CHEMBL1738197 0: 36.90%, 1: 63.10%
CHEMBL1738202 0: 3.47%, 1: 96.53%
CHEMBL1738242 0: 16.55%, 1: 83.45%
CHEMBL1738249 0: 86.53%, 1: 13.47%
CHEMBL1738253 0: 7.33%, 1: 92.67%
CHEMBL1738319 0: 59.17%, 1: 40.83%
CHEMBL1738325 0: 96.86%, 1: 3.14%
CHEMBL1738362 0: 21.43%, 1: 78.57%
CHEMBL1738369 0: 56.34%, 1: 43.66%
CHEMBL1738371 0: 81.97%, 1: 18.03%
CHEMBL1738391 0: 68.38%, 1: 31.62%
CHEMBL1738400 0: 77.86%, 1: 22.14%
CHEMBL1738402 0: 54.19%, 1: 45.81%
CHEMBL1738407 0: 85.58%, 1: 14.42%
CHEMBL1738408 0: 2.18%, 1: 97.82%
CHEMBL1738414 0: 5.11%, 1: 94.89%
CHEMBL1738418 0: 68.85%, 1: 31.15%
CHEMBL1738422 0: 4.29%, 1: 95.71%
CHEMBL1738424 0: 77.50%, 1: 22.50%
CHEMBL1738430 0: 25.54%, 1: 74.46%
CHEMBL1738438 0: 2.76%, 1: 97.24%
CHEMBL1738482 0: 7.69%, 1: 92.31%
CHEMBL1738485 0: 17.65%, 1: 82.35%
CHEMBL1738494 0: 97.26%, 1: 2.74%
CHEMBL1738495 0: 1.70%, 1: 98.30%
CHEMBL1738497 0: 64.50%, 1: 35.50%
CHEMBL1738502 0: 15.20%, 1: 84.80%
CHEMBL1738510 0: 54.41%, 1: 45.59%
CHEMBL1738512 0: 3.05%, 1: 96.95%
CHEMBL1738513 0: 28.64%, 1: 71.36%
CHEMBL1738552 0: 64.70%, 1: 35.30%
CHEMBL1738575 0: 65.65%, 1: 34.35%
CHEMBL1738578 0: 23.30%, 1: 76.70%
CHEMBL1738579 0: 22.79%, 1: 77.21%
CHEMBL1738593 0: 17.65%, 1: 82.35%
CHEMBL1738599 0: 16.07%, 1: 83.93%
CHEMBL1738602 0: 42.70%, 1: 57.30%
CHEMBL1738610 0: 42.07%, 1: 57.93%
CHEMBL1738611 0: 2.23%, 1: 97.77%
CHEMBL1738632 0: 86.32%, 1: 13.68%
CHEMBL1738633 0: 4.05%, 1: 95.95%
CHEMBL1738639 0: 64.47%, 1: 35.53%
CHEMBL1738642 0: 34.82%, 1: 65.18%
CHEMBL1738670 0: 9.18%, 1: 90.82%
CHEMBL1738673 0: 12.98%, 1: 87.02%
CHEMBL1738679 0: 63.95%, 1: 36.05%
CHEMBL1738682 0: 62.45%, 1: 37.55%
CHEMBL1794296 0: 44.02%, 1: 55.98%
CHEMBL1794303 0: 2.71%, 1: 97.29%
CHEMBL1794320 0: 96.68%, 1: 3.32%
CHEMBL1794327 0: 91.59%, 1: 8.41%
CHEMBL1794336 0: 53.07%, 1: 46.93%
CHEMBL1794350 0: 3.44%, 1: 96.56%
CHEMBL1794355 0: 5.26%, 1: 94.74%
CHEMBL1794356 0: 13.92%, 1: 86.08%
CHEMBL1794358 0: 94.14%, 1: 5.86%
CHEMBL1794365 0: 7.12%, 1: 92.88%
CHEMBL1794383 0: 6.90%, 1: 93.10%
CHEMBL1794387 0: 65.04%, 1: 34.96%
CHEMBL1794393 0: 67.55%, 1: 32.45%
CHEMBL1794396 0: 3.96%, 1: 96.04%
CHEMBL1794410 0: 23.98%, 1: 76.02%
CHEMBL1794413 0: 6.02%, 1: 93.98%
CHEMBL1794438 0: 40.17%, 1: 59.83%
CHEMBL1794445 0: 87.84%, 1: 12.16%
CHEMBL1794452 0: 94.30%, 1: 5.70%
CHEMBL1794457 0: 92.98%, 1: 7.02%
CHEMBL1794460 0: 28.63%, 1: 71.37%
CHEMBL1794467 0: 18.39%, 1: 81.61%
CHEMBL1794475 0: 56.02%, 1: 43.98%
CHEMBL1794484 0: 44.93%, 1: 55.07%
CHEMBL1794494 0: 5.33%, 1: 94.67%
CHEMBL1794497 0: 8.47%, 1: 91.53%
CHEMBL1794499 0: 73.90%, 1: 26.10%
CHEMBL1794508 0: 94.63%, 1: 5.37%
CHEMBL1794516 0: 3.21%, 1: 96.79%
CHEMBL1794522 0: 58.65%, 1: 41.35%
CHEMBL1794528 0: 79.86%, 1: 20.14%
CHEMBL1794531 0: 92.03%, 1: 7.97%
CHEMBL1794548 0: 88.74%, 1: 11.26%
CHEMBL1794566 0: 6.05%, 1: 93.95%
CHEMBL1794567 0: 9.61%, 1: 90.39%
CHEMBL1794570 0: 92.79%, 1: 7.21%
CHEMBL1794571 0: 53.55%, 1: 46.45%
CHEMBL1794573 0: 10.54%, 1: 89.46%
CHEMBL1794574 0: 1.09%, 1: 98.91%
CHEMBL1794578 0: 46.99%, 1: 53.01%
CHEMBL1794581 0: 19.65%, 1: 80.35%
CHEMBL1863510 0: 2.14%, 1: 97.86%
CHEMBL1863512 0: 2.79%, 1: 97.21%
CHEMBL1909084 0: 99.28%, 1: 0.72%
CHEMBL1909085 0: 92.10%, 1: 7.90%
CHEMBL1909086 0: 91.52%, 1: 8.48%
CHEMBL1909087 0: 91.86%, 1: 8.14%
CHEMBL1909088 0: 87.97%, 1: 12.03%
CHEMBL1909089 0: 88.69%, 1: 11.31%
CHEMBL1909090 0: 90.81%, 1: 9.19%
CHEMBL1909091 0: 97.24%, 1: 2.76%
CHEMBL1909092 0: 97.14%, 1: 2.86%
CHEMBL1909093 0: 98.42%, 1: 1.58%
CHEMBL1909094 0: 90.85%, 1: 9.15%
CHEMBL1909095 0: 98.56%, 1: 1.44%
CHEMBL1909097 0: 99.28%, 1: 0.72%
CHEMBL1909102 0: 92.94%, 1: 7.06%
CHEMBL1909103 0: 97.23%, 1: 2.77%
CHEMBL1909104 0: 87.06%, 1: 12.94%
CHEMBL1909105 0: 88.70%, 1: 11.30%
CHEMBL1909106 0: 98.57%, 1: 1.43%
CHEMBL1909107 0: 97.86%, 1: 2.14%
CHEMBL1909108 0: 93.04%, 1: 6.96%
CHEMBL1909109 0: 90.35%, 1: 9.65%
CHEMBL1909110 0: 92.47%, 1: 7.53%
CHEMBL1909111 0: 94.03%, 1: 5.97%
CHEMBL1909112 0: 90.91%, 1: 9.09%
CHEMBL1909114 0: 96.50%, 1: 3.50%
CHEMBL1909115 0: 96.00%, 1: 4.00%
CHEMBL1909116 0: 96.98%, 1: 3.02%
CHEMBL1909121 0: 92.80%, 1: 7.20%
CHEMBL1909123 0: 99.16%, 1: 0.84%
CHEMBL1909124 0: 99.40%, 1: 0.60%
CHEMBL1909130 0: 95.56%, 1: 4.44%
CHEMBL1909131 0: 97.01%, 1: 2.99%
CHEMBL1909132 0: 96.15%, 1: 3.85%
CHEMBL1909134 0: 95.19%, 1: 4.81%
CHEMBL1909135 0: 95.76%, 1: 4.24%
CHEMBL1909136 0: 93.20%, 1: 6.80%
CHEMBL1909138 0: 96.16%, 1: 3.84%
CHEMBL1909139 0: 93.84%, 1: 6.16%
CHEMBL1909140 0: 93.87%, 1: 6.13%
CHEMBL1909141 0: 89.73%, 1: 10.27%
CHEMBL1909142 0: 99.04%, 1: 0.96%
CHEMBL1909143 0: 93.01%, 1: 6.99%
CHEMBL1909145 0: 97.97%, 1: 2.03%
CHEMBL1909148 0: 98.57%, 1: 1.43%
CHEMBL1909150 0: 95.10%, 1: 4.90%
CHEMBL1909156 0: 94.28%, 1: 5.72%
CHEMBL1909157 0: 96.38%, 1: 3.62%
CHEMBL1909158 0: 99.05%, 1: 0.95%
CHEMBL1909159 0: 93.18%, 1: 6.82%
CHEMBL1909165 0: 97.79%, 1: 2.21%
CHEMBL1909169 0: 98.32%, 1: 1.68%
CHEMBL1909170 0: 92.35%, 1: 7.65%
CHEMBL1909171 0: 93.29%, 1: 6.71%
CHEMBL1909172 0: 92.82%, 1: 7.18%
CHEMBL1909173 0: 92.38%, 1: 7.62%
CHEMBL1909174 0: 92.71%, 1: 7.29%
CHEMBL1909180 0: 98.20%, 1: 1.80%
CHEMBL1909181 0: 97.71%, 1: 2.29%
CHEMBL1909182 0: 96.99%, 1: 3.01%
CHEMBL1909184 0: 98.93%, 1: 1.07%
CHEMBL1909186 0: 99.52%, 1: 0.48%
CHEMBL1909190 0: 98.66%, 1: 1.34%
CHEMBL1909191 0: 94.99%, 1: 5.01%
CHEMBL1909192 0: 99.52%, 1: 0.48%
CHEMBL1909200 0: 97.97%, 1: 2.03%
CHEMBL1909201 0: 97.72%, 1: 2.28%
CHEMBL1909203 0: 98.05%, 1: 1.95%
CHEMBL1909204 0: 97.17%, 1: 2.83%
CHEMBL1909205 0: 98.67%, 1: 1.33%
CHEMBL1909206 0: 99.16%, 1: 0.84%
CHEMBL1909209 0: 92.34%, 1: 7.66%
CHEMBL1909210 0: 96.05%, 1: 3.95%
CHEMBL1909211 0: 88.80%, 1: 11.20%
CHEMBL1909212 0: 98.30%, 1: 1.70%
CHEMBL1909213 0: 99.28%, 1: 0.72%
CHEMBL1909214 0: 98.79%, 1: 1.21%
CHEMBL1909215 0: 95.61%, 1: 4.39%
CHEMBL1963686 0: 61.95%, 1: 38.05%
CHEMBL1963687 0: 64.42%, 1: 35.58%
CHEMBL1963688 0: 62.52%, 1: 37.48%
CHEMBL1963689 0: 89.69%, 1: 10.31%
CHEMBL1963690 0: 57.36%, 1: 42.64%
CHEMBL1963691 0: 49.33%, 1: 50.67%
CHEMBL1963692 0: 53.73%, 1: 46.27%
CHEMBL1963693 0: 71.00%, 1: 29.00%
CHEMBL1963694 0: 91.05%, 1: 8.95%
CHEMBL1963695 0: 74.90%, 1: 25.10%
CHEMBL1963696 0: 77.85%, 1: 22.15%
CHEMBL1963697 0: 74.06%, 1: 25.94%
CHEMBL1963698 0: 74.60%, 1: 25.40%
CHEMBL1963699 0: 83.18%, 1: 16.82%
CHEMBL1963701 0: 67.32%, 1: 32.68%
CHEMBL1963702 0: 83.82%, 1: 16.18%
CHEMBL1963703 0: 68.65%, 1: 31.35%
CHEMBL1963704 0: 65.28%, 1: 34.72%
CHEMBL1963705 0: 55.92%, 1: 44.08%
CHEMBL1963706 0: 53.38%, 1: 46.62%
CHEMBL1963707 0: 53.25%, 1: 46.75%
CHEMBL1963708 0: 48.77%, 1: 51.23%
CHEMBL1963710 0: 63.21%, 1: 36.79%
CHEMBL1963711 0: 94.72%, 1: 5.28%
CHEMBL1963712 0: 75.76%, 1: 24.24%
CHEMBL1963714 0: 74.21%, 1: 25.79%
CHEMBL1963715 0: 50.28%, 1: 49.72%
CHEMBL1963716 0: 91.91%, 1: 8.09%
CHEMBL1963717 0: 55.50%, 1: 44.50%
CHEMBL1963718 0: 65.45%, 1: 34.55%
CHEMBL1963719 0: 63.39%, 1: 36.61%
CHEMBL1963720 0: 69.73%, 1: 30.27%
CHEMBL1963721 0: 56.94%, 1: 43.06%
CHEMBL1963722 0: 49.40%, 1: 50.60%
CHEMBL1963723 0: 53.82%, 1: 46.18%
CHEMBL1963724 0: 67.32%, 1: 32.68%
CHEMBL1963725 0: 69.97%, 1: 30.03%
CHEMBL1963727 0: 56.59%, 1: 43.41%
CHEMBL1963728 0: 92.02%, 1: 7.98%
CHEMBL1963729 0: 84.64%, 1: 15.36%
CHEMBL1963731 0: 61.35%, 1: 38.65%
CHEMBL1963733 0: 79.77%, 1: 20.23%
CHEMBL1963734 0: 79.51%, 1: 20.49%
CHEMBL1963735 0: 71.66%, 1: 28.34%
CHEMBL1963736 0: 78.32%, 1: 21.68%
CHEMBL1963737 0: 86.79%, 1: 13.21%
CHEMBL1963738 0: 61.18%, 1: 38.82%
CHEMBL1963739 0: 84.32%, 1: 15.68%
CHEMBL1963740 0: 64.30%, 1: 35.70%
CHEMBL1963741 0: 67.03%, 1: 32.97%
CHEMBL1963742 0: 73.47%, 1: 26.53%
CHEMBL1963743 0: 66.24%, 1: 33.76%
CHEMBL1963744 0: 71.97%, 1: 28.03%
CHEMBL1963745 0: 67.16%, 1: 32.84%
CHEMBL1963746 0: 66.34%, 1: 33.66%
CHEMBL1963747 0: 81.33%, 1: 18.67%
CHEMBL1963748 0: 58.75%, 1: 41.25%
CHEMBL1963749 0: 55.02%, 1: 44.98%
CHEMBL1963750 0: 58.61%, 1: 41.39%
CHEMBL1963751 0: 70.90%, 1: 29.10%
CHEMBL1963752 0: 64.78%, 1: 35.22%
CHEMBL1963753 0: 88.02%, 1: 11.98%
CHEMBL1963754 0: 59.12%, 1: 40.88%
CHEMBL1963756 0: 61.66%, 1: 38.34%
CHEMBL1963757 0: 73.28%, 1: 26.72%
CHEMBL1963758 0: 82.56%, 1: 17.44%
CHEMBL1963759 0: 81.38%, 1: 18.62%
CHEMBL1963760 0: 86.36%, 1: 13.64%
CHEMBL1963761 0: 83.63%, 1: 16.37%
CHEMBL1963763 0: 72.14%, 1: 27.86%
CHEMBL1963764 0: 62.50%, 1: 37.50%
CHEMBL1963765 0: 86.41%, 1: 13.59%
CHEMBL1963766 0: 81.38%, 1: 18.62%
CHEMBL1963767 0: 77.76%, 1: 22.24%
CHEMBL1963768 0: 77.63%, 1: 22.37%
CHEMBL1963770 0: 89.44%, 1: 10.56%
CHEMBL1963771 0: 53.53%, 1: 46.47%
CHEMBL1963772 0: 48.99%, 1: 51.01%
CHEMBL1963773 0: 59.00%, 1: 41.00%
CHEMBL1963775 0: 76.92%, 1: 23.08%
CHEMBL1963776 0: 87.71%, 1: 12.29%
CHEMBL1963777 0: 63.92%, 1: 36.08%
CHEMBL1963778 0: 51.70%, 1: 48.30%
CHEMBL1963779 0: 54.69%, 1: 45.31%
CHEMBL1963780 0: 89.06%, 1: 10.94%
CHEMBL1963781 0: 94.31%, 1: 5.69%
CHEMBL1963782 0: 75.86%, 1: 24.14%
CHEMBL1963783 0: 57.36%, 1: 42.64%
CHEMBL1963785 0: 70.10%, 1: 29.90%
CHEMBL1963786 0: 50.08%, 1: 49.92%
CHEMBL1963787 0: 66.39%, 1: 33.61%
CHEMBL1963789 0: 67.34%, 1: 32.66%
CHEMBL1963790 0: 57.93%, 1: 42.07%
CHEMBL1963791 0: 82.08%, 1: 17.92%
CHEMBL1963792 0: 85.73%, 1: 14.27%
CHEMBL1963793 0: 65.48%, 1: 34.52%
CHEMBL1963794 0: 77.53%, 1: 22.47%
CHEMBL1963795 0: 46.98%, 1: 53.02%
CHEMBL1963796 0: 69.76%, 1: 30.24%
CHEMBL1963797 0: 83.64%, 1: 16.36%
CHEMBL1963798 0: 89.45%, 1: 10.55%
CHEMBL1963799 0: 43.54%, 1: 56.46%
CHEMBL1963800 0: 64.88%, 1: 35.12%
CHEMBL1963801 0: 75.90%, 1: 24.10%
CHEMBL1963802 0: 61.41%, 1: 38.59%
CHEMBL1963803 0: 87.44%, 1: 12.56%
CHEMBL1963804 0: 65.90%, 1: 34.10%
CHEMBL1963805 0: 53.77%, 1: 46.23%
CHEMBL1963806 0: 41.19%, 1: 58.81%
CHEMBL1963807 0: 36.83%, 1: 63.17%
CHEMBL1963808 0: 68.82%, 1: 31.18%
CHEMBL1963809 0: 79.97%, 1: 20.03%
CHEMBL1963810 0: 43.69%, 1: 56.31%
CHEMBL1963811 0: 73.98%, 1: 26.02%
CHEMBL1963812 0: 53.08%, 1: 46.92%
CHEMBL1963813 0: 79.19%, 1: 20.81%
CHEMBL1963814 0: 51.10%, 1: 48.90%
CHEMBL1963815 0: 71.80%, 1: 28.20%
CHEMBL1963816 0: 89.64%, 1: 10.36%
CHEMBL1963817 0: 71.90%, 1: 28.10%
CHEMBL1963818 0: 55.13%, 1: 44.87%
CHEMBL1963819 0: 62.64%, 1: 37.36%
CHEMBL1963820 0: 84.46%, 1: 15.54%
CHEMBL1963821 0: 79.31%, 1: 20.69%
CHEMBL1963822 0: 90.91%, 1: 9.09%
CHEMBL1963823 0: 76.61%, 1: 23.39%
CHEMBL1963824 0: 39.57%, 1: 60.43%
CHEMBL1963825 0: 51.12%, 1: 48.88%
CHEMBL1963826 0: 59.25%, 1: 40.75%
CHEMBL1963827 0: 50.74%, 1: 49.26%
CHEMBL1963828 0: 80.86%, 1: 19.14%
CHEMBL1963829 0: 86.41%, 1: 13.59%
CHEMBL1963831 0: 52.56%, 1: 47.44%
CHEMBL1963832 0: 72.98%, 1: 27.02%
CHEMBL1963833 0: 87.13%, 1: 12.87%
CHEMBL1963834 0: 59.69%, 1: 40.31%
CHEMBL1963836 0: 85.18%, 1: 14.82%
CHEMBL1963837 0: 26.01%, 1: 73.99%
CHEMBL1963838 0: 75.83%, 1: 24.17%
CHEMBL1963846 0: 85.07%, 1: 14.93%
CHEMBL1963867 0: 73.13%, 1: 26.87%
CHEMBL1963893 0: 85.61%, 1: 14.39%
CHEMBL1963898 0: 75.62%, 1: 24.38%
CHEMBL1963907 0: 64.35%, 1: 35.65%
CHEMBL1963910 0: 10.50%, 1: 89.50%
CHEMBL1963915 0: 15.00%, 1: 85.00%
CHEMBL1963916 0: 40.48%, 1: 59.52%
CHEMBL1963918 0: 73.35%, 1: 26.65%
CHEMBL1963930 0: 3.64%, 1: 96.36%
CHEMBL1963933 0: 93.91%, 1: 6.09%
CHEMBL1963934 0: 3.64%, 1: 96.36%
CHEMBL1963937 0: 39.27%, 1: 60.73%
CHEMBL1963938 0: 65.85%, 1: 34.15%
CHEMBL1963940 0: 33.79%, 1: 66.21%
CHEMBL1963947 0: 6.25%, 1: 93.75%
CHEMBL1963966 0: 3.29%, 1: 96.71%
CHEMBL1963968 0: 51.52%, 1: 48.48%
CHEMBL1963969 0: 25.83%, 1: 74.17%
CHEMBL1963971 0: 10.20%, 1: 89.80%
