wandb: Tracking run with wandb version 0.9.3
wandb: Wandb version 0.9.4 is available!  To upgrade, please run:
wandb:  $ pip install wandb --upgrade
wandb: Run data is saved locally in wandb/run-20200812_173421-3eu0rbco
wandb: Syncing run fo_maml_CHEMBL2114797
wandb: ⭐️ View project at https://app.wandb.ai/apappu97/molecule-metalearning
wandb: 🚀 View run at https://app.wandb.ai/apappu97/molecule-metalearning/runs/3eu0rbco
wandb: Run `wandb off` to turn off syncing.
Setting args.meta_learning to True as we are meta learning and setting args.meta_test to True as we are meta testing

Fold 0
Command line
python /home/apappu/thesis/molecule-metalearning2/molecule-metalearning/chemprop/meta_test.py --FO_MAML --data_path /home/apappu/thesis/molecule-metalearning/filtered_chembl/chembl_less_1024_more_128_645_tasks.csv --meta_test_task CHEMBL2114797 --dataset_type classification --chembl_assay_metadata_pickle_path filtered_chembl/ --checkpoint_paths checkpoints/fo_maml/fold_0/maml_model/fo_maml_maml_model.pt --metric prc-auc --split_type scaffold_balanced --dropout 0.2 --ffn_hidden_size 400 --num_folds 5 --epochs 30 --num_workers 0 --results_save_dir results/metatesting/fo_maml/ --experiment_name fo_maml_CHEMBL2114797
Args
{'ANIL': False,
 'FO_MAML': True,
 'activation': 'ReLU',
 'atom_messages': False,
 'batch_size': 32,
 'bias': False,
 'cache_cutoff': 10000,
 'checkpoint_dir': None,
 'checkpoint_path': None,
 'checkpoint_paths': ['checkpoints/fo_maml/fold_0/maml_model/fo_maml_maml_model.pt'],
 'chembl_assay_metadata_pickle_path': 'filtered_chembl/',
 'class_balance': False,
 'config_path': None,
 'crossval_index_dir': None,
 'crossval_index_file': None,
 'crossval_index_sets': None,
 'data_path': '/home/apappu/thesis/molecule-metalearning/filtered_chembl/chembl_less_1024_more_128_645_tasks.csv',
 'dataset_type': 'classification',
 'depth': 3,
 'dropout': 0.2,
 'dummy': False,
 'ensemble_size': 1,
 'epochs': 30,
 'experiment_name': 'fo_maml_CHEMBL2114797',
 'features_generator': None,
 'features_only': False,
 'features_path': None,
 'features_size': None,
 'ffn_hidden_size': 400,
 'ffn_num_layers': 2,
 'final_lr': 0.0001,
 'folds_file': None,
 'gpu': None,
 'hidden_size': 300,
 'init_lr': 0.0001,
 'inner_loop_lr': 0.05,
 'kaiming': True,
 'log_frequency': 10,
 'loss_queue_window': 500,
 'max_data_size': None,
 'max_lr': 0.001,
 'meta_batch_size': 32,
 'meta_learning': True,
 'meta_test': True,
 'meta_test_epochs': 30,
 'meta_test_lr': 0.0001,
 'meta_test_split_sizes': (0.8, 0.1, 0.1),
 'meta_test_task': 'CHEMBL2114797',
 'meta_train_split_sizes': (0.8, 0.2, 0),
 'metric': 'prc-auc',
 'minimize_score': False,
 'multiclass_num_classes': 3,
 'no_cuda': False,
 'no_features_scaling': False,
 'num_folds': 5,
 'num_inner_gradient_steps': 2,
 'num_lrs': 1,
 'num_tasks': None,
 'num_workers': 0,
 'outer_loop_lr': 0.0015,
 'pytorch_seed': 0,
 'quiet': False,
 'results_save_dir': 'results/metatesting/fo_maml/',
 'save_dir': '/tmp/2327396.23.gpu.q/tmp8428mqgo/fold_0',
 'save_smiles_splits': False,
 'seed': 0,
 'seeds': None,
 'separate_test_features_path': None,
 'separate_test_path': None,
 'separate_val_features_path': None,
 'separate_val_path': None,
 'show_individual_scores': False,
 'smiles_column': None,
 'split_sizes': (0.8, 0.1, 0.1),
 'split_type': 'scaffold_balanced',
 'target_columns': None,
 'task_names': None,
 'test': False,
 'test_fold_index': None,
 'train_data_size': None,
 'undirected': False,
 'use_input_features': False,
 'val_fold_index': None,
 'warmup_epochs': 2.0}
Loading data
0it [00:00, ?it/s]466it [00:00, 4657.24it/s]993it [00:00, 4823.21it/s]1446it [00:00, 4730.24it/s]1861it [00:00, 4537.21it/s]2298it [00:00, 4482.80it/s]2735it [00:00, 4446.20it/s]3159it [00:00, 4379.65it/s]3625it [00:00, 4459.18it/s]4046it [00:00, 3634.20it/s]4551it [00:01, 3967.27it/s]4962it [00:01, 3758.04it/s]5350it [00:01, 2961.21it/s]5681it [00:01, 2690.04it/s]6160it [00:01, 3096.20it/s]6561it [00:01, 3322.00it/s]6933it [00:01, 3429.63it/s]7305it [00:01, 3511.42it/s]7766it [00:02, 3780.89it/s]8163it [00:02, 3405.95it/s]8610it [00:02, 3666.69it/s]9079it [00:02, 3922.22it/s]9536it [00:02, 4095.39it/s]9994it [00:02, 4228.09it/s]10429it [00:02, 4127.53it/s]10851it [00:02, 3677.26it/s]11234it [00:02, 3609.48it/s]11687it [00:03, 3843.11it/s]12084it [00:03, 3843.50it/s]12477it [00:03, 3181.17it/s]12820it [00:03, 3195.84it/s]13255it [00:03, 3471.76it/s]13711it [00:03, 3737.70it/s]14104it [00:03, 3787.70it/s]14497it [00:03, 3150.07it/s]14937it [00:04, 3443.03it/s]15374it [00:04, 3675.51it/s]15766it [00:04, 2859.31it/s]16097it [00:04, 2804.06it/s]16409it [00:04, 2112.01it/s]16705it [00:05, 818.80it/s] 17155it [00:05, 1084.98it/s]17439it [00:05, 1331.56it/s]17812it [00:05, 1649.40it/s]18262it [00:05, 2036.03it/s]18679it [00:06, 2397.77it/s]19147it [00:06, 2808.62it/s]19592it [00:06, 3157.00it/s]20035it [00:06, 3453.64it/s]20479it [00:06, 3698.82it/s]20907it [00:06, 2763.25it/s]21259it [00:06, 2359.32it/s]21676it [00:06, 2712.12it/s]22120it [00:07, 3070.43it/s]22618it [00:07, 3454.92it/s]23067it [00:07, 3710.94it/s]23520it [00:07, 3922.51it/s]23975it [00:07, 4089.74it/s]24411it [00:07, 4166.19it/s]24847it [00:07, 3890.44it/s]25253it [00:07, 3303.72it/s]25611it [00:08, 3184.35it/s]26029it [00:08, 3428.31it/s]26392it [00:08, 3267.05it/s]26785it [00:08, 3439.42it/s]27198it [00:08, 3620.16it/s]27625it [00:08, 3790.81it/s]28033it [00:08, 3872.04it/s]28493it [00:08, 4064.64it/s]28992it [00:08, 4302.20it/s]29432it [00:08, 3779.75it/s]29869it [00:09, 3938.69it/s]30309it [00:09, 4064.45it/s]30771it [00:09, 4215.31it/s]31229it [00:09, 4316.20it/s]31671it [00:09, 4337.20it/s]32128it [00:09, 4402.51it/s]32588it [00:09, 4457.96it/s]33037it [00:09, 4403.02it/s]33480it [00:10, 3304.95it/s]33889it [00:10, 3505.59it/s]34346it [00:10, 3768.83it/s]34802it [00:10, 3975.48it/s]35237it [00:10, 4080.70it/s]35691it [00:10, 4208.29it/s]36125it [00:10, 4132.91it/s]36548it [00:10, 3398.01it/s]36977it [00:10, 3623.86it/s]37364it [00:11, 3476.65it/s]37730it [00:11, 2809.43it/s]38188it [00:11, 3176.64it/s]38545it [00:11, 3150.81it/s]38963it [00:11, 3302.12it/s]39315it [00:11, 3036.07it/s]39645it [00:11, 3110.51it/s]39970it [00:11, 2876.27it/s]40422it [00:12, 3227.27it/s]40796it [00:12, 3310.92it/s]41144it [00:12, 2900.64it/s]41456it [00:12, 2621.62it/s]41758it [00:12, 2728.31it/s]42046it [00:12, 2148.91it/s]42329it [00:12, 2267.94it/s]42743it [00:12, 2623.45it/s]43180it [00:13, 2977.83it/s]43634it [00:13, 3319.46it/s]44085it [00:13, 3604.36it/s]44482it [00:13, 3652.75it/s]44889it [00:13, 3767.78it/s]45285it [00:13, 3343.28it/s]45642it [00:13, 3237.10it/s]45982it [00:13, 2089.02it/s]46255it [00:14, 2168.10it/s]46517it [00:14, 1994.03it/s]46751it [00:14, 2031.70it/s]47162it [00:14, 2394.13it/s]47445it [00:14, 2491.34it/s]47841it [00:14, 2802.58it/s]48156it [00:14, 2684.15it/s]48450it [00:14, 2679.92it/s]48796it [00:15, 2872.66it/s]49100it [00:15, 2827.04it/s]49395it [00:15, 2592.49it/s]49667it [00:15, 1950.97it/s]49894it [00:15, 2028.70it/s]50160it [00:15, 1916.14it/s]50370it [00:15, 1945.71it/s]50673it [00:15, 2179.67it/s]51106it [00:16, 2560.60it/s]51452it [00:16, 2729.96it/s]51756it [00:16, 2474.13it/s]52065it [00:16, 2630.67it/s]52349it [00:16, 2554.81it/s]52620it [00:16, 2272.56it/s]52864it [00:16, 2044.62it/s]53085it [00:17, 1650.35it/s]53304it [00:17, 1779.64it/s]53502it [00:17, 1682.93it/s]53757it [00:17, 1873.49it/s]54003it [00:17, 2016.83it/s]54348it [00:17, 1724.58it/s]54581it [00:17, 1869.74it/s]54809it [00:17, 1975.83it/s]55232it [00:18, 2351.60it/s]55615it [00:18, 2658.69it/s]55922it [00:18, 2524.24it/s]56205it [00:18, 2489.00it/s]56475it [00:18, 2348.95it/s]56727it [00:18, 2257.88it/s]56996it [00:18, 2371.99it/s]57244it [00:18, 2357.17it/s]57684it [00:18, 2738.44it/s]58097it [00:19, 3044.97it/s]58432it [00:19, 2996.27it/s]58754it [00:19, 2633.27it/s]59098it [00:19, 2808.54it/s]59424it [00:19, 2928.76it/s]59732it [00:19, 2917.35it/s]60035it [00:19, 2904.77it/s]60333it [00:19, 2536.69it/s]60685it [00:19, 2768.52it/s]60978it [00:20, 2689.05it/s]61343it [00:20, 2918.70it/s]61677it [00:20, 3025.45it/s]61865it [00:20, 3038.26it/s]
  0% 0/61865 [00:00<?, ?it/s]  2% 1231/61865 [00:01<01:27, 695.29it/s] 54% 33580/61865 [00:01<00:28, 992.36it/s] 77% 47842/61865 [00:03<00:10, 1360.94it/s]100% 61865/61865 [00:03<00:00, 18717.39it/s]
  0% 0/61865 [00:00<?, ?it/s]  0% 301/61865 [00:00<00:20, 3003.37it/s]  1% 573/61865 [00:00<00:21, 2911.25it/s]  2% 1096/61865 [00:00<00:18, 3356.60it/s]  3% 1591/61865 [00:00<00:16, 3713.53it/s]  3% 1920/61865 [00:00<00:18, 3190.61it/s]  4% 2281/61865 [00:00<00:18, 3305.36it/s]  4% 2692/61865 [00:00<00:17, 3451.14it/s]  5% 3032/61865 [00:00<00:18, 3178.19it/s]  6% 3471/61865 [00:00<00:16, 3463.97it/s]  6% 3826/61865 [00:01<00:16, 3440.38it/s]  7% 4176/61865 [00:01<00:17, 3275.68it/s]  7% 4510/61865 [00:01<00:19, 2991.24it/s]  8% 4946/61865 [00:01<00:17, 3301.38it/s]  9% 5293/61865 [00:01<00:20, 2725.99it/s]  9% 5670/61865 [00:01<00:18, 2971.10it/s] 10% 6052/61865 [00:01<00:17, 3181.62it/s] 10% 6393/61865 [00:01<00:17, 3159.40it/s] 11% 6725/61865 [00:02<00:19, 2900.56it/s] 11% 7031/61865 [00:02<00:22, 2433.23it/s] 12% 7298/61865 [00:02<00:24, 2203.11it/s] 12% 7539/61865 [00:02<00:24, 2193.37it/s] 13% 7962/61865 [00:02<00:21, 2561.64it/s] 14% 8358/61865 [00:02<00:18, 2864.30it/s] 14% 8789/61865 [00:02<00:16, 3184.02it/s] 15% 9144/61865 [00:02<00:16, 3167.57it/s] 15% 9564/61865 [00:03<00:15, 3418.06it/s] 16% 9930/61865 [00:03<00:18, 2870.71it/s] 17% 10343/61865 [00:03<00:16, 3159.12it/s] 17% 10748/61865 [00:03<00:15, 3381.58it/s] 18% 11162/61865 [00:03<00:14, 3576.53it/s] 19% 11541/61865 [00:03<00:14, 3571.22it/s] 19% 11962/61865 [00:03<00:13, 3740.68it/s] 20% 12385/61865 [00:03<00:12, 3875.06it/s] 21% 12807/61865 [00:03<00:12, 3970.11it/s] 21% 13231/61865 [00:03<00:12, 4046.59it/s] 22% 13642/61865 [00:04<00:15, 3019.64it/s] 23% 13987/61865 [00:04<00:20, 2391.02it/s] 23% 14277/61865 [00:04<00:19, 2448.26it/s] 24% 14668/61865 [00:04<00:17, 2751.82it/s] 24% 14981/61865 [00:04<00:18, 2511.80it/s] 25% 15263/61865 [00:04<00:18, 2527.87it/s] 25% 15677/61865 [00:04<00:16, 2862.09it/s] 26% 15993/61865 [00:05<00:16, 2736.48it/s] 26% 16289/61865 [00:05<00:18, 2521.03it/s] 27% 16711/61865 [00:05<00:15, 2866.85it/s] 28% 17034/61865 [00:05<00:15, 2966.60it/s] 28% 17353/61865 [00:05<00:16, 2652.84it/s] 29% 17710/61865 [00:05<00:15, 2874.34it/s] 29% 18089/61865 [00:05<00:14, 3072.37it/s] 30% 18415/61865 [00:05<00:14, 2911.10it/s] 30% 18739/61865 [00:06<00:14, 3002.28it/s] 31% 19054/61865 [00:06<00:14, 3042.90it/s] 31% 19458/61865 [00:06<00:12, 3285.49it/s] 32% 19798/61865 [00:06<00:15, 2640.53it/s] 32% 20090/61865 [00:06<00:16, 2601.25it/s] 33% 20370/61865 [00:06<00:17, 2329.26it/s] 34% 20774/61865 [00:06<00:15, 2667.40it/s] 34% 21169/61865 [00:06<00:13, 2953.73it/s] 35% 21496/61865 [00:07<00:16, 2424.78it/s] 35% 21952/61865 [00:07<00:14, 2819.43it/s] 36% 22285/61865 [00:07<00:16, 2432.60it/s] 37% 22628/61865 [00:07<00:14, 2664.21it/s] 37% 22933/61865 [00:07<00:15, 2466.23it/s] 38% 23210/61865 [00:07<00:15, 2484.58it/s] 38% 23691/61865 [00:07<00:13, 2865.14it/s] 39% 24014/61865 [00:07<00:14, 2542.53it/s] 39% 24313/61865 [00:08<00:14, 2661.54it/s] 40% 24603/61865 [00:08<00:14, 2529.39it/s] 40% 24874/61865 [00:08<00:14, 2476.18it/s] 41% 25161/61865 [00:08<00:14, 2512.87it/s] 41% 25422/61865 [00:08<00:15, 2331.60it/s] 42% 25835/61865 [00:08<00:13, 2681.22it/s] 42% 26129/61865 [00:08<00:15, 2300.14it/s] 43% 26387/61865 [00:08<00:15, 2291.62it/s] 43% 26677/61865 [00:09<00:14, 2392.87it/s] 44% 26931/61865 [00:09<00:15, 2254.12it/s] 44% 27288/61865 [00:09<00:13, 2534.10it/s] 45% 27562/61865 [00:09<00:14, 2400.97it/s] 45% 27818/61865 [00:09<00:17, 1969.81it/s] 46% 28226/61865 [00:09<00:14, 2330.88it/s] 46% 28726/61865 [00:09<00:11, 2774.43it/s] 47% 29135/61865 [00:09<00:10, 3069.59it/s] 48% 29557/61865 [00:10<00:09, 3342.72it/s] 48% 29991/61865 [00:10<00:08, 3588.37it/s] 49% 30419/61865 [00:10<00:08, 3770.72it/s] 50% 30850/61865 [00:10<00:07, 3915.87it/s] 51% 31268/61865 [00:10<00:07, 3990.33it/s] 51% 31683/61865 [00:10<00:07, 3790.40it/s] 52% 32075/61865 [00:10<00:08, 3344.81it/s] 52% 32429/61865 [00:10<00:10, 2873.76it/s] 53% 32754/61865 [00:10<00:09, 2976.92it/s] 53% 33070/61865 [00:11<00:10, 2701.53it/s] 54% 33472/61865 [00:11<00:09, 2994.56it/s] 55% 33846/61865 [00:11<00:08, 3184.33it/s] 55% 34184/61865 [00:11<00:10, 2603.70it/s] 56% 34475/61865 [00:11<00:10, 2524.01it/s] 56% 34750/61865 [00:11<00:11, 2390.89it/s] 57% 35095/61865 [00:11<00:10, 2632.92it/s] 57% 35508/61865 [00:11<00:08, 2953.98it/s] 58% 35925/61865 [00:12<00:08, 3236.23it/s] 59% 36342/61865 [00:12<00:07, 3467.99it/s] 59% 36767/61865 [00:12<00:06, 3670.58it/s] 60% 37198/61865 [00:12<00:06, 3841.47it/s] 61% 37635/61865 [00:12<00:06, 3982.66it/s] 61% 38046/61865 [00:12<00:06, 3958.69it/s] 62% 38451/61865 [00:12<00:06, 3756.54it/s] 63% 38835/61865 [00:12<00:07, 2964.93it/s] 63% 39164/61865 [00:12<00:08, 2706.47it/s] 64% 39530/61865 [00:13<00:07, 2934.88it/s] 64% 39848/61865 [00:13<00:09, 2317.26it/s] 65% 40118/61865 [00:13<00:09, 2307.78it/s] 65% 40452/61865 [00:13<00:08, 2543.57it/s] 66% 40733/61865 [00:13<00:09, 2237.89it/s] 66% 41020/61865 [00:13<00:08, 2382.28it/s] 67% 41279/61865 [00:13<00:09, 2162.32it/s] 67% 41650/61865 [00:14<00:08, 2471.51it/s] 68% 42015/61865 [00:14<00:07, 2734.96it/s] 68% 42317/61865 [00:14<00:08, 2342.08it/s] 69% 42581/61865 [00:14<00:09, 1960.93it/s] 69% 42809/61865 [00:14<00:10, 1875.71it/s] 70% 43234/61865 [00:14<00:08, 2252.55it/s] 70% 43509/61865 [00:14<00:08, 2218.03it/s] 71% 43766/61865 [00:14<00:08, 2140.41it/s] 71% 44005/61865 [00:15<00:08, 2170.20it/s] 72% 44240/61865 [00:15<00:08, 2069.33it/s] 72% 44674/61865 [00:15<00:07, 2453.15it/s] 73% 44958/61865 [00:15<00:07, 2217.60it/s] 73% 45248/61865 [00:15<00:06, 2385.74it/s] 74% 45513/61865 [00:15<00:07, 2156.55it/s] 74% 45751/61865 [00:15<00:08, 1826.58it/s] 74% 45958/61865 [00:16<00:09, 1630.90it/s] 75% 46142/61865 [00:16<00:09, 1644.11it/s] 75% 46555/61865 [00:16<00:07, 2006.00it/s] 76% 46980/61865 [00:16<00:06, 2382.39it/s] 76% 47282/61865 [00:16<00:06, 2290.78it/s] 77% 47557/61865 [00:16<00:06, 2079.50it/s] 77% 47924/61865 [00:16<00:05, 2389.46it/s] 78% 48353/61865 [00:16<00:04, 2755.32it/s] 79% 48686/61865 [00:16<00:04, 2905.75it/s] 79% 49014/61865 [00:17<00:04, 2578.28it/s] 80% 49386/61865 [00:17<00:04, 2839.06it/s] 80% 49764/61865 [00:17<00:03, 3067.09it/s] 81% 50136/61865 [00:17<00:03, 3237.24it/s] 82% 50482/61865 [00:17<00:03, 2991.69it/s] 82% 50800/61865 [00:17<00:04, 2354.34it/s] 83% 51164/61865 [00:17<00:04, 2632.58it/s] 83% 51492/61865 [00:17<00:03, 2785.78it/s] 84% 51798/61865 [00:18<00:05, 1935.70it/s] 84% 52046/61865 [00:18<00:05, 1926.49it/s] 85% 52277/61865 [00:18<00:04, 1927.23it/s] 85% 52497/61865 [00:18<00:05, 1828.60it/s] 85% 52868/61865 [00:18<00:04, 2156.62it/s] 86% 53121/61865 [00:18<00:04, 2021.47it/s] 86% 53402/61865 [00:18<00:03, 2206.82it/s] 87% 53648/61865 [00:19<00:03, 2166.23it/s] 87% 54009/61865 [00:19<00:03, 2460.84it/s] 88% 54281/61865 [00:19<00:03, 2420.80it/s] 88% 54542/61865 [00:19<00:02, 2453.99it/s] 89% 54801/61865 [00:19<00:02, 2431.27it/s] 89% 55188/61865 [00:19<00:02, 2736.14it/s] 90% 55537/61865 [00:19<00:02, 2924.03it/s] 90% 55931/61865 [00:19<00:01, 3168.52it/s] 91% 56343/61865 [00:19<00:01, 3404.26it/s] 92% 56748/61865 [00:20<00:01, 3574.10it/s] 92% 57120/61865 [00:20<00:01, 3023.85it/s] 93% 57447/61865 [00:20<00:01, 2595.12it/s] 93% 57735/61865 [00:20<00:01, 2119.27it/s] 94% 58004/61865 [00:20<00:01, 2262.80it/s] 94% 58257/61865 [00:20<00:01, 1910.87it/s] 95% 58514/61865 [00:20<00:01, 2069.91it/s] 95% 58745/61865 [00:21<00:01, 1966.11it/s] 95% 58983/61865 [00:21<00:01, 2073.03it/s] 96% 59205/61865 [00:21<00:01, 1909.37it/s] 96% 59588/61865 [00:21<00:01, 2246.67it/s] 97% 59845/61865 [00:21<00:00, 2167.65it/s] 97% 60085/61865 [00:21<00:00, 2143.16it/s] 98% 60504/61865 [00:21<00:00, 2510.20it/s] 98% 60791/61865 [00:21<00:00, 2501.37it/s] 99% 61227/61865 [00:21<00:00, 2868.09it/s] 99% 61551/61865 [00:22<00:00, 2411.32it/s]100% 61861/61865 [00:22<00:00, 2581.93it/s]100% 61865/61865 [00:22<00:00, 2783.38it/s]
Number of tasks = 645
Class sizes
CHEMBL1033994 0: 41.98%, 1: 58.02%
CHEMBL1119333 0: 9.59%, 1: 90.41%
CHEMBL1217000 0: 52.41%, 1: 47.59%
CHEMBL1243965 0: 17.11%, 1: 82.89%
CHEMBL1243966 0: 41.96%, 1: 58.04%
CHEMBL1243967 0: 10.17%, 1: 89.83%
CHEMBL1243968 0: 15.06%, 1: 84.94%
CHEMBL1243970 0: 6.91%, 1: 93.09%
CHEMBL1243972 0: 9.92%, 1: 90.08%
CHEMBL1243976 0: 28.99%, 1: 71.01%
CHEMBL1246087 0: 33.88%, 1: 66.12%
CHEMBL1246088 0: 48.37%, 1: 51.63%
CHEMBL1613762 0: 2.45%, 1: 97.55%
CHEMBL1613779 0: 58.47%, 1: 41.53%
CHEMBL1613785 0: 43.22%, 1: 56.78%
CHEMBL1613787 0: 69.08%, 1: 30.92%
CHEMBL1613807 0: 95.99%, 1: 4.01%
CHEMBL1613813 0: 44.20%, 1: 55.80%
CHEMBL1613814 0: 53.85%, 1: 46.15%
CHEMBL1613817 0: 84.86%, 1: 15.14%
CHEMBL1613853 0: 41.86%, 1: 58.14%
CHEMBL1613861 0: 14.47%, 1: 85.53%
CHEMBL1613864 0: 5.19%, 1: 94.81%
CHEMBL1613867 0: 97.13%, 1: 2.87%
CHEMBL1613870 0: 15.80%, 1: 84.20%
CHEMBL1613871 0: 6.15%, 1: 93.85%
CHEMBL1613874 0: 65.78%, 1: 34.22%
CHEMBL1613876 0: 54.35%, 1: 45.65%
CHEMBL1613884 0: 21.51%, 1: 78.49%
CHEMBL1613890 0: 34.85%, 1: 65.15%
CHEMBL1613897 0: 46.64%, 1: 53.36%
CHEMBL1613898 0: 75.45%, 1: 24.55%
CHEMBL1613904 0: 50.77%, 1: 49.23%
CHEMBL1613907 0: 5.34%, 1: 94.66%
CHEMBL1613926 0: 30.15%, 1: 69.85%
CHEMBL1613928 0: 45.90%, 1: 54.10%
CHEMBL1613929 0: 81.25%, 1: 18.75%
CHEMBL1613941 0: 32.58%, 1: 67.42%
CHEMBL1613942 0: 41.43%, 1: 58.57%
CHEMBL1613947 0: 46.01%, 1: 53.99%
CHEMBL1613949 0: 60.13%, 1: 39.87%
CHEMBL1613950 0: 43.05%, 1: 56.95%
CHEMBL1613955 0: 54.04%, 1: 45.96%
CHEMBL1613962 0: 24.26%, 1: 75.74%
CHEMBL1613967 0: 44.59%, 1: 55.41%
CHEMBL1613981 0: 58.85%, 1: 41.15%
CHEMBL1613991 0: 14.98%, 1: 85.02%
CHEMBL1613997 0: 7.73%, 1: 92.27%
CHEMBL1614001 0: 98.28%, 1: 1.72%
CHEMBL1614004 0: 14.66%, 1: 85.34%
CHEMBL1614016 0: 12.22%, 1: 87.78%
CHEMBL1614030 0: 19.96%, 1: 80.04%
CHEMBL1614034 0: 2.63%, 1: 97.37%
CHEMBL1614035 0: 77.14%, 1: 22.86%
CHEMBL1614049 0: 39.63%, 1: 60.37%
CHEMBL1614053 0: 42.48%, 1: 57.52%
CHEMBL1614063 0: 95.18%, 1: 4.82%
CHEMBL1614065 0: 9.71%, 1: 90.29%
CHEMBL1614066 0: 94.74%, 1: 5.26%
CHEMBL1614069 0: 56.82%, 1: 43.18%
CHEMBL1614072 0: 50.36%, 1: 49.64%
CHEMBL1614084 0: 13.26%, 1: 86.74%
CHEMBL1614091 0: 4.43%, 1: 95.57%
CHEMBL1614092 0: 47.50%, 1: 52.50%
CHEMBL1614097 0: 46.99%, 1: 53.01%
CHEMBL1614098 0: 97.25%, 1: 2.75%
CHEMBL1614104 0: 7.74%, 1: 92.26%
CHEMBL1614105 0: 6.12%, 1: 93.88%
CHEMBL1614109 0: 59.87%, 1: 40.13%
CHEMBL1614128 0: 10.35%, 1: 89.65%
CHEMBL1614131 0: 97.14%, 1: 2.86%
CHEMBL1614132 0: 42.07%, 1: 57.93%
CHEMBL1614138 0: 67.83%, 1: 32.17%
CHEMBL1614155 0: 25.40%, 1: 74.60%
CHEMBL1614158 0: 74.52%, 1: 25.48%
CHEMBL1614167 0: 16.17%, 1: 83.83%
CHEMBL1614170 0: 68.86%, 1: 31.14%
CHEMBL1614171 0: 93.77%, 1: 6.23%
CHEMBL1614175 0: 80.66%, 1: 19.34%
CHEMBL1614185 0: 26.17%, 1: 73.83%
CHEMBL1614197 0: 5.26%, 1: 94.74%
CHEMBL1614199 0: 49.66%, 1: 50.34%
CHEMBL1614202 0: 7.32%, 1: 92.68%
CHEMBL1614215 0: 52.76%, 1: 47.24%
CHEMBL1614216 0: 48.52%, 1: 51.48%
CHEMBL1614218 0: 22.36%, 1: 77.64%
CHEMBL1614225 0: 62.50%, 1: 37.50%
CHEMBL1614244 0: 38.85%, 1: 61.15%
CHEMBL1614247 0: 44.34%, 1: 55.66%
CHEMBL1614252 0: 60.11%, 1: 39.89%
CHEMBL1614255 0: 61.26%, 1: 38.74%
CHEMBL1614259 0: 32.82%, 1: 67.18%
CHEMBL1614272 0: 67.71%, 1: 32.29%
CHEMBL1614276 0: 51.74%, 1: 48.26%
CHEMBL1614287 0: 85.53%, 1: 14.47%
CHEMBL1614288 0: 72.51%, 1: 27.49%
CHEMBL1614290 0: 4.51%, 1: 95.49%
CHEMBL1614295 0: 2.29%, 1: 97.71%
CHEMBL1614301 0: 19.74%, 1: 80.26%
CHEMBL1614304 0: 63.76%, 1: 36.24%
CHEMBL1614309 0: 27.66%, 1: 72.34%
CHEMBL1614311 0: 53.76%, 1: 46.24%
CHEMBL1614314 0: 94.70%, 1: 5.30%
CHEMBL1614319 0: 72.16%, 1: 27.84%
CHEMBL1614320 0: 29.79%, 1: 70.21%
CHEMBL1614321 0: 60.16%, 1: 39.84%
CHEMBL1614328 0: 46.64%, 1: 53.36%
CHEMBL1614329 0: 40.69%, 1: 59.31%
CHEMBL1614336 0: 47.01%, 1: 52.99%
CHEMBL1614344 0: 67.72%, 1: 32.28%
CHEMBL1614356 0: 43.90%, 1: 56.10%
CHEMBL1614359 0: 50.26%, 1: 49.74%
CHEMBL1614363 0: 53.19%, 1: 46.81%
CHEMBL1614385 0: 93.27%, 1: 6.73%
CHEMBL1614388 0: 56.19%, 1: 43.81%
CHEMBL1614393 0: 45.00%, 1: 55.00%
CHEMBL1614395 0: 11.32%, 1: 88.68%
CHEMBL1614403 0: 88.15%, 1: 11.85%
CHEMBL1614423 0: 57.84%, 1: 42.16%
CHEMBL1614425 0: 38.24%, 1: 61.76%
CHEMBL1614433 0: 60.77%, 1: 39.23%
CHEMBL1614434 0: 80.25%, 1: 19.75%
CHEMBL1614456 0: 3.36%, 1: 96.64%
CHEMBL1614466 0: 10.32%, 1: 89.68%
CHEMBL1614469 0: 24.90%, 1: 75.10%
CHEMBL1614477 0: 43.75%, 1: 56.25%
CHEMBL1614478 0: 12.50%, 1: 87.50%
CHEMBL1614480 0: 85.71%, 1: 14.29%
CHEMBL1614484 0: 9.01%, 1: 90.99%
CHEMBL1614492 0: 40.54%, 1: 59.46%
CHEMBL1614499 0: 44.47%, 1: 55.53%
CHEMBL1614503 0: 40.30%, 1: 59.70%
CHEMBL1614504 0: 17.80%, 1: 82.20%
CHEMBL1614509 0: 79.43%, 1: 20.57%
CHEMBL1614512 0: 62.79%, 1: 37.21%
CHEMBL1614514 0: 83.07%, 1: 16.93%
CHEMBL1614515 0: 19.61%, 1: 80.39%
CHEMBL1614516 0: 96.81%, 1: 3.19%
CHEMBL1614522 0: 28.55%, 1: 71.45%
CHEMBL1614524 0: 12.98%, 1: 87.02%
CHEMBL1614528 0: 40.91%, 1: 59.09%
CHEMBL1614547 0: 72.51%, 1: 27.49%
CHEMBL1614548 0: 17.95%, 1: 82.05%
CHEMBL1614549 0: 84.25%, 1: 15.75%
CHEMBL1614550 0: 9.30%, 1: 90.70%
CHEMBL1614554 0: 71.64%, 1: 28.36%
CHEMBL1676103 0: 39.85%, 1: 60.15%
CHEMBL1737860 0: 3.60%, 1: 96.40%
CHEMBL1737863 0: 36.27%, 1: 63.73%
CHEMBL1737865 0: 61.01%, 1: 38.99%
CHEMBL1737868 0: 79.41%, 1: 20.59%
CHEMBL1737910 0: 45.71%, 1: 54.29%
CHEMBL1737912 0: 26.51%, 1: 73.49%
CHEMBL1737942 0: 44.52%, 1: 55.48%
CHEMBL1737951 0: 51.83%, 1: 48.17%
CHEMBL1737961 0: 93.34%, 1: 6.66%
CHEMBL1737966 0: 21.36%, 1: 78.64%
CHEMBL1737967 0: 89.17%, 1: 10.83%
CHEMBL1737977 0: 13.87%, 1: 86.13%
CHEMBL1737978 0: 18.18%, 1: 81.82%
CHEMBL1737979 0: 8.94%, 1: 91.06%
CHEMBL1738019 0: 24.85%, 1: 75.15%
CHEMBL1738021 0: 10.87%, 1: 89.13%
CHEMBL1738025 0: 33.80%, 1: 66.20%
CHEMBL1738040 0: 73.48%, 1: 26.52%
CHEMBL1738043 0: 46.43%, 1: 53.57%
CHEMBL1738079 0: 3.88%, 1: 96.12%
CHEMBL1738080 0: 76.43%, 1: 23.57%
CHEMBL1738091 0: 89.77%, 1: 10.23%
CHEMBL1738097 0: 72.41%, 1: 27.59%
CHEMBL1738131 0: 68.59%, 1: 31.41%
CHEMBL1738164 0: 79.79%, 1: 20.21%
CHEMBL1738171 0: 85.45%, 1: 14.55%
CHEMBL1738183 0: 59.62%, 1: 40.38%
CHEMBL1738197 0: 36.90%, 1: 63.10%
CHEMBL1738202 0: 3.47%, 1: 96.53%
CHEMBL1738242 0: 16.55%, 1: 83.45%
CHEMBL1738249 0: 86.53%, 1: 13.47%
CHEMBL1738253 0: 7.33%, 1: 92.67%
CHEMBL1738319 0: 59.17%, 1: 40.83%
CHEMBL1738325 0: 96.86%, 1: 3.14%
CHEMBL1738362 0: 21.43%, 1: 78.57%
CHEMBL1738369 0: 56.34%, 1: 43.66%
CHEMBL1738371 0: 81.97%, 1: 18.03%
CHEMBL1738391 0: 68.38%, 1: 31.62%
CHEMBL1738400 0: 77.86%, 1: 22.14%
CHEMBL1738402 0: 54.19%, 1: 45.81%
CHEMBL1738407 0: 85.58%, 1: 14.42%
CHEMBL1738408 0: 2.18%, 1: 97.82%
CHEMBL1738414 0: 5.11%, 1: 94.89%
CHEMBL1738418 0: 68.85%, 1: 31.15%
CHEMBL1738422 0: 4.29%, 1: 95.71%
CHEMBL1738424 0: 77.50%, 1: 22.50%
CHEMBL1738430 0: 25.54%, 1: 74.46%
CHEMBL1738438 0: 2.76%, 1: 97.24%
CHEMBL1738482 0: 7.69%, 1: 92.31%
CHEMBL1738485 0: 17.65%, 1: 82.35%
CHEMBL1738494 0: 97.26%, 1: 2.74%
CHEMBL1738495 0: 1.70%, 1: 98.30%
CHEMBL1738497 0: 64.50%, 1: 35.50%
CHEMBL1738502 0: 15.20%, 1: 84.80%
CHEMBL1738510 0: 54.41%, 1: 45.59%
CHEMBL1738512 0: 3.05%, 1: 96.95%
CHEMBL1738513 0: 28.64%, 1: 71.36%
CHEMBL1738552 0: 64.70%, 1: 35.30%
CHEMBL1738575 0: 65.65%, 1: 34.35%
CHEMBL1738578 0: 23.30%, 1: 76.70%
CHEMBL1738579 0: 22.79%, 1: 77.21%
CHEMBL1738593 0: 17.65%, 1: 82.35%
CHEMBL1738599 0: 16.07%, 1: 83.93%
CHEMBL1738602 0: 42.70%, 1: 57.30%
CHEMBL1738610 0: 42.07%, 1: 57.93%
CHEMBL1738611 0: 2.23%, 1: 97.77%
CHEMBL1738632 0: 86.32%, 1: 13.68%
CHEMBL1738633 0: 4.05%, 1: 95.95%
CHEMBL1738639 0: 64.47%, 1: 35.53%
CHEMBL1738642 0: 34.82%, 1: 65.18%
CHEMBL1738670 0: 9.18%, 1: 90.82%
CHEMBL1738673 0: 12.98%, 1: 87.02%
CHEMBL1738679 0: 63.95%, 1: 36.05%
CHEMBL1738682 0: 62.45%, 1: 37.55%
CHEMBL1794296 0: 44.02%, 1: 55.98%
CHEMBL1794303 0: 2.71%, 1: 97.29%
CHEMBL1794320 0: 96.68%, 1: 3.32%
CHEMBL1794327 0: 91.59%, 1: 8.41%
CHEMBL1794336 0: 53.07%, 1: 46.93%
CHEMBL1794350 0: 3.44%, 1: 96.56%
CHEMBL1794355 0: 5.26%, 1: 94.74%
CHEMBL1794356 0: 13.92%, 1: 86.08%
CHEMBL1794358 0: 94.14%, 1: 5.86%
CHEMBL1794365 0: 7.12%, 1: 92.88%
CHEMBL1794383 0: 6.90%, 1: 93.10%
CHEMBL1794387 0: 65.04%, 1: 34.96%
CHEMBL1794393 0: 67.55%, 1: 32.45%
CHEMBL1794396 0: 3.96%, 1: 96.04%
CHEMBL1794410 0: 23.98%, 1: 76.02%
CHEMBL1794413 0: 6.02%, 1: 93.98%
CHEMBL1794438 0: 40.17%, 1: 59.83%
CHEMBL1794445 0: 87.84%, 1: 12.16%
CHEMBL1794452 0: 94.30%, 1: 5.70%
CHEMBL1794457 0: 92.98%, 1: 7.02%
CHEMBL1794460 0: 28.63%, 1: 71.37%
CHEMBL1794467 0: 18.39%, 1: 81.61%
CHEMBL1794475 0: 56.02%, 1: 43.98%
CHEMBL1794484 0: 44.93%, 1: 55.07%
CHEMBL1794494 0: 5.33%, 1: 94.67%
CHEMBL1794497 0: 8.47%, 1: 91.53%
CHEMBL1794499 0: 73.90%, 1: 26.10%
CHEMBL1794508 0: 94.63%, 1: 5.37%
CHEMBL1794516 0: 3.21%, 1: 96.79%
CHEMBL1794522 0: 58.65%, 1: 41.35%
CHEMBL1794528 0: 79.86%, 1: 20.14%
CHEMBL1794531 0: 92.03%, 1: 7.97%
CHEMBL1794548 0: 88.74%, 1: 11.26%
CHEMBL1794566 0: 6.05%, 1: 93.95%
CHEMBL1794567 0: 9.61%, 1: 90.39%
CHEMBL1794570 0: 92.79%, 1: 7.21%
CHEMBL1794571 0: 53.55%, 1: 46.45%
CHEMBL1794573 0: 10.54%, 1: 89.46%
CHEMBL1794574 0: 1.09%, 1: 98.91%
CHEMBL1794578 0: 46.99%, 1: 53.01%
CHEMBL1794581 0: 19.65%, 1: 80.35%
CHEMBL1863510 0: 2.14%, 1: 97.86%
CHEMBL1863512 0: 2.79%, 1: 97.21%
CHEMBL1909084 0: 99.28%, 1: 0.72%
CHEMBL1909085 0: 92.10%, 1: 7.90%
CHEMBL1909086 0: 91.52%, 1: 8.48%
CHEMBL1909087 0: 91.86%, 1: 8.14%
CHEMBL1909088 0: 87.97%, 1: 12.03%
CHEMBL1909089 0: 88.69%, 1: 11.31%
CHEMBL1909090 0: 90.81%, 1: 9.19%
CHEMBL1909091 0: 97.24%, 1: 2.76%
CHEMBL1909092 0: 97.14%, 1: 2.86%
CHEMBL1909093 0: 98.42%, 1: 1.58%
CHEMBL1909094 0: 90.85%, 1: 9.15%
CHEMBL1909095 0: 98.56%, 1: 1.44%
CHEMBL1909097 0: 99.28%, 1: 0.72%
CHEMBL1909102 0: 92.94%, 1: 7.06%
CHEMBL1909103 0: 97.23%, 1: 2.77%
CHEMBL1909104 0: 87.06%, 1: 12.94%
CHEMBL1909105 0: 88.70%, 1: 11.30%
CHEMBL1909106 0: 98.57%, 1: 1.43%
CHEMBL1909107 0: 97.86%, 1: 2.14%
CHEMBL1909108 0: 93.04%, 1: 6.96%
CHEMBL1909109 0: 90.35%, 1: 9.65%
CHEMBL1909110 0: 92.47%, 1: 7.53%
CHEMBL1909111 0: 94.03%, 1: 5.97%
CHEMBL1909112 0: 90.91%, 1: 9.09%
CHEMBL1909114 0: 96.50%, 1: 3.50%
CHEMBL1909115 0: 96.00%, 1: 4.00%
CHEMBL1909116 0: 96.98%, 1: 3.02%
CHEMBL1909121 0: 92.80%, 1: 7.20%
CHEMBL1909123 0: 99.16%, 1: 0.84%
CHEMBL1909124 0: 99.40%, 1: 0.60%
CHEMBL1909130 0: 95.56%, 1: 4.44%
CHEMBL1909131 0: 97.01%, 1: 2.99%
CHEMBL1909132 0: 96.15%, 1: 3.85%
CHEMBL1909134 0: 95.19%, 1: 4.81%
CHEMBL1909135 0: 95.76%, 1: 4.24%
CHEMBL1909136 0: 93.20%, 1: 6.80%
CHEMBL1909138 0: 96.16%, 1: 3.84%
CHEMBL1909139 0: 93.84%, 1: 6.16%
CHEMBL1909140 0: 93.87%, 1: 6.13%
CHEMBL1909141 0: 89.73%, 1: 10.27%
CHEMBL1909142 0: 99.04%, 1: 0.96%
CHEMBL1909143 0: 93.01%, 1: 6.99%
CHEMBL1909145 0: 97.97%, 1: 2.03%
CHEMBL1909148 0: 98.57%, 1: 1.43%
CHEMBL1909150 0: 95.10%, 1: 4.90%
CHEMBL1909156 0: 94.28%, 1: 5.72%
CHEMBL1909157 0: 96.38%, 1: 3.62%
CHEMBL1909158 0: 99.05%, 1: 0.95%
CHEMBL1909159 0: 93.18%, 1: 6.82%
CHEMBL1909165 0: 97.79%, 1: 2.21%
CHEMBL1909169 0: 98.32%, 1: 1.68%
CHEMBL1909170 0: 92.35%, 1: 7.65%
CHEMBL1909171 0: 93.29%, 1: 6.71%
CHEMBL1909172 0: 92.82%, 1: 7.18%
CHEMBL1909173 0: 92.38%, 1: 7.62%
CHEMBL1909174 0: 92.71%, 1: 7.29%
CHEMBL1909180 0: 98.20%, 1: 1.80%
CHEMBL1909181 0: 97.71%, 1: 2.29%
CHEMBL1909182 0: 96.99%, 1: 3.01%
CHEMBL1909184 0: 98.93%, 1: 1.07%
CHEMBL1909186 0: 99.52%, 1: 0.48%
CHEMBL1909190 0: 98.66%, 1: 1.34%
CHEMBL1909191 0: 94.99%, 1: 5.01%
CHEMBL1909192 0: 99.52%, 1: 0.48%
CHEMBL1909200 0: 97.97%, 1: 2.03%
CHEMBL1909201 0: 97.72%, 1: 2.28%
CHEMBL1909203 0: 98.05%, 1: 1.95%
CHEMBL1909204 0: 97.17%, 1: 2.83%
CHEMBL1909205 0: 98.67%, 1: 1.33%
CHEMBL1909206 0: 99.16%, 1: 0.84%
CHEMBL1909209 0: 92.34%, 1: 7.66%
CHEMBL1909210 0: 96.05%, 1: 3.95%
CHEMBL1909211 0: 88.80%, 1: 11.20%
CHEMBL1909212 0: 98.30%, 1: 1.70%
CHEMBL1909213 0: 99.28%, 1: 0.72%
CHEMBL1909214 0: 98.79%, 1: 1.21%
CHEMBL1909215 0: 95.61%, 1: 4.39%
CHEMBL1963686 0: 61.95%, 1: 38.05%
CHEMBL1963687 0: 64.42%, 1: 35.58%
CHEMBL1963688 0: 62.52%, 1: 37.48%
CHEMBL1963689 0: 89.69%, 1: 10.31%
CHEMBL1963690 0: 57.36%, 1: 42.64%
CHEMBL1963691 0: 49.33%, 1: 50.67%
CHEMBL1963692 0: 53.73%, 1: 46.27%
CHEMBL1963693 0: 71.00%, 1: 29.00%
CHEMBL1963694 0: 91.05%, 1: 8.95%
CHEMBL1963695 0: 74.90%, 1: 25.10%
CHEMBL1963696 0: 77.85%, 1: 22.15%
CHEMBL1963697 0: 74.06%, 1: 25.94%
CHEMBL1963698 0: 74.60%, 1: 25.40%
CHEMBL1963699 0: 83.18%, 1: 16.82%
CHEMBL1963701 0: 67.32%, 1: 32.68%
CHEMBL1963702 0: 83.82%, 1: 16.18%
CHEMBL1963703 0: 68.65%, 1: 31.35%
CHEMBL1963704 0: 65.28%, 1: 34.72%
CHEMBL1963705 0: 55.92%, 1: 44.08%
CHEMBL1963706 0: 53.38%, 1: 46.62%
CHEMBL1963707 0: 53.25%, 1: 46.75%
CHEMBL1963708 0: 48.77%, 1: 51.23%
CHEMBL1963710 0: 63.21%, 1: 36.79%
CHEMBL1963711 0: 94.72%, 1: 5.28%
CHEMBL1963712 0: 75.76%, 1: 24.24%
CHEMBL1963714 0: 74.21%, 1: 25.79%
CHEMBL1963715 0: 50.28%, 1: 49.72%
CHEMBL1963716 0: 91.91%, 1: 8.09%
CHEMBL1963717 0: 55.50%, 1: 44.50%
CHEMBL1963718 0: 65.45%, 1: 34.55%
CHEMBL1963719 0: 63.39%, 1: 36.61%
CHEMBL1963720 0: 69.73%, 1: 30.27%
CHEMBL1963721 0: 56.94%, 1: 43.06%
CHEMBL1963722 0: 49.40%, 1: 50.60%
CHEMBL1963723 0: 53.82%, 1: 46.18%
CHEMBL1963724 0: 67.32%, 1: 32.68%
CHEMBL1963725 0: 69.97%, 1: 30.03%
CHEMBL1963727 0: 56.59%, 1: 43.41%
CHEMBL1963728 0: 92.02%, 1: 7.98%
CHEMBL1963729 0: 84.64%, 1: 15.36%
CHEMBL1963731 0: 61.35%, 1: 38.65%
CHEMBL1963733 0: 79.77%, 1: 20.23%
CHEMBL1963734 0: 79.51%, 1: 20.49%
CHEMBL1963735 0: 71.66%, 1: 28.34%
CHEMBL1963736 0: 78.32%, 1: 21.68%
CHEMBL1963737 0: 86.79%, 1: 13.21%
CHEMBL1963738 0: 61.18%, 1: 38.82%
CHEMBL1963739 0: 84.32%, 1: 15.68%
CHEMBL1963740 0: 64.30%, 1: 35.70%
CHEMBL1963741 0: 67.03%, 1: 32.97%
CHEMBL1963742 0: 73.47%, 1: 26.53%
CHEMBL1963743 0: 66.24%, 1: 33.76%
CHEMBL1963744 0: 71.97%, 1: 28.03%
CHEMBL1963745 0: 67.16%, 1: 32.84%
CHEMBL1963746 0: 66.34%, 1: 33.66%
CHEMBL1963747 0: 81.33%, 1: 18.67%
CHEMBL1963748 0: 58.75%, 1: 41.25%
CHEMBL1963749 0: 55.02%, 1: 44.98%
CHEMBL1963750 0: 58.61%, 1: 41.39%
CHEMBL1963751 0: 70.90%, 1: 29.10%
CHEMBL1963752 0: 64.78%, 1: 35.22%
CHEMBL1963753 0: 88.02%, 1: 11.98%
CHEMBL1963754 0: 59.12%, 1: 40.88%
CHEMBL1963756 0: 61.66%, 1: 38.34%
CHEMBL1963757 0: 73.28%, 1: 26.72%
CHEMBL1963758 0: 82.56%, 1: 17.44%
CHEMBL1963759 0: 81.38%, 1: 18.62%
CHEMBL1963760 0: 86.36%, 1: 13.64%
CHEMBL1963761 0: 83.63%, 1: 16.37%
CHEMBL1963763 0: 72.14%, 1: 27.86%
CHEMBL1963764 0: 62.50%, 1: 37.50%
CHEMBL1963765 0: 86.41%, 1: 13.59%
CHEMBL1963766 0: 81.38%, 1: 18.62%
CHEMBL1963767 0: 77.76%, 1: 22.24%
CHEMBL1963768 0: 77.63%, 1: 22.37%
CHEMBL1963770 0: 89.44%, 1: 10.56%
CHEMBL1963771 0: 53.53%, 1: 46.47%
CHEMBL1963772 0: 48.99%, 1: 51.01%
CHEMBL1963773 0: 59.00%, 1: 41.00%
CHEMBL1963775 0: 76.92%, 1: 23.08%
CHEMBL1963776 0: 87.71%, 1: 12.29%
CHEMBL1963777 0: 63.92%, 1: 36.08%
CHEMBL1963778 0: 51.70%, 1: 48.30%
CHEMBL1963779 0: 54.69%, 1: 45.31%
CHEMBL1963780 0: 89.06%, 1: 10.94%
CHEMBL1963781 0: 94.31%, 1: 5.69%
CHEMBL1963782 0: 75.86%, 1: 24.14%
CHEMBL1963783 0: 57.36%, 1: 42.64%
CHEMBL1963785 0: 70.10%, 1: 29.90%
CHEMBL1963786 0: 50.08%, 1: 49.92%
CHEMBL1963787 0: 66.39%, 1: 33.61%
CHEMBL1963789 0: 67.34%, 1: 32.66%
CHEMBL1963790 0: 57.93%, 1: 42.07%
CHEMBL1963791 0: 82.08%, 1: 17.92%
CHEMBL1963792 0: 85.73%, 1: 14.27%
CHEMBL1963793 0: 65.48%, 1: 34.52%
CHEMBL1963794 0: 77.53%, 1: 22.47%
CHEMBL1963795 0: 46.98%, 1: 53.02%
CHEMBL1963796 0: 69.76%, 1: 30.24%
CHEMBL1963797 0: 83.64%, 1: 16.36%
CHEMBL1963798 0: 89.45%, 1: 10.55%
CHEMBL1963799 0: 43.54%, 1: 56.46%
CHEMBL1963800 0: 64.88%, 1: 35.12%
CHEMBL1963801 0: 75.90%, 1: 24.10%
CHEMBL1963802 0: 61.41%, 1: 38.59%
CHEMBL1963803 0: 87.44%, 1: 12.56%
CHEMBL1963804 0: 65.90%, 1: 34.10%
CHEMBL1963805 0: 53.77%, 1: 46.23%
CHEMBL1963806 0: 41.19%, 1: 58.81%
CHEMBL1963807 0: 36.83%, 1: 63.17%
CHEMBL1963808 0: 68.82%, 1: 31.18%
CHEMBL1963809 0: 79.97%, 1: 20.03%
CHEMBL1963810 0: 43.69%, 1: 56.31%
CHEMBL1963811 0: 73.98%, 1: 26.02%
CHEMBL1963812 0: 53.08%, 1: 46.92%
CHEMBL1963813 0: 79.19%, 1: 20.81%
CHEMBL1963814 0: 51.10%, 1: 48.90%
CHEMBL1963815 0: 71.80%, 1: 28.20%
CHEMBL1963816 0: 89.64%, 1: 10.36%
CHEMBL1963817 0: 71.90%, 1: 28.10%
CHEMBL1963818 0: 55.13%, 1: 44.87%
CHEMBL1963819 0: 62.64%, 1: 37.36%
CHEMBL1963820 0: 84.46%, 1: 15.54%
CHEMBL1963821 0: 79.31%, 1: 20.69%
CHEMBL1963822 0: 90.91%, 1: 9.09%
CHEMBL1963823 0: 76.61%, 1: 23.39%
CHEMBL1963824 0: 39.57%, 1: 60.43%
CHEMBL1963825 0: 51.12%, 1: 48.88%
CHEMBL1963826 0: 59.25%, 1: 40.75%
CHEMBL1963827 0: 50.74%, 1: 49.26%
CHEMBL1963828 0: 80.86%, 1: 19.14%
CHEMBL1963829 0: 86.41%, 1: 13.59%
CHEMBL1963831 0: 52.56%, 1: 47.44%
CHEMBL1963832 0: 72.98%, 1: 27.02%
CHEMBL1963833 0: 87.13%, 1: 12.87%
CHEMBL1963834 0: 59.69%, 1: 40.31%
CHEMBL1963836 0: 85.18%, 1: 14.82%
CHEMBL1963837 0: 26.01%, 1: 73.99%
CHEMBL1963838 0: 75.83%, 1: 24.17%
CHEMBL1963846 0: 85.07%, 1: 14.93%
CHEMBL1963867 0: 73.13%, 1: 26.87%
CHEMBL1963893 0: 85.61%, 1: 14.39%
CHEMBL1963898 0: 75.62%, 1: 24.38%
CHEMBL1963907 0: 64.35%, 1: 35.65%
CHEMBL1963910 0: 10.50%, 1: 89.50%
CHEMBL1963915 0: 15.00%, 1: 85.00%
CHEMBL1963916 0: 40.48%, 1: 59.52%
CHEMBL1963918 0: 73.35%, 1: 26.65%
CHEMBL1963930 0: 3.64%, 1: 96.36%
CHEMBL1963933 0: 93.91%, 1: 6.09%
CHEMBL1963934 0: 3.64%, 1: 96.36%
CHEMBL1963937 0: 39.27%, 1: 60.73%
CHEMBL1963938 0: 65.85%, 1: 34.15%
CHEMBL1963940 0: 33.79%, 1: 66.21%
CHEMBL1963947 0: 6.25%, 1: 93.75%
CHEMBL1963966 0: 3.29%, 1: 96.71%
CHEMBL1963968 0: 51.52%, 1: 48.48%
CHEMBL1963969 0: 25.83%, 1: 74.17%
CHEMBL1963971 0: 10.20%, 1: 89.80%
CHEMBL1963974 0: 88.26%, 1: 11.74%
CHEMBL1963983 0: 76.39%, 1: 23.61%
CHEMBL1964000 0: 76.77%, 1: 23.23%
CHEMBL1964005 0: 6.67%, 1: 93.33%
CHEMBL1964010 0: 76.06%, 1: 23.94%
CHEMBL1964015 0: 73.77%, 1: 26.23%
CHEMBL1964022 0: 76.61%, 1: 23.39%
CHEMBL1964023 0: 73.75%, 1: 26.25%
CHEMBL1964081 0: 47.98%, 1: 52.02%
CHEMBL1964095 0: 65.41%, 1: 34.59%
CHEMBL1964096 0: 11.36%, 1: 88.64%
CHEMBL1964100 0: 79.62%, 1: 20.38%
CHEMBL1964101 0: 34.62%, 1: 65.38%
CHEMBL1964102 0: 71.54%, 1: 28.46%
CHEMBL1964103 0: 51.58%, 1: 48.42%
CHEMBL1964104 0: 63.88%, 1: 36.12%
CHEMBL1964105 0: 64.53%, 1: 35.47%
CHEMBL1964106 0: 57.96%, 1: 42.04%
CHEMBL1964108 0: 69.62%, 1: 30.38%
CHEMBL1964111 0: 73.41%, 1: 26.59%
CHEMBL1964112 0: 87.59%, 1: 12.41%
CHEMBL1964114 0: 61.11%, 1: 38.89%
CHEMBL1964115 0: 43.36%, 1: 56.64%
CHEMBL1964116 0: 70.55%, 1: 29.45%
CHEMBL1964117 0: 63.66%, 1: 36.34%
CHEMBL1964118 0: 60.33%, 1: 39.67%
CHEMBL1964119 0: 57.23%, 1: 42.77%
CHEMBL2028073 0: 76.99%, 1: 23.01%
CHEMBL2028074 0: 74.88%, 1: 25.12%
CHEMBL2028075 0: 56.46%, 1: 43.54%
CHEMBL2028076 0: 85.04%, 1: 14.96%
CHEMBL2028077 0: 96.19%, 1: 3.81%
CHEMBL2095143 0: 93.77%, 1: 6.23%
CHEMBL2098499 0: 74.45%, 1: 25.55%
CHEMBL2114715 0: 60.31%, 1: 39.69%
CHEMBL2114716 0: 12.27%, 1: 87.73%
CHEMBL2114719 0: 77.41%, 1: 22.59%
CHEMBL2114725 0: 51.74%, 1: 48.26%
CHEMBL2114727 0: 16.96%, 1: 83.04%
CHEMBL2114728 0: 9.82%, 1: 90.18%
CHEMBL2114737 0: 87.93%, 1: 12.07%
CHEMBL2114742 0: 33.90%, 1: 66.10%
CHEMBL2114748 0: 59.44%, 1: 40.56%
CHEMBL2114752 0: 15.02%, 1: 84.98%
CHEMBL2114753 0: 8.36%, 1: 91.64%
CHEMBL2114761 0: 78.40%, 1: 21.60%
CHEMBL2114764 0: 42.92%, 1: 57.08%
CHEMBL2114771 0: 64.02%, 1: 35.98%
CHEMBL2114791 0: 1.99%, 1: 98.01%
CHEMBL2114797 0: 42.41%, 1: 57.59%
CHEMBL2114811 0: 10.16%, 1: 89.84%
CHEMBL2114814 0: 44.98%, 1: 55.02%
CHEMBL2114816 0: 37.94%, 1: 62.06%
CHEMBL2114818 0: 4.15%, 1: 95.85%
CHEMBL2114820 0: 16.31%, 1: 83.69%
CHEMBL2114821 0: 18.77%, 1: 81.23%
CHEMBL2114823 0: 20.90%, 1: 79.10%
CHEMBL2114825 0: 18.62%, 1: 81.38%
CHEMBL2114827 0: 93.80%, 1: 6.20%
CHEMBL2114829 0: 25.17%, 1: 74.83%
CHEMBL2114830 0: 20.17%, 1: 79.83%
CHEMBL2114839 0: 28.69%, 1: 71.31%
CHEMBL2114842 0: 62.00%, 1: 38.00%
CHEMBL2114844 0: 32.59%, 1: 67.41%
CHEMBL2114847 0: 13.84%, 1: 86.16%
CHEMBL2114850 0: 8.62%, 1: 91.38%
CHEMBL2114852 0: 3.84%, 1: 96.16%
CHEMBL2114857 0: 50.00%, 1: 50.00%
CHEMBL2114858 0: 32.36%, 1: 67.64%
CHEMBL2114863 0: 33.55%, 1: 66.45%
CHEMBL2114865 0: 3.43%, 1: 96.57%
CHEMBL2114872 0: 9.51%, 1: 90.49%
CHEMBL2114874 0: 28.03%, 1: 71.97%
CHEMBL2114882 0: 92.25%, 1: 7.75%
CHEMBL2114896 0: 51.22%, 1: 48.78%
CHEMBL2114899 0: 87.76%, 1: 12.24%
CHEMBL2114909 0: 1.94%, 1: 98.06%
CHEMBL2114916 0: 42.50%, 1: 57.50%
CHEMBL2114926 0: 41.57%, 1: 58.43%
CHEMBL2114928 0: 86.06%, 1: 13.94%
CHEMBL2114930 0: 4.68%, 1: 95.32%
CHEMBL2114931 0: 97.44%, 1: 2.56%
CHEMBL2114932 0: 4.35%, 1: 95.65%
CHEMBL2354206 0: 93.86%, 1: 6.14%
CHEMBL2354207 0: 15.46%, 1: 84.54%
CHEMBL2354217 0: 20.69%, 1: 79.31%
CHEMBL2354227 0: 21.70%, 1: 78.30%
CHEMBL2354228 0: 59.88%, 1: 40.12%
CHEMBL2354248 0: 96.55%, 1: 3.45%
CHEMBL2354256 0: 7.85%, 1: 92.15%
CHEMBL2354269 0: 9.42%, 1: 90.58%
CHEMBL2354274 0: 5.26%, 1: 94.74%
CHEMBL2354276 0: 75.30%, 1: 24.70%
CHEMBL2354289 0: 34.38%, 1: 65.62%
CHEMBL2354292 0: 77.91%, 1: 22.09%
CHEMBL2354303 0: 86.76%, 1: 13.24%
CHEMBL2354305 0: 14.37%, 1: 85.63%
CHEMBL2354308 0: 9.09%, 1: 90.91%
CHEMBL2378059 0: 2.84%, 1: 97.16%
CHEMBL2449559 0: 17.37%, 1: 82.63%
CHEMBL3214794 0: 64.60%, 1: 35.40%
CHEMBL3214801 0: 28.46%, 1: 71.54%
CHEMBL3214812 0: 33.19%, 1: 66.81%
CHEMBL3214816 0: 25.43%, 1: 74.57%
CHEMBL3214851 0: 77.02%, 1: 22.98%
CHEMBL3214906 0: 61.72%, 1: 38.28%
CHEMBL3214907 0: 48.12%, 1: 51.88%
CHEMBL3214929 0: 44.25%, 1: 55.75%
CHEMBL3214930 0: 79.15%, 1: 20.85%
CHEMBL3214944 0: 32.70%, 1: 67.30%
CHEMBL3214958 0: 69.31%, 1: 30.69%
CHEMBL3214959 0: 31.09%, 1: 68.91%
CHEMBL3214970 0: 20.09%, 1: 79.91%
CHEMBL3214992 0: 27.76%, 1: 72.24%
CHEMBL3214993 0: 32.48%, 1: 67.52%
CHEMBL3214997 0: 27.27%, 1: 72.73%
CHEMBL3215006 0: 73.18%, 1: 26.82%
CHEMBL3215013 0: 10.05%, 1: 89.95%
CHEMBL3215025 0: 7.49%, 1: 92.51%
CHEMBL3215034 0: 39.87%, 1: 60.13%
CHEMBL3215078 0: 41.84%, 1: 58.16%
CHEMBL3215092 0: 57.98%, 1: 42.02%
CHEMBL3215096 0: 30.30%, 1: 69.70%
CHEMBL3215112 0: 7.48%, 1: 92.52%
CHEMBL3215116 0: 83.87%, 1: 16.13%
CHEMBL3215128 0: 14.05%, 1: 85.95%
CHEMBL3215154 0: 44.44%, 1: 55.56%
CHEMBL3215157 0: 5.96%, 1: 94.04%
CHEMBL3215158 0: 12.59%, 1: 87.41%
CHEMBL3215171 0: 97.98%, 1: 2.02%
CHEMBL3215176 0: 91.72%, 1: 8.28%
CHEMBL3215185 0: 91.95%, 1: 8.05%
CHEMBL3215187 0: 7.98%, 1: 92.02%
CHEMBL3215216 0: 15.79%, 1: 84.21%
CHEMBL3215220 0: 91.18%, 1: 8.82%
CHEMBL3215227 0: 32.66%, 1: 67.34%
CHEMBL3215228 0: 88.71%, 1: 11.29%
CHEMBL3215276 0: 7.46%, 1: 92.54%
CHEMBL3215277 0: 90.53%, 1: 9.47%
CHEMBL3215288 0: 27.05%, 1: 72.95%
CHEMBL829401 0: 10.53%, 1: 89.47%
CHEMBL830839 0: 3.07%, 1: 96.93%
CHEMBL830842 0: 10.53%, 1: 89.47%
CHEMBL914418 0: 14.93%, 1: 85.07%
CHEMBL918058 0: 93.33%, 1: 6.67%
  0% 0/224 [00:00<?, ?it/s]100% 224/224 [00:00<00:00, 4746.32it/s]
Total scaffolds = 139 | train scaffolds = 105 | val scaffolds = 19 | test scaffolds = 15
/home/apappu/thesis/molecule-metalearning2/molecule-metalearning/chemprop/chemprop/data/scaffold.py:151: RuntimeWarning: Mean of empty slice
  target_avgs.append(np.nanmean(targets, axis=0))
Label averages per scaffold, in decreasing order of scaffold frequency,capped at 10 scaffolds and 20 labels: [(array([nan, nan, nan, nan, nan, nan, nan, nan, nan, nan, nan, nan, nan,
       nan,  1.,  1., nan,  1., nan, nan]), array([0, 0, 0, 0, 0, 0, 0, 0, 0, 0, 0, 0, 0, 0, 6, 1, 0, 6, 0, 0])), (array([       nan,        nan,        nan,        nan,        nan,
              nan,        nan,        nan,        nan,        nan,
              nan,        nan,        nan,        nan, 0.6       ,
              nan,        nan, 0.66666667,        nan,        nan]), array([ 0,  0,  0,  0,  0,  0,  0,  0,  0,  0,  0,  0,  0,  0, 10,  0,  0,
