wandb: Tracking run with wandb version 0.9.3
wandb: Wandb version 0.9.4 is available!  To upgrade, please run:
wandb:  $ pip install wandb --upgrade
wandb: Run data is saved locally in wandb/run-20200812_145729-23o8bpa3
wandb: Syncing run fo_maml_CHEMBL1738021
wandb: ⭐️ View project at https://app.wandb.ai/apappu97/molecule-metalearning
wandb: 🚀 View run at https://app.wandb.ai/apappu97/molecule-metalearning/runs/23o8bpa3
wandb: Run `wandb off` to turn off syncing.
Setting args.meta_learning to True as we are meta learning and setting args.meta_test to True as we are meta testing

Fold 0
Command line
python /home/apappu/thesis/molecule-metalearning2/molecule-metalearning/chemprop/meta_test.py --FO_MAML --seeds 2 3 4 5 7 --data_path /home/apappu/thesis/molecule-metalearning/filtered_chembl/chembl_less_1024_more_128_645_tasks.csv --meta_test_task CHEMBL1738021 --dataset_type classification --chembl_assay_metadata_pickle_path filtered_chembl/ --checkpoint_paths checkpoints/fo_maml/fold_0/maml_model/fo_maml_maml_model.pt --metric prc-auc --split_type scaffold_balanced --dropout 0.2 --ffn_hidden_size 400 --num_folds 5 --epochs 30 --num_workers 0 --results_save_dir results/metatesting/fo_maml/ --experiment_name fo_maml_CHEMBL1738021
Args
{'ANIL': False,
 'FO_MAML': True,
 'activation': 'ReLU',
 'atom_messages': False,
 'batch_size': 32,
 'bias': False,
 'cache_cutoff': 10000,
 'checkpoint_dir': None,
 'checkpoint_path': None,
 'checkpoint_paths': ['checkpoints/fo_maml/fold_0/maml_model/fo_maml_maml_model.pt'],
 'chembl_assay_metadata_pickle_path': 'filtered_chembl/',
 'class_balance': False,
 'config_path': None,
 'crossval_index_dir': None,
 'crossval_index_file': None,
 'crossval_index_sets': None,
 'data_path': '/home/apappu/thesis/molecule-metalearning/filtered_chembl/chembl_less_1024_more_128_645_tasks.csv',
 'dataset_type': 'classification',
 'depth': 3,
 'dropout': 0.2,
 'dummy': False,
 'ensemble_size': 1,
 'epochs': 30,
 'experiment_name': 'fo_maml_CHEMBL1738021',
 'features_generator': None,
 'features_only': False,
 'features_path': None,
 'features_size': None,
 'ffn_hidden_size': 400,
 'ffn_num_layers': 2,
 'final_lr': 0.0001,
 'folds_file': None,
 'gpu': None,
 'hidden_size': 300,
 'init_lr': 0.0001,
 'inner_loop_lr': 0.05,
 'kaiming': True,
 'log_frequency': 10,
 'loss_queue_window': 500,
 'max_data_size': None,
 'max_lr': 0.001,
 'meta_batch_size': 32,
 'meta_learning': True,
 'meta_test': True,
 'meta_test_epochs': 30,
 'meta_test_lr': 0.0001,
 'meta_test_split_sizes': (0.8, 0.1, 0.1),
 'meta_test_task': 'CHEMBL1738021',
 'meta_train_split_sizes': (0.8, 0.2, 0),
 'metric': 'prc-auc',
 'minimize_score': False,
 'multiclass_num_classes': 3,
 'no_cuda': False,
 'no_features_scaling': False,
 'num_folds': 5,
 'num_inner_gradient_steps': 2,
 'num_lrs': 1,
 'num_tasks': None,
 'num_workers': 0,
 'outer_loop_lr': 0.0015,
 'pytorch_seed': 0,
 'quiet': False,
 'results_save_dir': 'results/metatesting/fo_maml/',
 'save_dir': '/tmp/2327396.5.gpu.q/tmp145_5jw7/fold_0',
 'save_smiles_splits': False,
 'seed': 2,
 'seeds': [2, 3, 4, 5, 7],
 'separate_test_features_path': None,
 'separate_test_path': None,
 'separate_val_features_path': None,
 'separate_val_path': None,
 'show_individual_scores': False,
 'smiles_column': None,
 'split_sizes': (0.8, 0.1, 0.1),
 'split_type': 'scaffold_balanced',
 'target_columns': None,
 'task_names': None,
 'test': False,
 'test_fold_index': None,
 'train_data_size': None,
 'undirected': False,
 'use_input_features': False,
 'val_fold_index': None,
 'warmup_epochs': 2.0}
Loading data
0it [00:00, ?it/s]302it [00:00, 2941.30it/s]540it [00:00, 2709.31it/s]1048it [00:00, 3149.23it/s]1342it [00:00, 3035.77it/s]1597it [00:00, 2777.68it/s]1944it [00:00, 2954.08it/s]2274it [00:00, 3048.04it/s]2612it [00:00, 3138.92it/s]2952it [00:00, 3210.97it/s]3322it [00:01, 3249.52it/s]3644it [00:01, 3132.05it/s]3956it [00:01, 2254.92it/s]4216it [00:01, 2333.50it/s]4568it [00:01, 2595.30it/s]4981it [00:01, 2920.45it/s]5305it [00:01, 2944.79it/s]5641it [00:01, 3012.98it/s]5959it [00:02, 2310.72it/s]6227it [00:02, 2294.17it/s]6504it [00:02, 2418.55it/s]6766it [00:02, 1980.14it/s]7129it [00:02, 2292.29it/s]7557it [00:02, 2663.25it/s]7980it [00:02, 2722.24it/s]8329it [00:02, 2890.91it/s]8853it [00:03, 3339.03it/s]9302it [00:03, 3616.04it/s]9826it [00:03, 3986.55it/s]10263it [00:03, 3278.35it/s]10639it [00:03, 3206.14it/s]10994it [00:03, 3108.35it/s]11329it [00:03, 2586.62it/s]11683it [00:03, 2812.41it/s]11993it [00:04, 2413.78it/s]12264it [00:04, 1839.11it/s]12766it [00:04, 2270.62it/s]13215it [00:04, 2653.42it/s]13562it [00:04, 2852.48it/s]14000it [00:04, 3185.60it/s]14460it [00:04, 3508.45it/s]14921it [00:04, 3777.59it/s]15361it [00:05, 3944.27it/s]15836it [00:05, 4155.10it/s]16356it [00:05, 3901.46it/s]16767it [00:05, 1837.74it/s]17278it [00:05, 2274.22it/s]17743it [00:06, 2685.55it/s]18235it [00:06, 3109.03it/s]18693it [00:06, 3438.62it/s]19137it [00:06, 3688.05it/s]19576it [00:06, 3869.71it/s]20033it [00:06, 4054.54it/s]20494it [00:06, 4204.22it/s]20943it [00:06, 3698.64it/s]21405it [00:06, 3933.73it/s]21828it [00:06, 4017.79it/s]22249it [00:07, 3432.15it/s]22700it [00:07, 3696.22it/s]23160it [00:07, 3927.36it/s]23639it [00:07, 4150.52it/s]24105it [00:07, 4290.91it/s]24567it [00:07, 4383.60it/s]25059it [00:07, 3396.96it/s]25440it [00:08, 3216.71it/s]25824it [00:08, 3380.50it/s]26186it [00:08, 2640.69it/s]26492it [00:08, 2616.32it/s]26783it [00:08, 2574.44it/s]27252it [00:08, 2976.93it/s]27709it [00:08, 3323.88it/s]28166it [00:08, 3618.29it/s]28563it [00:08, 3522.27it/s]29014it [00:09, 3769.01it/s]29414it [00:09, 3389.74it/s]29870it [00:09, 3672.43it/s]30303it [00:09, 3847.68it/s]30720it [00:09, 3937.84it/s]31173it [00:09, 4097.75it/s]31627it [00:09, 4220.00it/s]32058it [00:09, 4025.44it/s]32495it [00:09, 4120.97it/s]32932it [00:10, 4052.22it/s]33342it [00:10, 3899.11it/s]33737it [00:10, 3266.69it/s]34101it [00:10, 3368.02it/s]34471it [00:10, 3460.09it/s]34829it [00:10, 3369.81it/s]35177it [00:10, 3399.67it/s]35527it [00:10, 3427.51it/s]35874it [00:10, 3397.34it/s]36228it [00:11, 3437.73it/s]36574it [00:11, 3294.51it/s]37061it [00:11, 3648.61it/s]37524it [00:11, 3895.08it/s]37928it [00:11, 3475.16it/s]38366it [00:11, 3703.47it/s]38839it [00:11, 3961.07it/s]39301it [00:11, 4137.43it/s]39729it [00:11, 3381.21it/s]40100it [00:12, 3371.34it/s]40632it [00:12, 3785.80it/s]41044it [00:12, 3720.11it/s]41440it [00:12, 3549.13it/s]41813it [00:12, 3239.67it/s]42201it [00:12, 3406.98it/s]42599it [00:12, 3558.75it/s]42967it [00:12, 2852.76it/s]43406it [00:13, 3186.43it/s]43868it [00:13, 3513.27it/s]44264it [00:13, 3635.56it/s]44725it [00:13, 3881.26it/s]45185it [00:13, 4070.92it/s]45610it [00:13, 4108.17it/s]46034it [00:13, 3394.35it/s]46431it [00:13, 3547.65it/s]46809it [00:13, 3606.36it/s]47255it [00:14, 3825.88it/s]47682it [00:14, 3948.64it/s]48171it [00:14, 4189.73it/s]48602it [00:14, 3800.39it/s]49064it [00:14, 4012.53it/s]49492it [00:14, 4089.13it/s]49938it [00:14, 4191.83it/s]50365it [00:14, 3358.93it/s]50778it [00:14, 3557.81it/s]51160it [00:15, 3535.51it/s]51532it [00:15, 2933.69it/s]51911it [00:15, 3146.62it/s]52303it [00:15, 3234.11it/s]52645it [00:15, 2705.75it/s]53081it [00:15, 3053.18it/s]53515it [00:15, 3351.01it/s]53951it [00:15, 3600.87it/s]54349it [00:16, 3255.74it/s]54782it [00:16, 3516.67it/s]55215it [00:16, 3724.77it/s]55649it [00:16, 3888.49it/s]56083it [00:16, 4011.66it/s]56498it [00:16, 4050.87it/s]56922it [00:16, 4103.57it/s]57352it [00:16, 4159.77it/s]57773it [00:16, 4171.13it/s]58194it [00:16, 4122.33it/s]58609it [00:17, 3137.48it/s]58960it [00:17, 2730.75it/s]59431it [00:17, 3124.22it/s]59877it [00:17, 3432.47it/s]60261it [00:17, 3199.75it/s]60635it [00:17, 3343.57it/s]61046it [00:17, 3540.41it/s]61493it [00:18, 3774.46it/s]61865it [00:18, 3415.34it/s]
  0% 0/61865 [00:00<?, ?it/s]  2% 1232/61865 [00:01<01:28, 685.13it/s] 77% 47843/61865 [00:03<00:14, 970.60it/s]100% 61865/61865 [00:03<00:00, 19563.84it/s]
  0% 0/61865 [00:00<?, ?it/s]  1% 454/61865 [00:00<00:13, 4526.20it/s]  1% 892/61865 [00:00<00:13, 4480.71it/s]  2% 1315/61865 [00:00<00:13, 4399.19it/s]  3% 1734/61865 [00:00<00:13, 4331.73it/s]  3% 2078/61865 [00:00<00:14, 4018.76it/s]  4% 2409/61865 [00:00<00:18, 3192.74it/s]  4% 2706/61865 [00:00<00:27, 2154.52it/s]  5% 2951/61865 [00:01<00:29, 1995.11it/s]  5% 3214/61865 [00:01<00:27, 2150.73it/s]  6% 3647/61865 [00:01<00:23, 2495.18it/s]  6% 3931/61865 [00:01<00:28, 2030.11it/s]  7% 4297/61865 [00:01<00:24, 2342.60it/s]  7% 4576/61865 [00:01<00:29, 1957.26it/s]  8% 4946/61865 [00:01<00:24, 2279.07it/s]  8% 5223/61865 [00:01<00:25, 2195.04it/s]  9% 5478/61865 [00:02<00:24, 2284.19it/s]  9% 5738/61865 [00:02<00:23, 2370.25it/s] 10% 5994/61865 [00:02<00:25, 2205.27it/s] 10% 6230/61865 [00:02<00:25, 2189.13it/s] 10% 6460/61865 [00:02<00:29, 1905.38it/s] 11% 6741/61865 [00:02<00:26, 2108.40it/s] 12% 7155/61865 [00:02<00:22, 2471.20it/s] 12% 7439/61865 [00:02<00:24, 2192.08it/s] 12% 7697/61865 [00:03<00:23, 2294.10it/s] 13% 7950/61865 [00:03<00:25, 2117.48it/s] 13% 8181/61865 [00:03<00:26, 2011.90it/s] 14% 8397/61865 [00:03<00:27, 1927.87it/s] 14% 8744/61865 [00:03<00:23, 2224.25it/s] 15% 8991/61865 [00:03<00:27, 1890.58it/s] 15% 9363/61865 [00:03<00:23, 2217.74it/s] 16% 9712/61865 [00:03<00:21, 2442.90it/s] 16% 9992/61865 [00:04<00:27, 1867.46it/s] 17% 10224/61865 [00:04<00:26, 1919.98it/s] 17% 10448/61865 [00:04<00:26, 1929.33it/s] 17% 10760/61865 [00:04<00:23, 2178.74it/s] 18% 11172/61865 [00:04<00:19, 2536.33it/s] 19% 11593/61865 [00:04<00:17, 2879.60it/s] 19% 11949/61865 [00:04<00:16, 2978.57it/s] 20% 12279/61865 [00:04<00:18, 2618.36it/s] 20% 12657/61865 [00:05<00:17, 2883.56it/s] 21% 12975/61865 [00:05<00:16, 2901.77it/s] 21% 13286/61865 [00:05<00:21, 2307.33it/s] 22% 13710/61865 [00:05<00:18, 2672.54it/s] 23% 14023/61865 [00:05<00:22, 2129.78it/s] 23% 14317/61865 [00:05<00:20, 2315.47it/s] 24% 14639/61865 [00:05<00:19, 2401.60it/s] 24% 14908/61865 [00:06<00:22, 2050.91it/s] 25% 15270/61865 [00:06<00:19, 2356.55it/s] 25% 15542/61865 [00:06<00:22, 2060.32it/s] 26% 15781/61865 [00:06<00:23, 1965.55it/s] 26% 16086/61865 [00:06<00:20, 2199.09it/s] 26% 16332/61865 [00:06<00:21, 2130.40it/s] 27% 16564/61865 [00:06<00:25, 1801.21it/s] 27% 16952/61865 [00:06<00:20, 2145.66it/s] 28% 17266/61865 [00:07<00:19, 2293.93it/s] 28% 17529/61865 [00:07<00:23, 1848.89it/s] 29% 17751/61865 [00:07<00:25, 1726.67it/s] 29% 17952/61865 [00:07<00:31, 1398.97it/s] 30% 18256/61865 [00:07<00:26, 1659.95it/s] 30% 18506/61865 [00:07<00:23, 1845.54it/s] 30% 18726/61865 [00:08<00:28, 1505.90it/s] 31% 18967/61865 [00:08<00:25, 1696.17it/s] 31% 19376/61865 [00:08<00:20, 2057.07it/s] 32% 19640/61865 [00:08<00:20, 2103.92it/s] 32% 19892/61865 [00:08<00:20, 2085.67it/s] 33% 20292/61865 [00:08<00:17, 2434.96it/s] 33% 20704/61865 [00:08<00:14, 2774.58it/s] 34% 21028/61865 [00:08<00:18, 2228.12it/s] 35% 21432/61865 [00:09<00:15, 2574.45it/s] 35% 21777/61865 [00:09<00:14, 2786.03it/s] 36% 22099/61865 [00:09<00:15, 2549.41it/s] 36% 22389/61865 [00:09<00:15, 2540.75it/s] 37% 22782/61865 [00:09<00:14, 2694.25it/s] 37% 23071/61865 [00:09<00:17, 2172.21it/s] 38% 23335/61865 [00:09<00:16, 2293.00it/s] 38% 23726/61865 [00:09<00:14, 2617.07it/s] 39% 24020/61865 [00:10<00:17, 2176.48it/s] 39% 24310/61865 [00:10<00:16, 2252.77it/s] 40% 24561/61865 [00:10<00:19, 1911.82it/s] 40% 24779/61865 [00:10<00:18, 1976.94it/s] 40% 24996/61865 [00:10<00:21, 1687.83it/s] 41% 25224/61865 [00:10<00:20, 1830.11it/s] 41% 25432/61865 [00:10<00:19, 1898.08it/s] 41% 25644/61865 [00:10<00:18, 1959.15it/s] 42% 25883/61865 [00:11<00:17, 2070.71it/s] 42% 26286/61865 [00:11<00:14, 2423.27it/s] 43% 26558/61865 [00:11<00:16, 2172.08it/s] 44% 26914/61865 [00:11<00:14, 2458.71it/s] 44% 27191/61865 [00:11<00:15, 2303.29it/s] 44% 27468/61865 [00:11<00:14, 2425.04it/s] 45% 27729/61865 [00:11<00:15, 2213.66it/s] 45% 27967/61865 [00:11<00:15, 2176.78it/s] 46% 28197/61865 [00:12<00:15, 2109.60it/s] 46% 28417/61865 [00:12<00:19, 1733.70it/s] 46% 28656/61865 [00:12<00:18, 1839.14it/s] 47% 28854/61865 [00:12<00:18, 1818.01it/s] 47% 29088/61865 [00:12<00:16, 1948.39it/s] 47% 29300/61865 [00:12<00:16, 1995.82it/s] 48% 29643/61865 [00:12<00:14, 2281.68it/s] 48% 29891/61865 [00:12<00:14, 2245.10it/s] 49% 30221/61865 [00:12<00:12, 2475.82it/s] 49% 30486/61865 [00:13<00:13, 2384.44it/s] 50% 30798/61865 [00:13<00:12, 2564.70it/s] 50% 31116/61865 [00:13<00:11, 2720.44it/s] 51% 31400/61865 [00:13<00:12, 2512.63it/s] 51% 31800/61865 [00:13<00:10, 2826.32it/s] 52% 32104/61865 [00:13<00:11, 2538.51it/s] 53% 32489/61865 [00:13<00:10, 2826.49it/s] 53% 32797/61865 [00:13<00:10, 2672.38it/s] 54% 33143/61865 [00:13<00:10, 2866.57it/s] 54% 33447/61865 [00:14<00:11, 2555.81it/s] 55% 33721/61865 [00:14<00:11, 2407.89it/s] 55% 34033/61865 [00:14<00:10, 2584.28it/s] 55% 34306/61865 [00:14<00:13, 2063.81it/s] 56% 34623/61865 [00:14<00:11, 2304.42it/s] 57% 35027/61865 [00:14<00:10, 2645.22it/s] 57% 35398/61865 [00:14<00:09, 2894.34it/s] 58% 35775/61865 [00:14<00:08, 3110.37it/s] 59% 36195/61865 [00:15<00:07, 3372.71it/s] 59% 36614/61865 [00:15<00:07, 3581.47it/s] 60% 37054/61865 [00:15<00:06, 3791.93it/s] 61% 37489/61865 [00:15<00:06, 3943.43it/s] 61% 37924/61865 [00:15<00:05, 4054.74it/s] 62% 38341/61865 [00:15<00:06, 3896.21it/s] 63% 38740/61865 [00:15<00:06, 3495.87it/s] 63% 39104/61865 [00:15<00:08, 2718.53it/s] 64% 39413/61865 [00:16<00:08, 2522.82it/s] 64% 39694/61865 [00:16<00:09, 2432.48it/s] 65% 39958/61865 [00:16<00:09, 2312.72it/s] 65% 40232/61865 [00:16<00:08, 2425.30it/s] 66% 40645/61865 [00:16<00:07, 2766.74it/s] 66% 40948/61865 [00:16<00:07, 2782.68it/s] 67% 41383/61865 [00:16<00:06, 3118.57it/s] 68% 41802/61865 [00:16<00:05, 3377.16it/s] 68% 42196/61865 [00:16<00:05, 3526.42it/s] 69% 42568/61865 [00:17<00:05, 3561.67it/s] 69% 42946/61865 [00:17<00:05, 3578.12it/s] 70% 43367/61865 [00:17<00:04, 3746.70it/s] 71% 43796/61865 [00:17<00:04, 3894.31it/s] 71% 44226/61865 [00:17<00:04, 4007.63it/s] 72% 44659/61865 [00:17<00:04, 4098.08it/s] 73% 45074/61865 [00:17<00:04, 3866.51it/s] 73% 45467/61865 [00:17<00:04, 3417.39it/s] 74% 45823/61865 [00:17<00:05, 2890.29it/s] 75% 46136/61865 [00:18<00:06, 2483.40it/s] 75% 46411/61865 [00:18<00:06, 2519.53it/s] 75% 46682/61865 [00:18<00:06, 2459.57it/s] 76% 46942/61865 [00:18<00:06, 2388.32it/s] 77% 47363/61865 [00:18<00:05, 2742.84it/s] 77% 47775/61865 [00:18<00:04, 3040.43it/s] 78% 48128/61865 [00:18<00:04, 3171.33it/s] 78% 48532/61865 [00:18<00:03, 3388.89it/s] 79% 48946/61865 [00:18<00:03, 3583.13it/s] 80% 49321/61865 [00:19<00:04, 2985.31it/s] 80% 49648/61865 [00:19<00:04, 2716.77it/s] 81% 49947/61865 [00:19<00:04, 2778.99it/s] 81% 50343/61865 [00:19<00:03, 3051.96it/s] 82% 50746/61865 [00:19<00:03, 3288.49it/s] 83% 51095/61865 [00:19<00:04, 2473.69it/s] 83% 51386/61865 [00:19<00:04, 2297.24it/s] 84% 51677/61865 [00:20<00:04, 2451.80it/s] 84% 52064/61865 [00:20<00:03, 2753.61it/s] 85% 52370/61865 [00:20<00:03, 2749.04it/s] 85% 52667/61865 [00:20<00:03, 2574.36it/s] 86% 52942/61865 [00:20<00:03, 2371.42it/s] 86% 53253/61865 [00:20<00:03, 2525.72it/s] 87% 53519/61865 [00:20<00:03, 2441.27it/s] 87% 53774/61865 [00:20<00:03, 2136.39it/s] 87% 54002/61865 [00:21<00:03, 2108.39it/s] 88% 54223/61865 [00:21<00:04, 1684.90it/s] 88% 54460/61865 [00:21<00:04, 1843.69it/s] 88% 54726/61865 [00:21<00:03, 2002.61it/s] 89% 54944/61865 [00:21<00:03, 2024.97it/s] 89% 55303/61865 [00:21<00:02, 2329.26it/s] 90% 55561/61865 [00:21<00:03, 2064.44it/s] 90% 55944/61865 [00:21<00:02, 2395.63it/s] 91% 56365/61865 [00:22<00:01, 2751.00it/s] 92% 56715/61865 [00:22<00:01, 2939.27it/s] 92% 57044/61865 [00:22<00:02, 2344.38it/s] 93% 57322/61865 [00:22<00:01, 2366.22it/s] 93% 57589/61865 [00:22<00:01, 2263.14it/s] 93% 57838/61865 [00:22<00:02, 1767.67it/s] 94% 58047/61865 [00:23<00:02, 1304.10it/s] 94% 58218/61865 [00:23<00:02, 1391.21it/s] 94% 58409/61865 [00:23<00:02, 1499.40it/s] 95% 58583/61865 [00:23<00:02, 1541.04it/s] 95% 58771/61865 [00:23<00:01, 1628.81it/s] 96% 59204/61865 [00:23<00:01, 2003.22it/s] 96% 59651/61865 [00:23<00:00, 2400.65it/s] 97% 59962/61865 [00:23<00:00, 2197.79it/s] 97% 60258/61865 [00:23<00:00, 2380.41it/s] 98% 60698/61865 [00:24<00:00, 2760.19it/s] 99% 61134/61865 [00:24<00:00, 3101.36it/s]100% 61589/61865 [00:24<00:00, 3428.12it/s]100% 61865/61865 [00:24<00:00, 2548.12it/s]
Number of tasks = 645
Class sizes
CHEMBL1033994 0: 41.98%, 1: 58.02%
CHEMBL1119333 0: 9.59%, 1: 90.41%
CHEMBL1217000 0: 52.41%, 1: 47.59%
CHEMBL1243965 0: 17.11%, 1: 82.89%
CHEMBL1243966 0: 41.96%, 1: 58.04%
CHEMBL1243967 0: 10.17%, 1: 89.83%
CHEMBL1243968 0: 15.06%, 1: 84.94%
CHEMBL1243970 0: 6.91%, 1: 93.09%
CHEMBL1243972 0: 9.92%, 1: 90.08%
CHEMBL1243976 0: 28.99%, 1: 71.01%
CHEMBL1246087 0: 33.88%, 1: 66.12%
CHEMBL1246088 0: 48.37%, 1: 51.63%
CHEMBL1613762 0: 2.45%, 1: 97.55%
CHEMBL1613779 0: 58.47%, 1: 41.53%
CHEMBL1613785 0: 43.22%, 1: 56.78%
CHEMBL1613787 0: 69.08%, 1: 30.92%
CHEMBL1613807 0: 95.99%, 1: 4.01%
CHEMBL1613813 0: 44.20%, 1: 55.80%
CHEMBL1613814 0: 53.85%, 1: 46.15%
CHEMBL1613817 0: 84.86%, 1: 15.14%
CHEMBL1613853 0: 41.86%, 1: 58.14%
CHEMBL1613861 0: 14.47%, 1: 85.53%
CHEMBL1613864 0: 5.19%, 1: 94.81%
CHEMBL1613867 0: 97.13%, 1: 2.87%
CHEMBL1613870 0: 15.80%, 1: 84.20%
CHEMBL1613871 0: 6.15%, 1: 93.85%
CHEMBL1613874 0: 65.78%, 1: 34.22%
CHEMBL1613876 0: 54.35%, 1: 45.65%
CHEMBL1613884 0: 21.51%, 1: 78.49%
CHEMBL1613890 0: 34.85%, 1: 65.15%
CHEMBL1613897 0: 46.64%, 1: 53.36%
CHEMBL1613898 0: 75.45%, 1: 24.55%
CHEMBL1613904 0: 50.77%, 1: 49.23%
CHEMBL1613907 0: 5.34%, 1: 94.66%
CHEMBL1613926 0: 30.15%, 1: 69.85%
CHEMBL1613928 0: 45.90%, 1: 54.10%
CHEMBL1613929 0: 81.25%, 1: 18.75%
CHEMBL1613941 0: 32.58%, 1: 67.42%
CHEMBL1613942 0: 41.43%, 1: 58.57%
CHEMBL1613947 0: 46.01%, 1: 53.99%
CHEMBL1613949 0: 60.13%, 1: 39.87%
CHEMBL1613950 0: 43.05%, 1: 56.95%
CHEMBL1613955 0: 54.04%, 1: 45.96%
CHEMBL1613962 0: 24.26%, 1: 75.74%
CHEMBL1613967 0: 44.59%, 1: 55.41%
CHEMBL1613981 0: 58.85%, 1: 41.15%
CHEMBL1613991 0: 14.98%, 1: 85.02%
CHEMBL1613997 0: 7.73%, 1: 92.27%
CHEMBL1614001 0: 98.28%, 1: 1.72%
CHEMBL1614004 0: 14.66%, 1: 85.34%
CHEMBL1614016 0: 12.22%, 1: 87.78%
CHEMBL1614030 0: 19.96%, 1: 80.04%
CHEMBL1614034 0: 2.63%, 1: 97.37%
CHEMBL1614035 0: 77.14%, 1: 22.86%
CHEMBL1614049 0: 39.63%, 1: 60.37%
CHEMBL1614053 0: 42.48%, 1: 57.52%
CHEMBL1614063 0: 95.18%, 1: 4.82%
CHEMBL1614065 0: 9.71%, 1: 90.29%
CHEMBL1614066 0: 94.74%, 1: 5.26%
CHEMBL1614069 0: 56.82%, 1: 43.18%
CHEMBL1614072 0: 50.36%, 1: 49.64%
CHEMBL1614084 0: 13.26%, 1: 86.74%
CHEMBL1614091 0: 4.43%, 1: 95.57%
CHEMBL1614092 0: 47.50%, 1: 52.50%
CHEMBL1614097 0: 46.99%, 1: 53.01%
CHEMBL1614098 0: 97.25%, 1: 2.75%
CHEMBL1614104 0: 7.74%, 1: 92.26%
CHEMBL1614105 0: 6.12%, 1: 93.88%
CHEMBL1614109 0: 59.87%, 1: 40.13%
CHEMBL1614128 0: 10.35%, 1: 89.65%
CHEMBL1614131 0: 97.14%, 1: 2.86%
CHEMBL1614132 0: 42.07%, 1: 57.93%
CHEMBL1614138 0: 67.83%, 1: 32.17%
CHEMBL1614155 0: 25.40%, 1: 74.60%
CHEMBL1614158 0: 74.52%, 1: 25.48%
CHEMBL1614167 0: 16.17%, 1: 83.83%
CHEMBL1614170 0: 68.86%, 1: 31.14%
CHEMBL1614171 0: 93.77%, 1: 6.23%
CHEMBL1614175 0: 80.66%, 1: 19.34%
CHEMBL1614185 0: 26.17%, 1: 73.83%
CHEMBL1614197 0: 5.26%, 1: 94.74%
CHEMBL1614199 0: 49.66%, 1: 50.34%
CHEMBL1614202 0: 7.32%, 1: 92.68%
CHEMBL1614215 0: 52.76%, 1: 47.24%
CHEMBL1614216 0: 48.52%, 1: 51.48%
CHEMBL1614218 0: 22.36%, 1: 77.64%
CHEMBL1614225 0: 62.50%, 1: 37.50%
CHEMBL1614244 0: 38.85%, 1: 61.15%
CHEMBL1614247 0: 44.34%, 1: 55.66%
CHEMBL1614252 0: 60.11%, 1: 39.89%
CHEMBL1614255 0: 61.26%, 1: 38.74%
CHEMBL1614259 0: 32.82%, 1: 67.18%
CHEMBL1614272 0: 67.71%, 1: 32.29%
CHEMBL1614276 0: 51.74%, 1: 48.26%
CHEMBL1614287 0: 85.53%, 1: 14.47%
CHEMBL1614288 0: 72.51%, 1: 27.49%
CHEMBL1614290 0: 4.51%, 1: 95.49%
CHEMBL1614295 0: 2.29%, 1: 97.71%
CHEMBL1614301 0: 19.74%, 1: 80.26%
CHEMBL1614304 0: 63.76%, 1: 36.24%
CHEMBL1614309 0: 27.66%, 1: 72.34%
CHEMBL1614311 0: 53.76%, 1: 46.24%
CHEMBL1614314 0: 94.70%, 1: 5.30%
CHEMBL1614319 0: 72.16%, 1: 27.84%
CHEMBL1614320 0: 29.79%, 1: 70.21%
CHEMBL1614321 0: 60.16%, 1: 39.84%
CHEMBL1614328 0: 46.64%, 1: 53.36%
CHEMBL1614329 0: 40.69%, 1: 59.31%
CHEMBL1614336 0: 47.01%, 1: 52.99%
CHEMBL1614344 0: 67.72%, 1: 32.28%
CHEMBL1614356 0: 43.90%, 1: 56.10%
CHEMBL1614359 0: 50.26%, 1: 49.74%
CHEMBL1614363 0: 53.19%, 1: 46.81%
CHEMBL1614385 0: 93.27%, 1: 6.73%
CHEMBL1614388 0: 56.19%, 1: 43.81%
CHEMBL1614393 0: 45.00%, 1: 55.00%
CHEMBL1614395 0: 11.32%, 1: 88.68%
CHEMBL1614403 0: 88.15%, 1: 11.85%
CHEMBL1614423 0: 57.84%, 1: 42.16%
CHEMBL1614425 0: 38.24%, 1: 61.76%
CHEMBL1614433 0: 60.77%, 1: 39.23%
CHEMBL1614434 0: 80.25%, 1: 19.75%
CHEMBL1614456 0: 3.36%, 1: 96.64%
CHEMBL1614466 0: 10.32%, 1: 89.68%
CHEMBL1614469 0: 24.90%, 1: 75.10%
CHEMBL1614477 0: 43.75%, 1: 56.25%
CHEMBL1614478 0: 12.50%, 1: 87.50%
CHEMBL1614480 0: 85.71%, 1: 14.29%
CHEMBL1614484 0: 9.01%, 1: 90.99%
CHEMBL1614492 0: 40.54%, 1: 59.46%
CHEMBL1614499 0: 44.47%, 1: 55.53%
CHEMBL1614503 0: 40.30%, 1: 59.70%
CHEMBL1614504 0: 17.80%, 1: 82.20%
CHEMBL1614509 0: 79.43%, 1: 20.57%
CHEMBL1614512 0: 62.79%, 1: 37.21%
CHEMBL1614514 0: 83.07%, 1: 16.93%
CHEMBL1614515 0: 19.61%, 1: 80.39%
CHEMBL1614516 0: 96.81%, 1: 3.19%
CHEMBL1614522 0: 28.55%, 1: 71.45%
CHEMBL1614524 0: 12.98%, 1: 87.02%
CHEMBL1614528 0: 40.91%, 1: 59.09%
CHEMBL1614547 0: 72.51%, 1: 27.49%
CHEMBL1614548 0: 17.95%, 1: 82.05%
CHEMBL1614549 0: 84.25%, 1: 15.75%
CHEMBL1614550 0: 9.30%, 1: 90.70%
CHEMBL1614554 0: 71.64%, 1: 28.36%
CHEMBL1676103 0: 39.85%, 1: 60.15%
CHEMBL1737860 0: 3.60%, 1: 96.40%
CHEMBL1737863 0: 36.27%, 1: 63.73%
CHEMBL1737865 0: 61.01%, 1: 38.99%
CHEMBL1737868 0: 79.41%, 1: 20.59%
CHEMBL1737910 0: 45.71%, 1: 54.29%
CHEMBL1737912 0: 26.51%, 1: 73.49%
CHEMBL1737942 0: 44.52%, 1: 55.48%
CHEMBL1737951 0: 51.83%, 1: 48.17%
CHEMBL1737961 0: 93.34%, 1: 6.66%
CHEMBL1737966 0: 21.36%, 1: 78.64%
CHEMBL1737967 0: 89.17%, 1: 10.83%
CHEMBL1737977 0: 13.87%, 1: 86.13%
CHEMBL1737978 0: 18.18%, 1: 81.82%
CHEMBL1737979 0: 8.94%, 1: 91.06%
CHEMBL1738019 0: 24.85%, 1: 75.15%
CHEMBL1738021 0: 10.87%, 1: 89.13%
CHEMBL1738025 0: 33.80%, 1: 66.20%
CHEMBL1738040 0: 73.48%, 1: 26.52%
CHEMBL1738043 0: 46.43%, 1: 53.57%
CHEMBL1738079 0: 3.88%, 1: 96.12%
CHEMBL1738080 0: 76.43%, 1: 23.57%
CHEMBL1738091 0: 89.77%, 1: 10.23%
CHEMBL1738097 0: 72.41%, 1: 27.59%
CHEMBL1738131 0: 68.59%, 1: 31.41%
CHEMBL1738164 0: 79.79%, 1: 20.21%
CHEMBL1738171 0: 85.45%, 1: 14.55%
CHEMBL1738183 0: 59.62%, 1: 40.38%
CHEMBL1738197 0: 36.90%, 1: 63.10%
CHEMBL1738202 0: 3.47%, 1: 96.53%
CHEMBL1738242 0: 16.55%, 1: 83.45%
CHEMBL1738249 0: 86.53%, 1: 13.47%
CHEMBL1738253 0: 7.33%, 1: 92.67%
CHEMBL1738319 0: 59.17%, 1: 40.83%
CHEMBL1738325 0: 96.86%, 1: 3.14%
CHEMBL1738362 0: 21.43%, 1: 78.57%
CHEMBL1738369 0: 56.34%, 1: 43.66%
CHEMBL1738371 0: 81.97%, 1: 18.03%
CHEMBL1738391 0: 68.38%, 1: 31.62%
CHEMBL1738400 0: 77.86%, 1: 22.14%
CHEMBL1738402 0: 54.19%, 1: 45.81%
CHEMBL1738407 0: 85.58%, 1: 14.42%
CHEMBL1738408 0: 2.18%, 1: 97.82%
CHEMBL1738414 0: 5.11%, 1: 94.89%
CHEMBL1738418 0: 68.85%, 1: 31.15%
CHEMBL1738422 0: 4.29%, 1: 95.71%
CHEMBL1738424 0: 77.50%, 1: 22.50%
CHEMBL1738430 0: 25.54%, 1: 74.46%
CHEMBL1738438 0: 2.76%, 1: 97.24%
CHEMBL1738482 0: 7.69%, 1: 92.31%
CHEMBL1738485 0: 17.65%, 1: 82.35%
CHEMBL1738494 0: 97.26%, 1: 2.74%
CHEMBL1738495 0: 1.70%, 1: 98.30%
CHEMBL1738497 0: 64.50%, 1: 35.50%
CHEMBL1738502 0: 15.20%, 1: 84.80%
CHEMBL1738510 0: 54.41%, 1: 45.59%
CHEMBL1738512 0: 3.05%, 1: 96.95%
CHEMBL1738513 0: 28.64%, 1: 71.36%
CHEMBL1738552 0: 64.70%, 1: 35.30%
CHEMBL1738575 0: 65.65%, 1: 34.35%
CHEMBL1738578 0: 23.30%, 1: 76.70%
CHEMBL1738579 0: 22.79%, 1: 77.21%
CHEMBL1738593 0: 17.65%, 1: 82.35%
CHEMBL1738599 0: 16.07%, 1: 83.93%
CHEMBL1738602 0: 42.70%, 1: 57.30%
CHEMBL1738610 0: 42.07%, 1: 57.93%
CHEMBL1738611 0: 2.23%, 1: 97.77%
CHEMBL1738632 0: 86.32%, 1: 13.68%
CHEMBL1738633 0: 4.05%, 1: 95.95%
CHEMBL1738639 0: 64.47%, 1: 35.53%
CHEMBL1738642 0: 34.82%, 1: 65.18%
CHEMBL1738670 0: 9.18%, 1: 90.82%
CHEMBL1738673 0: 12.98%, 1: 87.02%
CHEMBL1738679 0: 63.95%, 1: 36.05%
CHEMBL1738682 0: 62.45%, 1: 37.55%
CHEMBL1794296 0: 44.02%, 1: 55.98%
CHEMBL1794303 0: 2.71%, 1: 97.29%
CHEMBL1794320 0: 96.68%, 1: 3.32%
CHEMBL1794327 0: 91.59%, 1: 8.41%
CHEMBL1794336 0: 53.07%, 1: 46.93%
CHEMBL1794350 0: 3.44%, 1: 96.56%
CHEMBL1794355 0: 5.26%, 1: 94.74%
CHEMBL1794356 0: 13.92%, 1: 86.08%
CHEMBL1794358 0: 94.14%, 1: 5.86%
CHEMBL1794365 0: 7.12%, 1: 92.88%
CHEMBL1794383 0: 6.90%, 1: 93.10%
CHEMBL1794387 0: 65.04%, 1: 34.96%
CHEMBL1794393 0: 67.55%, 1: 32.45%
CHEMBL1794396 0: 3.96%, 1: 96.04%
CHEMBL1794410 0: 23.98%, 1: 76.02%
CHEMBL1794413 0: 6.02%, 1: 93.98%
CHEMBL1794438 0: 40.17%, 1: 59.83%
CHEMBL1794445 0: 87.84%, 1: 12.16%
CHEMBL1794452 0: 94.30%, 1: 5.70%
CHEMBL1794457 0: 92.98%, 1: 7.02%
CHEMBL1794460 0: 28.63%, 1: 71.37%
CHEMBL1794467 0: 18.39%, 1: 81.61%
CHEMBL1794475 0: 56.02%, 1: 43.98%
CHEMBL1794484 0: 44.93%, 1: 55.07%
CHEMBL1794494 0: 5.33%, 1: 94.67%
CHEMBL1794497 0: 8.47%, 1: 91.53%
CHEMBL1794499 0: 73.90%, 1: 26.10%
CHEMBL1794508 0: 94.63%, 1: 5.37%
CHEMBL1794516 0: 3.21%, 1: 96.79%
CHEMBL1794522 0: 58.65%, 1: 41.35%
CHEMBL1794528 0: 79.86%, 1: 20.14%
CHEMBL1794531 0: 92.03%, 1: 7.97%
CHEMBL1794548 0: 88.74%, 1: 11.26%
CHEMBL1794566 0: 6.05%, 1: 93.95%
CHEMBL1794567 0: 9.61%, 1: 90.39%
CHEMBL1794570 0: 92.79%, 1: 7.21%
CHEMBL1794571 0: 53.55%, 1: 46.45%
CHEMBL1794573 0: 10.54%, 1: 89.46%
CHEMBL1794574 0: 1.09%, 1: 98.91%
CHEMBL1794578 0: 46.99%, 1: 53.01%
CHEMBL1794581 0: 19.65%, 1: 80.35%
CHEMBL1863510 0: 2.14%, 1: 97.86%
CHEMBL1863512 0: 2.79%, 1: 97.21%
CHEMBL1909084 0: 99.28%, 1: 0.72%
CHEMBL1909085 0: 92.10%, 1: 7.90%
CHEMBL1909086 0: 91.52%, 1: 8.48%
CHEMBL1909087 0: 91.86%, 1: 8.14%
CHEMBL1909088 0: 87.97%, 1: 12.03%
CHEMBL1909089 0: 88.69%, 1: 11.31%
CHEMBL1909090 0: 90.81%, 1: 9.19%
CHEMBL1909091 0: 97.24%, 1: 2.76%
CHEMBL1909092 0: 97.14%, 1: 2.86%
CHEMBL1909093 0: 98.42%, 1: 1.58%
CHEMBL1909094 0: 90.85%, 1: 9.15%
CHEMBL1909095 0: 98.56%, 1: 1.44%
CHEMBL1909097 0: 99.28%, 1: 0.72%
CHEMBL1909102 0: 92.94%, 1: 7.06%
CHEMBL1909103 0: 97.23%, 1: 2.77%
CHEMBL1909104 0: 87.06%, 1: 12.94%
CHEMBL1909105 0: 88.70%, 1: 11.30%
CHEMBL1909106 0: 98.57%, 1: 1.43%
CHEMBL1909107 0: 97.86%, 1: 2.14%
CHEMBL1909108 0: 93.04%, 1: 6.96%
CHEMBL1909109 0: 90.35%, 1: 9.65%
CHEMBL1909110 0: 92.47%, 1: 7.53%
CHEMBL1909111 0: 94.03%, 1: 5.97%
CHEMBL1909112 0: 90.91%, 1: 9.09%
CHEMBL1909114 0: 96.50%, 1: 3.50%
CHEMBL1909115 0: 96.00%, 1: 4.00%
CHEMBL1909116 0: 96.98%, 1: 3.02%
CHEMBL1909121 0: 92.80%, 1: 7.20%
CHEMBL1909123 0: 99.16%, 1: 0.84%
CHEMBL1909124 0: 99.40%, 1: 0.60%
CHEMBL1909130 0: 95.56%, 1: 4.44%
CHEMBL1909131 0: 97.01%, 1: 2.99%
CHEMBL1909132 0: 96.15%, 1: 3.85%
CHEMBL1909134 0: 95.19%, 1: 4.81%
CHEMBL1909135 0: 95.76%, 1: 4.24%
CHEMBL1909136 0: 93.20%, 1: 6.80%
CHEMBL1909138 0: 96.16%, 1: 3.84%
CHEMBL1909139 0: 93.84%, 1: 6.16%
CHEMBL1909140 0: 93.87%, 1: 6.13%
CHEMBL1909141 0: 89.73%, 1: 10.27%
CHEMBL1909142 0: 99.04%, 1: 0.96%
CHEMBL1909143 0: 93.01%, 1: 6.99%
CHEMBL1909145 0: 97.97%, 1: 2.03%
CHEMBL1909148 0: 98.57%, 1: 1.43%
CHEMBL1909150 0: 95.10%, 1: 4.90%
CHEMBL1909156 0: 94.28%, 1: 5.72%
CHEMBL1909157 0: 96.38%, 1: 3.62%
CHEMBL1909158 0: 99.05%, 1: 0.95%
CHEMBL1909159 0: 93.18%, 1: 6.82%
CHEMBL1909165 0: 97.79%, 1: 2.21%
CHEMBL1909169 0: 98.32%, 1: 1.68%
CHEMBL1909170 0: 92.35%, 1: 7.65%
CHEMBL1909171 0: 93.29%, 1: 6.71%
CHEMBL1909172 0: 92.82%, 1: 7.18%
CHEMBL1909173 0: 92.38%, 1: 7.62%
CHEMBL1909174 0: 92.71%, 1: 7.29%
CHEMBL1909180 0: 98.20%, 1: 1.80%
CHEMBL1909181 0: 97.71%, 1: 2.29%
CHEMBL1909182 0: 96.99%, 1: 3.01%
CHEMBL1909184 0: 98.93%, 1: 1.07%
CHEMBL1909186 0: 99.52%, 1: 0.48%
CHEMBL1909190 0: 98.66%, 1: 1.34%
CHEMBL1909191 0: 94.99%, 1: 5.01%
CHEMBL1909192 0: 99.52%, 1: 0.48%
CHEMBL1909200 0: 97.97%, 1: 2.03%
CHEMBL1909201 0: 97.72%, 1: 2.28%
CHEMBL1909203 0: 98.05%, 1: 1.95%
CHEMBL1909204 0: 97.17%, 1: 2.83%
CHEMBL1909205 0: 98.67%, 1: 1.33%
CHEMBL1909206 0: 99.16%, 1: 0.84%
CHEMBL1909209 0: 92.34%, 1: 7.66%
CHEMBL1909210 0: 96.05%, 1: 3.95%
CHEMBL1909211 0: 88.80%, 1: 11.20%
CHEMBL1909212 0: 98.30%, 1: 1.70%
CHEMBL1909213 0: 99.28%, 1: 0.72%
CHEMBL1909214 0: 98.79%, 1: 1.21%
CHEMBL1909215 0: 95.61%, 1: 4.39%
CHEMBL1963686 0: 61.95%, 1: 38.05%
CHEMBL1963687 0: 64.42%, 1: 35.58%
CHEMBL1963688 0: 62.52%, 1: 37.48%
CHEMBL1963689 0: 89.69%, 1: 10.31%
CHEMBL1963690 0: 57.36%, 1: 42.64%
CHEMBL1963691 0: 49.33%, 1: 50.67%
CHEMBL1963692 0: 53.73%, 1: 46.27%
CHEMBL1963693 0: 71.00%, 1: 29.00%
CHEMBL1963694 0: 91.05%, 1: 8.95%
CHEMBL1963695 0: 74.90%, 1: 25.10%
CHEMBL1963696 0: 77.85%, 1: 22.15%
CHEMBL1963697 0: 74.06%, 1: 25.94%
CHEMBL1963698 0: 74.60%, 1: 25.40%
CHEMBL1963699 0: 83.18%, 1: 16.82%
CHEMBL1963701 0: 67.32%, 1: 32.68%
CHEMBL1963702 0: 83.82%, 1: 16.18%
CHEMBL1963703 0: 68.65%, 1: 31.35%
CHEMBL1963704 0: 65.28%, 1: 34.72%
CHEMBL1963705 0: 55.92%, 1: 44.08%
CHEMBL1963706 0: 53.38%, 1: 46.62%
CHEMBL1963707 0: 53.25%, 1: 46.75%
CHEMBL1963708 0: 48.77%, 1: 51.23%
CHEMBL1963710 0: 63.21%, 1: 36.79%
CHEMBL1963711 0: 94.72%, 1: 5.28%
CHEMBL1963712 0: 75.76%, 1: 24.24%
CHEMBL1963714 0: 74.21%, 1: 25.79%
CHEMBL1963715 0: 50.28%, 1: 49.72%
CHEMBL1963716 0: 91.91%, 1: 8.09%
CHEMBL1963717 0: 55.50%, 1: 44.50%
CHEMBL1963718 0: 65.45%, 1: 34.55%
CHEMBL1963719 0: 63.39%, 1: 36.61%
CHEMBL1963720 0: 69.73%, 1: 30.27%
CHEMBL1963721 0: 56.94%, 1: 43.06%
CHEMBL1963722 0: 49.40%, 1: 50.60%
CHEMBL1963723 0: 53.82%, 1: 46.18%
CHEMBL1963724 0: 67.32%, 1: 32.68%
CHEMBL1963725 0: 69.97%, 1: 30.03%
CHEMBL1963727 0: 56.59%, 1: 43.41%
CHEMBL1963728 0: 92.02%, 1: 7.98%
CHEMBL1963729 0: 84.64%, 1: 15.36%
CHEMBL1963731 0: 61.35%, 1: 38.65%
CHEMBL1963733 0: 79.77%, 1: 20.23%
CHEMBL1963734 0: 79.51%, 1: 20.49%
CHEMBL1963735 0: 71.66%, 1: 28.34%
CHEMBL1963736 0: 78.32%, 1: 21.68%
CHEMBL1963737 0: 86.79%, 1: 13.21%
CHEMBL1963738 0: 61.18%, 1: 38.82%
CHEMBL1963739 0: 84.32%, 1: 15.68%
CHEMBL1963740 0: 64.30%, 1: 35.70%
CHEMBL1963741 0: 67.03%, 1: 32.97%
CHEMBL1963742 0: 73.47%, 1: 26.53%
CHEMBL1963743 0: 66.24%, 1: 33.76%
CHEMBL1963744 0: 71.97%, 1: 28.03%
CHEMBL1963745 0: 67.16%, 1: 32.84%
CHEMBL1963746 0: 66.34%, 1: 33.66%
CHEMBL1963747 0: 81.33%, 1: 18.67%
CHEMBL1963748 0: 58.75%, 1: 41.25%
CHEMBL1963749 0: 55.02%, 1: 44.98%
CHEMBL1963750 0: 58.61%, 1: 41.39%
CHEMBL1963751 0: 70.90%, 1: 29.10%
CHEMBL1963752 0: 64.78%, 1: 35.22%
CHEMBL1963753 0: 88.02%, 1: 11.98%
CHEMBL1963754 0: 59.12%, 1: 40.88%
CHEMBL1963756 0: 61.66%, 1: 38.34%
CHEMBL1963757 0: 73.28%, 1: 26.72%
CHEMBL1963758 0: 82.56%, 1: 17.44%
CHEMBL1963759 0: 81.38%, 1: 18.62%
CHEMBL1963760 0: 86.36%, 1: 13.64%
CHEMBL1963761 0: 83.63%, 1: 16.37%
CHEMBL1963763 0: 72.14%, 1: 27.86%
CHEMBL1963764 0: 62.50%, 1: 37.50%
CHEMBL1963765 0: 86.41%, 1: 13.59%
CHEMBL1963766 0: 81.38%, 1: 18.62%
CHEMBL1963767 0: 77.76%, 1: 22.24%
CHEMBL1963768 0: 77.63%, 1: 22.37%
CHEMBL1963770 0: 89.44%, 1: 10.56%
CHEMBL1963771 0: 53.53%, 1: 46.47%
CHEMBL1963772 0: 48.99%, 1: 51.01%
CHEMBL1963773 0: 59.00%, 1: 41.00%
CHEMBL1963775 0: 76.92%, 1: 23.08%
CHEMBL1963776 0: 87.71%, 1: 12.29%
CHEMBL1963777 0: 63.92%, 1: 36.08%
CHEMBL1963778 0: 51.70%, 1: 48.30%
CHEMBL1963779 0: 54.69%, 1: 45.31%
CHEMBL1963780 0: 89.06%, 1: 10.94%
CHEMBL1963781 0: 94.31%, 1: 5.69%
CHEMBL1963782 0: 75.86%, 1: 24.14%
CHEMBL1963783 0: 57.36%, 1: 42.64%
CHEMBL1963785 0: 70.10%, 1: 29.90%
CHEMBL1963786 0: 50.08%, 1: 49.92%
CHEMBL1963787 0: 66.39%, 1: 33.61%
CHEMBL1963789 0: 67.34%, 1: 32.66%
CHEMBL1963790 0: 57.93%, 1: 42.07%
CHEMBL1963791 0: 82.08%, 1: 17.92%
CHEMBL1963792 0: 85.73%, 1: 14.27%
CHEMBL1963793 0: 65.48%, 1: 34.52%
CHEMBL1963794 0: 77.53%, 1: 22.47%
CHEMBL1963795 0: 46.98%, 1: 53.02%
CHEMBL1963796 0: 69.76%, 1: 30.24%
CHEMBL1963797 0: 83.64%, 1: 16.36%
CHEMBL1963798 0: 89.45%, 1: 10.55%
CHEMBL1963799 0: 43.54%, 1: 56.46%
CHEMBL1963800 0: 64.88%, 1: 35.12%
CHEMBL1963801 0: 75.90%, 1: 24.10%
CHEMBL1963802 0: 61.41%, 1: 38.59%
CHEMBL1963803 0: 87.44%, 1: 12.56%
CHEMBL1963804 0: 65.90%, 1: 34.10%
CHEMBL1963805 0: 53.77%, 1: 46.23%
CHEMBL1963806 0: 41.19%, 1: 58.81%
CHEMBL1963807 0: 36.83%, 1: 63.17%
CHEMBL1963808 0: 68.82%, 1: 31.18%
CHEMBL1963809 0: 79.97%, 1: 20.03%
CHEMBL1963810 0: 43.69%, 1: 56.31%
CHEMBL1963811 0: 73.98%, 1: 26.02%
CHEMBL1963812 0: 53.08%, 1: 46.92%
CHEMBL1963813 0: 79.19%, 1: 20.81%
CHEMBL1963814 0: 51.10%, 1: 48.90%
CHEMBL1963815 0: 71.80%, 1: 28.20%
CHEMBL1963816 0: 89.64%, 1: 10.36%
CHEMBL1963817 0: 71.90%, 1: 28.10%
CHEMBL1963818 0: 55.13%, 1: 44.87%
CHEMBL1963819 0: 62.64%, 1: 37.36%
CHEMBL1963820 0: 84.46%, 1: 15.54%
CHEMBL1963821 0: 79.31%, 1: 20.69%
CHEMBL1963822 0: 90.91%, 1: 9.09%
CHEMBL1963823 0: 76.61%, 1: 23.39%
CHEMBL1963824 0: 39.57%, 1: 60.43%
CHEMBL1963825 0: 51.12%, 1: 48.88%
CHEMBL1963826 0: 59.25%, 1: 40.75%
CHEMBL1963827 0: 50.74%, 1: 49.26%
CHEMBL1963828 0: 80.86%, 1: 19.14%
CHEMBL1963829 0: 86.41%, 1: 13.59%
CHEMBL1963831 0: 52.56%, 1: 47.44%
CHEMBL1963832 0: 72.98%, 1: 27.02%
CHEMBL1963833 0: 87.13%, 1: 12.87%
CHEMBL1963834 0: 59.69%, 1: 40.31%
CHEMBL1963836 0: 85.18%, 1: 14.82%
CHEMBL1963837 0: 26.01%, 1: 73.99%
CHEMBL1963838 0: 75.83%, 1: 24.17%
CHEMBL1963846 0: 85.07%, 1: 14.93%
CHEMBL1963867 0: 73.13%, 1: 26.87%
CHEMBL1963893 0: 85.61%, 1: 14.39%
CHEMBL1963898 0: 75.62%, 1: 24.38%
CHEMBL1963907 0: 64.35%, 1: 35.65%
CHEMBL1963910 0: 10.50%, 1: 89.50%
CHEMBL1963915 0: 15.00%, 1: 85.00%
CHEMBL1963916 0: 40.48%, 1: 59.52%
CHEMBL1963918 0: 73.35%, 1: 26.65%
CHEMBL1963930 0: 3.64%, 1: 96.36%
CHEMBL1963933 0: 93.91%, 1: 6.09%
CHEMBL1963934 0: 3.64%, 1: 96.36%
CHEMBL1963937 0: 39.27%, 1: 60.73%
CHEMBL1963938 0: 65.85%, 1: 34.15%
CHEMBL1963940 0: 33.79%, 1: 66.21%
CHEMBL1963947 0: 6.25%, 1: 93.75%
CHEMBL1963966 0: 3.29%, 1: 96.71%
CHEMBL1963968 0: 51.52%, 1: 48.48%
CHEMBL1963969 0: 25.83%, 1: 74.17%
CHEMBL1963971 0: 10.20%, 1: 89.80%
CHEMBL1963974 0: 88.26%, 1: 11.74%
CHEMBL1963983 0: 76.39%, 1: 23.61%
CHEMBL1964000 0: 76.77%, 1: 23.23%
CHEMBL1964005 0: 6.67%, 1: 93.33%
CHEMBL1964010 0: 76.06%, 1: 23.94%
CHEMBL1964015 0: 73.77%, 1: 26.23%
CHEMBL1964022 0: 76.61%, 1: 23.39%
CHEMBL1964023 0: 73.75%, 1: 26.25%
CHEMBL1964081 0: 47.98%, 1: 52.02%
CHEMBL1964095 0: 65.41%, 1: 34.59%
CHEMBL1964096 0: 11.36%, 1: 88.64%
CHEMBL1964100 0: 79.62%, 1: 20.38%
CHEMBL1964101 0: 34.62%, 1: 65.38%
CHEMBL1964102 0: 71.54%, 1: 28.46%
CHEMBL1964103 0: 51.58%, 1: 48.42%
CHEMBL1964104 0: 63.88%, 1: 36.12%
CHEMBL1964105 0: 64.53%, 1: 35.47%
CHEMBL1964106 0: 57.96%, 1: 42.04%
CHEMBL1964108 0: 69.62%, 1: 30.38%
CHEMBL1964111 0: 73.41%, 1: 26.59%
CHEMBL1964112 0: 87.59%, 1: 12.41%
CHEMBL1964114 0: 61.11%, 1: 38.89%
CHEMBL1964115 0: 43.36%, 1: 56.64%
CHEMBL1964116 0: 70.55%, 1: 29.45%
CHEMBL1964117 0: 63.66%, 1: 36.34%
CHEMBL1964118 0: 60.33%, 1: 39.67%
CHEMBL1964119 0: 57.23%, 1: 42.77%
CHEMBL2028073 0: 76.99%, 1: 23.01%
CHEMBL2028074 0: 74.88%, 1: 25.12%
CHEMBL2028075 0: 56.46%, 1: 43.54%
CHEMBL2028076 0: 85.04%, 1: 14.96%
CHEMBL2028077 0: 96.19%, 1: 3.81%
CHEMBL2095143 0: 93.77%, 1: 6.23%
CHEMBL2098499 0: 74.45%, 1: 25.55%
CHEMBL2114715 0: 60.31%, 1: 39.69%
CHEMBL2114716 0: 12.27%, 1: 87.73%
CHEMBL2114719 0: 77.41%, 1: 22.59%
CHEMBL2114725 0: 51.74%, 1: 48.26%
CHEMBL2114727 0: 16.96%, 1: 83.04%
CHEMBL2114728 0: 9.82%, 1: 90.18%
CHEMBL2114737 0: 87.93%, 1: 12.07%
CHEMBL2114742 0: 33.90%, 1: 66.10%
CHEMBL2114748 0: 59.44%, 1: 40.56%
CHEMBL2114752 0: 15.02%, 1: 84.98%
CHEMBL2114753 0: 8.36%, 1: 91.64%
CHEMBL2114761 0: 78.40%, 1: 21.60%
CHEMBL2114764 0: 42.92%, 1: 57.08%
CHEMBL2114771 0: 64.02%, 1: 35.98%
CHEMBL2114791 0: 1.99%, 1: 98.01%
CHEMBL2114797 0: 42.41%, 1: 57.59%
CHEMBL2114811 0: 10.16%, 1: 89.84%
CHEMBL2114814 0: 44.98%, 1: 55.02%
CHEMBL2114816 0: 37.94%, 1: 62.06%
CHEMBL2114818 0: 4.15%, 1: 95.85%
CHEMBL2114820 0: 16.31%, 1: 83.69%
CHEMBL2114821 0: 18.77%, 1: 81.23%
CHEMBL2114823 0: 20.90%, 1: 79.10%
CHEMBL2114825 0: 18.62%, 1: 81.38%
CHEMBL2114827 0: 93.80%, 1: 6.20%
CHEMBL2114829 0: 25.17%, 1: 74.83%
CHEMBL2114830 0: 20.17%, 1: 79.83%
CHEMBL2114839 0: 28.69%, 1: 71.31%
CHEMBL2114842 0: 62.00%, 1: 38.00%
CHEMBL2114844 0: 32.59%, 1: 67.41%
CHEMBL2114847 0: 13.84%, 1: 86.16%
CHEMBL2114850 0: 8.62%, 1: 91.38%
CHEMBL2114852 0: 3.84%, 1: 96.16%
CHEMBL2114857 0: 50.00%, 1: 50.00%
CHEMBL2114858 0: 32.36%, 1: 67.64%
CHEMBL2114863 0: 33.55%, 1: 66.45%
CHEMBL2114865 0: 3.43%, 1: 96.57%
CHEMBL2114872 0: 9.51%, 1: 90.49%
CHEMBL2114874 0: 28.03%, 1: 71.97%
CHEMBL2114882 0: 92.25%, 1: 7.75%
CHEMBL2114896 0: 51.22%, 1: 48.78%
CHEMBL2114899 0: 87.76%, 1: 12.24%
CHEMBL2114909 0: 1.94%, 1: 98.06%
CHEMBL2114916 0: 42.50%, 1: 57.50%
CHEMBL2114926 0: 41.57%, 1: 58.43%
CHEMBL2114928 0: 86.06%, 1: 13.94%
CHEMBL2114930 0: 4.68%, 1: 95.32%
CHEMBL2114931 0: 97.44%, 1: 2.56%
CHEMBL2114932 0: 4.35%, 1: 95.65%
CHEMBL2354206 0: 93.86%, 1: 6.14%
CHEMBL2354207 0: 15.46%, 1: 84.54%
CHEMBL2354217 0: 20.69%, 1: 79.31%
CHEMBL2354227 0: 21.70%, 1: 78.30%
CHEMBL2354228 0: 59.88%, 1: 40.12%
CHEMBL2354248 0: 96.55%, 1: 3.45%
CHEMBL2354256 0: 7.85%, 1: 92.15%
CHEMBL2354269 0: 9.42%, 1: 90.58%
CHEMBL2354274 0: 5.26%, 1: 94.74%
CHEMBL2354276 0: 75.30%, 1: 24.70%
CHEMBL2354289 0: 34.38%, 1: 65.62%
CHEMBL2354292 0: 77.91%, 1: 22.09%
CHEMBL2354303 0: 86.76%, 1: 13.24%
CHEMBL2354305 0: 14.37%, 1: 85.63%
CHEMBL2354308 0: 9.09%, 1: 90.91%
CHEMBL2378059 0: 2.84%, 1: 97.16%
CHEMBL2449559 0: 17.37%, 1: 82.63%
CHEMBL3214794 0: 64.60%, 1: 35.40%
CHEMBL3214801 0: 28.46%, 1: 71.54%
CHEMBL3214812 0: 33.19%, 1: 66.81%
CHEMBL3214816 0: 25.43%, 1: 74.57%
CHEMBL3214851 0: 77.02%, 1: 22.98%
CHEMBL3214906 0: 61.72%, 1: 38.28%
CHEMBL3214907 0: 48.12%, 1: 51.88%
CHEMBL3214929 0: 44.25%, 1: 55.75%
CHEMBL3214930 0: 79.15%, 1: 20.85%
CHEMBL3214944 0: 32.70%, 1: 67.30%
CHEMBL3214958 0: 69.31%, 1: 30.69%
CHEMBL3214959 0: 31.09%, 1: 68.91%
CHEMBL3214970 0: 20.09%, 1: 79.91%
CHEMBL3214992 0: 27.76%, 1: 72.24%
CHEMBL3214993 0: 32.48%, 1: 67.52%
CHEMBL3214997 0: 27.27%, 1: 72.73%
CHEMBL3215006 0: 73.18%, 1: 26.82%
CHEMBL3215013 0: 10.05%, 1: 89.95%
CHEMBL3215025 0: 7.49%, 1: 92.51%
CHEMBL3215034 0: 39.87%, 1: 60.13%
CHEMBL3215078 0: 41.84%, 1: 58.16%
CHEMBL3215092 0: 57.98%, 1: 42.02%
CHEMBL3215096 0: 30.30%, 1: 69.70%
CHEMBL3215112 0: 7.48%, 1: 92.52%
CHEMBL3215116 0: 83.87%, 1: 16.13%
CHEMBL3215128 0: 14.05%, 1: 85.95%
CHEMBL3215154 0: 44.44%, 1: 55.56%
CHEMBL3215157 0: 5.96%, 1: 94.04%
CHEMBL3215158 0: 12.59%, 1: 87.41%
CHEMBL3215171 0: 97.98%, 1: 2.02%
CHEMBL3215176 0: 91.72%, 1: 8.28%
CHEMBL3215185 0: 91.95%, 1: 8.05%
CHEMBL3215187 0: 7.98%, 1: 92.02%
CHEMBL3215216 0: 15.79%, 1: 84.21%
CHEMBL3215220 0: 91.18%, 1: 8.82%
CHEMBL3215227 0: 32.66%, 1: 67.34%
CHEMBL3215228 0: 88.71%, 1: 11.29%
CHEMBL3215276 0: 7.46%, 1: 92.54%
CHEMBL3215277 0: 90.53%, 1: 9.47%
CHEMBL3215288 0: 27.05%, 1: 72.95%
CHEMBL829401 0: 10.53%, 1: 89.47%
CHEMBL830839 0: 3.07%, 1: 96.93%
CHEMBL830842 0: 10.53%, 1: 89.47%
CHEMBL914418 0: 14.93%, 1: 85.07%
CHEMBL918058 0: 93.33%, 1: 6.67%
  0% 0/138 [00:00<?, ?it/s]100% 138/138 [00:00<00:00, 1582.25it/s]
Total scaffolds = 104 | train scaffolds = 83 | val scaffolds = 10 | test scaffolds = 11
/home/apappu/thesis/molecule-metalearning2/molecule-metalearning/chemprop/chemprop/data/scaffold.py:151: RuntimeWarning: Mean of empty slice
  target_avgs.append(np.nanmean(targets, axis=0))
Label averages per scaffold, in decreasing order of scaffold frequency,capped at 10 scaffolds and 20 labels: [(array([nan, nan, nan, nan, nan, nan, nan, nan, nan, nan, nan, nan, nan,
       nan, nan, nan, nan, nan, nan, nan]), array([0, 0, 0, 0, 0, 0, 0, 0, 0, 0, 0, 0, 0, 0, 0, 0, 0, 0, 0, 0])), (array([nan, nan, nan, nan, nan, nan, nan, nan, nan, nan, nan, nan, nan,
