wandb: Tracking run with wandb version 0.9.3
wandb: Run data is saved locally in wandb/run-20200719_141132-1zhu0rb9
wandb: Syncing run chembl_1024_features_only_num_workers_0_no_memory_profiling
wandb: ⭐️ View project at https://app.wandb.ai/apappu97/molecule-metalearning-chemprop
wandb: 🚀 View run at https://app.wandb.ai/apappu97/molecule-metalearning-chemprop/runs/1zhu0rb9
wandb: Run `wandb off` to turn off syncing.

Fold 0
Command line
python chemprop/train.py --data_path filtered_chembl/chembl_less_1024_more_128_645_tasks.csv --dataset_type classification --features_only --features_generator morgan --split_type scaffold_balanced --batch_size 32 --results_save_dir results/features_only --experiment_name chembl_1024_features_only_num_workers_0_no_memory_profiling
Args
{'ANIL': False,
 'FO_MAML': False,
 'activation': 'ReLU',
 'atom_messages': False,
 'batch_size': 32,
 'bias': False,
 'cache_cutoff': 10000,
 'checkpoint_dir': None,
 'checkpoint_path': None,
 'checkpoint_paths': None,
 'chembl_assay_metadata_pickle_path': None,
 'class_balance': False,
 'config_path': None,
 'crossval_index_dir': None,
 'crossval_index_file': None,
 'crossval_index_sets': None,
 'cuda': True,
 'data_path': 'filtered_chembl/chembl_less_1024_more_128_645_tasks.csv',
 'dataset_type': 'classification',
 'depth': 3,
 'device': device(type='cuda'),
 'dropout': 0.0,
 'dummy': False,
 'ensemble_size': 1,
 'epochs': 30,
 'experiment_name': 'chembl_1024_features_only_num_workers_0_no_memory_profiling',
 'features_generator': ['morgan'],
 'features_only': True,
 'features_path': None,
 'features_scaling': True,
 'features_size': None,
 'ffn_hidden_size': 300,
 'ffn_num_layers': 2,
 'final_lr': 0.0001,
 'folds_file': None,
 'gpu': None,
 'hidden_size': 300,
 'init_lr': 0.0001,
 'inner_loop_lr': 0.05,
 'log_frequency': 10,
 'max_data_size': None,
 'max_lr': 0.001,
 'meta_batch_size': 3,
 'meta_learning': False,
 'meta_test_split_sizes': (0.8, 0.1, 0.1),
 'meta_train_split_sizes': (0.8, 0.2, 0),
 'metric': 'auc',
 'minimize_score': False,
 'multiclass_num_classes': 3,
 'no_cuda': False,
 'no_features_scaling': False,
 'num_folds': 1,
 'num_inner_gradient_steps': 2,
 'num_lrs': 1,
 'num_tasks': None,
 'num_workers': 0,
 'outer_loop_lr': 0.003,
 'pytorch_seed': 0,
 'quiet': False,
 'results_save_dir': 'results/features_only',
 'save_dir': '/tmp/tmpjypv3mym/fold_0',
 'save_smiles_splits': False,
 'seed': 0,
 'separate_test_features_path': None,
 'separate_test_path': None,
 'separate_val_features_path': None,
 'separate_val_path': None,
 'show_individual_scores': False,
 'smiles_column': None,
 'split_sizes': (0.8, 0.1, 0.1),
 'split_type': 'scaffold_balanced',
 'target_columns': None,
 'task_names': None,
 'test': False,
 'test_fold_index': None,
 'train_data_size': None,
 'undirected': False,
 'use_input_features': True,
 'val_fold_index': None,
 'warmup_epochs': 2.0}
Loading data
0it [00:00, ?it/s]467it [00:00, 4669.85it/s]987it [00:00, 4816.83it/s]1410it [00:00, 4623.97it/s]1919it [00:00, 4752.18it/s]2399it [00:00, 4764.01it/s]2902it [00:00, 4840.03it/s]3404it [00:00, 4891.44it/s]3872it [00:00, 4825.56it/s]4365it [00:00, 4856.21it/s]4838it [00:01, 4771.80it/s]5329it [00:01, 4812.17it/s]5802it [00:01, 4091.00it/s]6284it [00:01, 4284.14it/s]6787it [00:01, 4481.29it/s]7281it [00:01, 4583.06it/s]7788it [00:01, 4718.74it/s]8294it [00:01, 4815.84it/s]8781it [00:01, 4796.49it/s]9294it [00:01, 4889.58it/s]9786it [00:02, 4177.68it/s]10224it [00:02, 2593.18it/s]10733it [00:02, 3039.65it/s]11219it [00:02, 3423.91it/s]11725it [00:02, 3790.13it/s]12204it [00:02, 4042.34it/s]12709it [00:02, 4299.46it/s]13202it [00:03, 4456.00it/s]13712it [00:03, 4629.34it/s]14227it [00:03, 4773.12it/s]14722it [00:03, 4087.43it/s]15227it [00:03, 4333.71it/s]15714it [00:03, 4480.18it/s]16229it [00:03, 4660.25it/s]16710it [00:03, 4701.29it/s]17228it [00:03, 4833.66it/s]17730it [00:04, 4843.04it/s]18263it [00:04, 4977.20it/s]18766it [00:04, 4326.92it/s]19259it [00:04, 4489.81it/s]19768it [00:04, 4652.33it/s]20266it [00:04, 4743.98it/s]20782it [00:04, 4860.57it/s]21277it [00:04, 4885.12it/s]21788it [00:04, 4949.70it/s]22287it [00:04, 4930.90it/s]22783it [00:05, 4232.73it/s]23294it [00:05, 4459.63it/s]23777it [00:05, 4562.97it/s]24280it [00:05, 4692.13it/s]24759it [00:05, 4706.33it/s]25259it [00:05, 4789.99it/s]25744it [00:05, 4802.32it/s]26255it [00:05, 4888.69it/s]26764it [00:05, 4946.68it/s]27261it [00:06, 4166.97it/s]27756it [00:06, 4372.90it/s]28245it [00:06, 4516.05it/s]28761it [00:06, 4691.00it/s]29247it [00:06, 4739.33it/s]29752it [00:06, 4826.88it/s]30265it [00:06, 4913.33it/s]30762it [00:06, 4905.83it/s]31256it [00:06, 4193.04it/s]31731it [00:07, 4345.83it/s]32248it [00:07, 4563.61it/s]32735it [00:07, 4648.99it/s]33248it [00:07, 4782.65it/s]33760it [00:07, 4866.40it/s]34267it [00:07, 4924.29it/s]34766it [00:07, 4942.65it/s]35264it [00:07, 4133.05it/s]35754it [00:07, 4335.16it/s]36233it [00:08, 4462.10it/s]36737it [00:08, 4620.99it/s]37243it [00:08, 4743.13it/s]37727it [00:08, 4749.42it/s]38244it [00:08, 4866.00it/s]38736it [00:08, 4880.46it/s]39249it [00:08, 4951.69it/s]39747it [00:08, 4176.58it/s]40255it [00:08, 4411.01it/s]40740it [00:08, 4517.45it/s]41249it [00:09, 4673.52it/s]41761it [00:09, 4798.98it/s]42250it [00:09, 4811.85it/s]42761it [00:09, 4895.55it/s]43256it [00:09, 4879.68it/s]43748it [00:09, 4193.81it/s]44232it [00:09, 4367.65it/s]44729it [00:09, 4532.34it/s]45224it [00:09, 4647.69it/s]45700it [00:10, 4678.41it/s]46209it [00:10, 4790.43it/s]46694it [00:10, 4797.37it/s]47204it [00:10, 4882.47it/s]47715it [00:10, 4947.64it/s]48213it [00:10, 4198.22it/s]48736it [00:10, 4460.45it/s]49215it [00:10, 4553.82it/s]49718it [00:10, 4685.31it/s]50199it [00:11, 4720.52it/s]50717it [00:11, 4847.15it/s]51208it [00:11, 4828.41it/s]51705it [00:11, 4867.25it/s]52195it [00:11, 4186.61it/s]52672it [00:11, 4345.81it/s]53159it [00:11, 4488.66it/s]53649it [00:11, 4545.79it/s]54141it [00:11, 4650.94it/s]54625it [00:11, 4705.47it/s]55101it [00:12, 4689.56it/s]55584it [00:12, 4728.91it/s]56078it [00:12, 4787.90it/s]56559it [00:13, 1176.75it/s]57060it [00:13, 1527.20it/s]57537it [00:13, 1918.05it/s]58042it [00:13, 2355.72it/s]58525it [00:13, 2779.25it/s]59032it [00:13, 3214.02it/s]59534it [00:13, 3602.38it/s]60016it [00:14, 3896.86it/s]60513it [00:14, 4164.81it/s]60998it [00:14, 3731.79it/s]61501it [00:14, 4043.73it/s]61865it [00:14, 4257.30it/s]
  0% 0/61865 [00:00<?, ?it/s]  0% 181/61865 [00:00<00:34, 1805.91it/s]  1% 379/61865 [00:00<00:33, 1854.78it/s]  1% 572/61865 [00:00<00:32, 1873.68it/s]  1% 759/61865 [00:00<00:32, 1870.29it/s]  2% 954/61865 [00:00<00:32, 1893.37it/s]  2% 1144/61865 [00:00<00:32, 1893.77it/s]  2% 1332/61865 [00:00<00:32, 1887.17it/s]  2% 1525/61865 [00:00<00:31, 1899.04it/s]  3% 1710/61865 [00:00<00:31, 1883.47it/s]  3% 1904/61865 [00:01<00:31, 1899.04it/s]  3% 2089/61865 [00:01<00:32, 1858.85it/s]  4% 2278/61865 [00:01<00:31, 1865.47it/s]  4% 2472/61865 [00:01<00:31, 1884.98it/s]  4% 2659/61865 [00:01<00:31, 1861.55it/s]  5% 2845/61865 [00:01<00:31, 1854.27it/s]  5% 3030/61865 [00:01<00:32, 1786.99it/s]  5% 3230/61865 [00:01<00:31, 1844.79it/s]  6% 3415/61865 [00:01<00:32, 1815.19it/s]  6% 3598/61865 [00:01<00:32, 1817.39it/s]  6% 3787/61865 [00:02<00:31, 1837.86it/s]  6% 3972/61865 [00:02<00:31, 1824.19it/s]  7% 4155/61865 [00:02<00:31, 1810.21it/s]  7% 4353/61865 [00:02<00:30, 1857.40it/s]  7% 4550/61865 [00:02<00:30, 1888.59it/s]  8% 4740/61865 [00:02<00:30, 1859.26it/s]  8% 4933/61865 [00:02<00:30, 1877.10it/s]  8% 5123/61865 [00:02<00:30, 1881.24it/s]  9% 5312/61865 [00:02<00:30, 1852.96it/s]  9% 5498/61865 [00:02<00:30, 1838.70it/s]  9% 5686/61865 [00:03<00:30, 1848.15it/s] 10% 5878/61865 [00:03<00:30, 1866.21it/s] 10% 6065/61865 [00:03<00:30, 1832.96it/s] 10% 6254/61865 [00:03<00:30, 1846.57it/s] 10% 6440/61865 [00:03<00:29, 1850.05it/s] 11% 6626/61865 [00:03<00:29, 1847.46it/s] 11% 6811/61865 [00:03<00:29, 1847.81it/s] 11% 7002/61865 [00:03<00:29, 1865.02it/s] 12% 7192/61865 [00:03<00:29, 1874.00it/s] 12% 7380/61865 [00:03<00:29, 1838.28it/s] 12% 7565/61865 [00:04<00:29, 1818.62it/s] 13% 7749/61865 [00:04<00:29, 1823.86it/s] 13% 7944/61865 [00:04<00:28, 1859.62it/s] 13% 8131/61865 [00:04<00:29, 1840.47it/s] 13% 8316/61865 [00:04<00:29, 1834.06it/s] 14% 8503/61865 [00:04<00:28, 1842.20it/s] 14% 8689/61865 [00:04<00:28, 1845.59it/s] 14% 8874/61865 [00:04<00:28, 1834.61it/s] 15% 9058/61865 [00:04<00:28, 1826.30it/s] 15% 9241/61865 [00:04<00:28, 1818.09it/s] 15% 9423/61865 [00:05<00:29, 1803.07it/s] 16% 9614/61865 [00:05<00:28, 1831.72it/s] 16% 9805/61865 [00:05<00:28, 1852.93it/s] 16% 9993/61865 [00:05<00:27, 1859.82it/s] 16% 10180/61865 [00:05<00:27, 1862.07it/s] 17% 10370/61865 [00:05<00:27, 1871.86it/s] 17% 10558/61865 [00:05<00:27, 1863.98it/s] 17% 10745/61865 [00:05<00:27, 1836.50it/s] 18% 10932/61865 [00:05<00:27, 1843.72it/s] 18% 11121/61865 [00:05<00:27, 1856.58it/s] 18% 11307/61865 [00:06<00:27, 1856.17it/s] 19% 11493/61865 [00:06<00:27, 1830.34it/s] 19% 11679/61865 [00:06<00:27, 1838.18it/s] 19% 11870/61865 [00:06<00:26, 1857.08it/s] 19% 12056/61865 [00:06<00:26, 1846.44it/s] 20% 12250/61865 [00:06<00:26, 1871.73it/s] 20% 12440/61865 [00:06<00:26, 1878.86it/s] 20% 12628/61865 [00:06<00:26, 1876.74it/s] 21% 12816/61865 [00:06<00:26, 1864.56it/s] 21% 13003/61865 [00:07<00:26, 1845.96it/s] 21% 13195/61865 [00:07<00:26, 1865.55it/s] 22% 13382/61865 [00:07<00:26, 1861.05it/s] 22% 13575/61865 [00:07<00:25, 1878.34it/s] 22% 13768/61865 [00:07<00:25, 1892.14it/s] 23% 13958/61865 [00:07<00:25, 1886.31it/s] 23% 14147/61865 [00:07<00:25, 1866.04it/s] 23% 14334/61865 [00:07<00:25, 1865.18it/s] 23% 14524/61865 [00:07<00:25, 1874.76it/s] 24% 14712/61865 [00:07<00:25, 1840.92it/s] 24% 14902/61865 [00:08<00:25, 1858.02it/s] 24% 15092/61865 [00:08<00:25, 1867.74it/s] 25% 15283/61865 [00:08<00:24, 1878.48it/s] 25% 15471/61865 [00:08<00:25, 1842.71it/s] 25% 15656/61865 [00:08<00:25, 1835.97it/s] 26% 15848/61865 [00:08<00:24, 1857.75it/s] 26% 16034/61865 [00:08<00:24, 1851.91it/s] 26% 16224/61865 [00:08<00:24, 1865.11it/s] 27% 16417/61865 [00:08<00:24, 1884.10it/s] 27% 16607/61865 [00:08<00:23, 1888.34it/s] 27% 16796/61865 [00:09<00:24, 1873.17it/s] 27% 16993/61865 [00:09<00:23, 1899.45it/s] 28% 17186/61865 [00:09<00:23, 1905.96it/s] 28% 17377/61865 [00:09<00:23, 1880.27it/s] 28% 17568/61865 [00:09<00:23, 1888.28it/s] 29% 17764/61865 [00:09<00:23, 1906.32it/s] 29% 17955/61865 [00:09<00:23, 1904.03it/s] 29% 18146/61865 [00:09<00:23, 1884.35it/s] 30% 18341/61865 [00:09<00:22, 1900.89it/s] 30% 18534/61865 [00:09<00:22, 1907.10it/s] 30% 18725/61865 [00:10<00:23, 1855.41it/s] 31% 18911/61865 [00:10<00:23, 1839.51it/s] 31% 19096/61865 [00:10<00:23, 1826.24it/s] 31% 19279/61865 [00:10<00:23, 1813.72it/s] 31% 19461/61865 [00:10<00:23, 1793.77it/s] 32% 19645/61865 [00:10<00:23, 1805.72it/s] 32% 19826/61865 [00:10<00:23, 1800.15it/s] 32% 20007/61865 [00:10<00:23, 1778.50it/s] 33% 20188/61865 [00:10<00:23, 1785.78it/s] 33% 20373/61865 [00:10<00:23, 1802.87it/s] 33% 20563/61865 [00:11<00:22, 1829.23it/s] 34% 20747/61865 [00:11<00:22, 1823.90it/s] 34% 20935/61865 [00:11<00:22, 1839.09it/s] 34% 21127/61865 [00:11<00:21, 1862.03it/s] 34% 21314/61865 [00:11<00:21, 1861.20it/s] 35% 21501/61865 [00:11<00:21, 1844.73it/s] 35% 21691/61865 [00:11<00:21, 1860.32it/s] 35% 21881/61865 [00:11<00:21, 1871.46it/s] 36% 22069/61865 [00:11<00:21, 1844.91it/s] 36% 22261/61865 [00:11<00:21, 1866.36it/s] 36% 22448/61865 [00:12<00:21, 1832.65it/s] 37% 22637/61865 [00:12<00:21, 1846.68it/s] 37% 22822/61865 [00:12<00:21, 1845.77it/s] 37% 23013/61865 [00:12<00:20, 1864.52it/s] 38% 23204/61865 [00:12<00:20, 1877.87it/s] 38% 23392/61865 [00:12<00:20, 1865.86it/s] 38% 23579/61865 [00:12<00:20, 1858.89it/s] 38% 23767/61865 [00:12<00:20, 1864.37it/s] 39% 23957/61865 [00:12<00:20, 1871.92it/s] 39% 24145/61865 [00:13<00:20, 1871.81it/s] 39% 24339/61865 [00:13<00:19, 1890.05it/s] 40% 24533/61865 [00:13<00:19, 1902.27it/s] 40% 24724/61865 [00:13<00:19, 1876.98it/s] 40% 24915/61865 [00:13<00:19, 1886.25it/s] 41% 25104/61865 [00:13<00:19, 1886.01it/s] 41% 25294/61865 [00:13<00:19, 1888.00it/s] 41% 25483/61865 [00:13<00:19, 1872.47it/s] 41% 25671/61865 [00:13<00:19, 1873.10it/s] 42% 25862/61865 [00:13<00:19, 1882.22it/s] 42% 26051/61865 [00:14<00:19, 1862.81it/s] 42% 26241/61865 [00:14<00:19, 1873.39it/s] 43% 26429/61865 [00:14<00:18, 1869.84it/s] 43% 26617/61865 [00:14<00:18, 1871.02it/s] 43% 26805/61865 [00:14<00:18, 1868.22it/s] 44% 26997/61865 [00:14<00:18, 1881.64it/s] 44% 27189/61865 [00:14<00:18, 1890.11it/s] 44% 27379/61865 [00:14<00:18, 1864.26it/s] 45% 27566/61865 [00:14<00:18, 1865.14it/s] 45% 27754/61865 [00:14<00:18, 1867.77it/s] 45% 27941/61865 [00:15<00:18, 1861.14it/s] 45% 28128/61865 [00:15<00:18, 1820.09it/s] 46% 28315/61865 [00:15<00:18, 1834.55it/s] 46% 28506/61865 [00:15<00:17, 1856.27it/s] 46% 28692/61865 [00:15<00:17, 1848.51it/s] 47% 28878/61865 [00:15<00:17, 1849.07it/s] 47% 29064/61865 [00:15<00:17, 1852.06it/s] 47% 29253/61865 [00:15<00:17, 1861.83it/s] 48% 29440/61865 [00:15<00:17, 1842.77it/s] 48% 29630/61865 [00:15<00:17, 1858.12it/s] 48% 29823/61865 [00:16<00:17, 1877.43it/s] 49% 30011/61865 [00:16<00:16, 1874.30it/s] 49% 30199/61865 [00:16<00:16, 1872.40it/s] 49% 30390/61865 [00:16<00:16, 1882.92it/s] 49% 30583/61865 [00:16<00:16, 1893.24it/s] 50% 30773/61865 [00:16<00:16, 1869.23it/s] 50% 30967/61865 [00:16<00:16, 1887.31it/s] 50% 31156/61865 [00:16<00:16, 1887.58it/s] 51% 31345/61865 [00:16<00:16, 1877.68it/s] 51% 31533/61865 [00:16<00:16, 1873.18it/s] 51% 31725/61865 [00:17<00:15, 1884.72it/s] 52% 31914/61865 [00:17<00:15, 1876.05it/s] 52% 32102/61865 [00:17<00:16, 1809.23it/s] 52% 32290/61865 [00:17<00:16, 1829.60it/s] 52% 32478/61865 [00:17<00:15, 1842.31it/s] 53% 32663/61865 [00:17<00:15, 1843.55it/s] 53% 32848/61865 [00:17<00:15, 1837.64it/s] 53% 33038/61865 [00:17<00:15, 1855.80it/s] 54% 33230/61865 [00:17<00:15, 1873.63it/s] 54% 33418/61865 [00:17<00:15, 1831.87it/s] 54% 33602/61865 [00:18<00:15, 1831.53it/s] 55% 33786/61865 [00:18<00:15, 1829.32it/s] 55% 33970/61865 [00:18<00:15, 1814.80it/s] 55% 34152/61865 [00:18<00:15, 1792.50it/s] 56% 34336/61865 [00:18<00:15, 1806.12it/s] 56% 34518/61865 [00:18<00:15, 1809.24it/s] 56% 34700/61865 [00:18<00:15, 1784.61it/s] 56% 34882/61865 [00:18<00:15, 1792.76it/s] 57% 35068/61865 [00:18<00:14, 1809.74it/s] 57% 35256/61865 [00:18<00:14, 1829.04it/s] 57% 35440/61865 [00:19<00:14, 1819.41it/s] 58% 35630/61865 [00:19<00:14, 1841.29it/s] 58% 35821/61865 [00:19<00:14, 1858.59it/s] 58% 36007/61865 [00:19<00:13, 1848.06it/s] 59% 36192/61865 [00:19<00:13, 1838.76it/s] 59% 36381/61865 [00:19<00:13, 1851.24it/s] 59% 36570/61865 [00:19<00:13, 1860.66it/s] 59% 36757/61865 [00:19<00:13, 1846.38it/s] 60% 36948/61865 [00:19<00:13, 1862.42it/s] 60% 37141/61865 [00:20<00:13, 1882.01it/s] 60% 37331/61865 [00:20<00:13, 1884.83it/s] 61% 37521/61865 [00:20<00:12, 1888.42it/s] 61% 37716/61865 [00:20<00:12, 1905.56it/s] 61% 37908/61865 [00:20<00:12, 1908.99it/s] 62% 38099/61865 [00:20<00:12, 1867.59it/s] 62% 38292/61865 [00:20<00:12, 1883.62it/s] 62% 38485/61865 [00:20<00:12, 1894.57it/s] 63% 38675/61865 [00:20<00:12, 1864.27it/s] 63% 38862/61865 [00:20<00:12, 1831.28it/s] 63% 39050/61865 [00:21<00:12, 1845.05it/s] 63% 39246/61865 [00:21<00:12, 1875.80it/s] 64% 39434/61865 [00:21<00:12, 1854.42it/s] 64% 39626/61865 [00:21<00:11, 1873.36it/s] 64% 39819/61865 [00:21<00:11, 1889.66it/s] 65% 40009/61865 [00:21<00:11, 1859.71it/s] 65% 40196/61865 [00:21<00:11, 1846.46it/s] 65% 40386/61865 [00:21<00:11, 1859.52it/s] 66% 40573/61865 [00:21<00:11, 1862.20it/s] 66% 40760/61865 [00:21<00:11, 1830.77it/s] 66% 40949/61865 [00:22<00:11, 1847.03it/s] 66% 41134/61865 [00:23<00:47, 437.28it/s]  67% 41321/61865 [00:23<00:36, 567.65it/s] 67% 41503/61865 [00:23<00:28, 715.09it/s] 67% 41693/61865 [00:23<00:22, 879.63it/s] 68% 41883/61865 [00:23<00:19, 1048.21it/s] 68% 42061/61865 [00:23<00:16, 1194.70it/s] 68% 42247/61865 [00:23<00:14, 1336.96it/s] 69% 42438/61865 [00:23<00:13, 1467.41it/s] 69% 42624/61865 [00:24<00:12, 1564.64it/s] 69% 42807/61865 [00:24<00:11, 1634.12it/s] 70% 42999/61865 [00:24<00:11, 1709.43it/s] 70% 43192/61865 [00:24<00:10, 1767.98it/s] 70% 43380/61865 [00:24<00:10, 1777.54it/s] 70% 43569/61865 [00:24<00:10, 1806.99it/s] 71% 43761/61865 [00:24<00:09, 1838.98it/s] 71% 43953/61865 [00:24<00:09, 1859.80it/s] 71% 44142/61865 [00:24<00:09, 1854.62it/s] 72% 44333/61865 [00:24<00:09, 1869.38it/s] 72% 44524/61865 [00:25<00:09, 1880.66it/s] 72% 44714/61865 [00:25<00:09, 1879.72it/s] 73% 44903/61865 [00:25<00:09, 1870.07it/s] 73% 45094/61865 [00:25<00:08, 1881.47it/s] 73% 45288/61865 [00:25<00:08, 1897.01it/s] 74% 45478/61865 [00:25<00:08, 1876.42it/s] 74% 45669/61865 [00:25<00:08, 1883.69it/s] 74% 45865/61865 [00:25<00:08, 1903.94it/s] 74% 46056/61865 [00:25<00:08, 1870.63it/s] 75% 46244/61865 [00:25<00:08, 1853.72it/s] 75% 46437/61865 [00:26<00:08, 1875.53it/s] 75% 46626/61865 [00:26<00:08, 1878.30it/s] 76% 46814/61865 [00:26<00:08, 1859.19it/s] 76% 47008/61865 [00:26<00:07, 1881.78it/s] 76% 47199/61865 [00:26<00:07, 1888.62it/s] 77% 47388/61865 [00:26<00:07, 1878.60it/s] 77% 47582/61865 [00:26<00:07, 1894.78it/s] 77% 47772/61865 [00:26<00:07, 1896.21it/s] 78% 47962/61865 [00:26<00:07, 1896.06it/s] 78% 48152/61865 [00:26<00:07, 1878.63it/s] 78% 48341/61865 [00:27<00:07, 1879.19it/s] 78% 48533/61865 [00:27<00:07, 1888.77it/s] 79% 48722/61865 [00:27<00:07, 1861.71it/s] 79% 48909/61865 [00:27<00:06, 1859.83it/s] 79% 49096/61865 [00:27<00:06, 1832.40it/s] 80% 49283/61865 [00:27<00:06, 1840.81it/s] 80% 49468/61865 [00:27<00:06, 1819.84it/s] 80% 49657/61865 [00:27<00:06, 1838.22it/s] 81% 49843/61865 [00:27<00:06, 1842.63it/s] 81% 50028/61865 [00:27<00:06, 1831.65it/s] 81% 50212/61865 [00:28<00:06, 1786.87it/s] 81% 50392/61865 [00:28<00:06, 1787.97it/s] 82% 50572/61865 [00:28<00:06, 1765.85it/s] 82% 50749/61865 [00:28<00:06, 1744.60it/s] 82% 50924/61865 [00:28<00:06, 1739.57it/s] 83% 51099/61865 [00:28<00:06, 1741.34it/s] 83% 51276/61865 [00:28<00:06, 1748.66it/s] 83% 51451/61865 [00:28<00:06, 1735.41it/s] 83% 51625/61865 [00:28<00:05, 1734.98it/s] 84% 51800/61865 [00:29<00:05, 1738.70it/s] 84% 51977/61865 [00:29<00:05, 1743.57it/s] 84% 52152/61865 [00:29<00:05, 1735.49it/s] 85% 52331/61865 [00:29<00:05, 1749.38it/s] 85% 52506/61865 [00:29<00:05, 1740.24it/s] 85% 52682/61865 [00:29<00:05, 1745.25it/s] 85% 52857/61865 [00:29<00:05, 1733.04it/s] 86% 53036/61865 [00:29<00:05, 1748.39it/s] 86% 53211/61865 [00:29<00:04, 1732.74it/s] 86% 53387/61865 [00:29<00:04, 1738.61it/s] 87% 53565/61865 [00:30<00:04, 1749.19it/s] 87% 53749/61865 [00:30<00:04, 1773.46it/s] 87% 53930/61865 [00:30<00:04, 1784.26it/s] 87% 54109/61865 [00:30<00:04, 1765.37it/s] 88% 54298/61865 [00:30<00:04, 1800.09it/s] 88% 54488/61865 [00:30<00:04, 1826.45it/s] 88% 54677/61865 [00:30<00:03, 1843.16it/s] 89% 54862/61865 [00:30<00:03, 1828.03it/s] 89% 55045/61865 [00:30<00:03, 1824.29it/s] 89% 55228/61865 [00:30<00:03, 1815.38it/s] 90% 55410/61865 [00:31<00:03, 1727.30it/s] 90% 55593/61865 [00:31<00:03, 1755.09it/s] 90% 55780/61865 [00:31<00:03, 1786.04it/s] 90% 55967/61865 [00:31<00:03, 1809.87it/s] 91% 56149/61865 [00:31<00:03, 1812.74it/s] 91% 56342/61865 [00:31<00:02, 1845.94it/s] 91% 56537/61865 [00:31<00:02, 1875.80it/s] 92% 56725/61865 [00:31<00:02, 1818.38it/s] 92% 56908/61865 [00:31<00:02, 1789.65it/s] 92% 57088/61865 [00:31<00:02, 1770.16it/s] 93% 57266/61865 [00:32<00:02, 1755.38it/s] 93% 57442/61865 [00:32<00:02, 1674.01it/s] 93% 57611/61865 [00:32<00:02, 1645.05it/s] 93% 57777/61865 [00:32<00:02, 1619.79it/s] 94% 57940/61865 [00:32<00:02, 1591.74it/s] 94% 58100/61865 [00:32<00:02, 1546.07it/s] 94% 58259/61865 [00:32<00:02, 1558.45it/s] 94% 58422/61865 [00:32<00:02, 1577.19it/s] 95% 58596/61865 [00:32<00:02, 1621.30it/s] 95% 58768/61865 [00:33<00:01, 1649.08it/s] 95% 58958/61865 [00:33<00:01, 1716.90it/s] 96% 59152/61865 [00:33<00:01, 1776.77it/s] 96% 59341/61865 [00:33<00:01, 1808.56it/s] 96% 59526/61865 [00:33<00:01, 1819.17it/s] 97% 59720/61865 [00:33<00:01, 1851.51it/s] 97% 59906/61865 [00:33<00:01, 1818.58it/s] 97% 60089/61865 [00:33<00:00, 1783.03it/s] 97% 60271/61865 [00:33<00:00, 1791.71it/s] 98% 60464/61865 [00:33<00:00, 1830.53it/s] 98% 60658/61865 [00:34<00:00, 1860.27it/s] 98% 60845/61865 [00:34<00:00, 1863.15it/s] 99% 61039/61865 [00:34<00:00, 1882.92it/s] 99% 61233/61865 [00:34<00:00, 1899.30it/s] 99% 61424/61865 [00:34<00:00, 1887.95it/s]100% 61613/61865 [00:34<00:00, 1880.03it/s]100% 61803/61865 [00:34<00:00, 1884.57it/s]100% 61865/61865 [00:34<00:00, 1783.89it/s]
  0% 0/61865 [00:00<?, ?it/s] 17% 10346/61865 [00:00<00:00, 103454.18it/s] 36% 22498/61865 [00:00<00:00, 108281.20it/s] 58% 35834/61865 [00:00<00:00, 114753.92it/s] 82% 50949/61865 [00:00<00:00, 123686.21it/s]100% 61865/61865 [00:00<00:00, 135109.35it/s]
Number of tasks = 645
Splitting data with seed 0
  0% 0/61865 [00:00<?, ?it/s]  1% 604/61865 [00:00<00:10, 6037.63it/s]  2% 1224/61865 [00:00<00:09, 6083.54it/s]  3% 1802/61865 [00:00<00:10, 5982.27it/s]  4% 2369/61865 [00:00<00:10, 5880.89it/s]  5% 2944/61865 [00:00<00:10, 5838.90it/s]  6% 3588/61865 [00:00<00:09, 6006.80it/s]  7% 4120/61865 [00:00<00:10, 5713.65it/s]  8% 4705/61865 [00:00<00:09, 5753.76it/s]  8% 5255/61865 [00:00<00:09, 5671.55it/s]  9% 5801/61865 [00:01<00:10, 5522.91it/s] 10% 6339/61865 [00:01<00:10, 5440.97it/s] 11% 6878/61865 [00:01<00:10, 5422.58it/s] 12% 7423/61865 [00:01<00:10, 5428.55it/s] 13% 7962/61865 [00:01<00:10, 5385.52it/s] 14% 8498/61865 [00:01<00:10, 5118.24it/s] 15% 9012/61865 [00:01<00:10, 5123.23it/s] 15% 9587/61865 [00:01<00:09, 5295.48it/s] 16% 10150/61865 [00:01<00:09, 5390.51it/s] 17% 10691/61865 [00:01<00:09, 5394.15it/s] 18% 11244/61865 [00:02<00:09, 5430.74it/s] 19% 11798/61865 [00:02<00:09, 5461.64it/s] 20% 12372/61865 [00:02<00:08, 5535.30it/s] 21% 12940/61865 [00:02<00:08, 5576.96it/s] 22% 13522/61865 [00:02<00:08, 5645.28it/s] 23% 14088/61865 [00:02<00:08, 5556.75it/s] 24% 14645/61865 [00:02<00:08, 5470.10it/s] 25% 15199/61865 [00:02<00:08, 5489.55it/s] 25% 15749/61865 [00:02<00:08, 5486.57it/s] 26% 16320/61865 [00:02<00:08, 5549.48it/s] 27% 16901/61865 [00:03<00:07, 5622.36it/s] 28% 17465/61865 [00:03<00:07, 5626.75it/s] 29% 18053/61865 [00:03<00:07, 5697.95it/s] 30% 18632/61865 [00:03<00:07, 5722.92it/s] 31% 19205/61865 [00:03<00:07, 5674.91it/s] 32% 19783/61865 [00:03<00:07, 5705.07it/s] 33% 20354/61865 [00:03<00:07, 5599.31it/s] 34% 20915/61865 [00:03<00:07, 5577.61it/s] 35% 21474/61865 [00:03<00:07, 5519.43it/s] 36% 22042/61865 [00:03<00:07, 5566.16it/s] 37% 22624/61865 [00:04<00:06, 5638.56it/s] 37% 23199/61865 [00:04<00:06, 5668.15it/s] 38% 23790/61865 [00:04<00:06, 5737.13it/s] 39% 24391/61865 [00:04<00:06, 5812.60it/s] 40% 24973/61865 [00:04<00:06, 5795.22it/s] 41% 25553/61865 [00:04<00:06, 5762.85it/s] 42% 26130/61865 [00:04<00:06, 5703.94it/s] 43% 26701/61865 [00:04<00:06, 5698.37it/s] 44% 27275/61865 [00:04<00:06, 5709.96it/s] 45% 27852/61865 [00:04<00:05, 5725.85it/s] 46% 28425/61865 [00:05<00:05, 5669.86it/s] 47% 28993/61865 [00:05<00:05, 5587.65it/s] 48% 29565/61865 [00:05<00:05, 5626.38it/s] 49% 30148/61865 [00:05<00:05, 5681.85it/s] 50% 30717/61865 [00:05<00:05, 5683.18it/s] 51% 31287/61865 [00:05<00:05, 5686.38it/s] 52% 31862/61865 [00:05<00:05, 5703.72it/s] 52% 32433/61865 [00:05<00:05, 5634.13it/s] 53% 32997/61865 [00:05<00:05, 5576.57it/s] 54% 33557/61865 [00:05<00:05, 5581.81it/s] 55% 34128/61865 [00:06<00:04, 5618.21it/s] 56% 34701/61865 [00:06<00:04, 5646.49it/s] 57% 35266/61865 [00:06<00:04, 5604.48it/s] 58% 35834/61865 [00:06<00:04, 5625.36it/s] 59% 36405/61865 [00:06<00:04, 5646.76it/s] 60% 36986/61865 [00:06<00:04, 5693.31it/s] 61% 37583/61865 [00:06<00:04, 5773.07it/s] 62% 38161/61865 [00:06<00:04, 5762.16it/s] 63% 38738/61865 [00:06<00:04, 5716.51it/s] 64% 39314/61865 [00:06<00:03, 5725.81it/s] 64% 39888/61865 [00:07<00:03, 5728.24it/s] 65% 40461/61865 [00:07<00:03, 5650.41it/s] 66% 41027/61865 [00:07<00:03, 5621.07it/s] 67% 41600/61865 [00:07<00:03, 5651.43it/s] 68% 42166/61865 [00:07<00:03, 5640.46it/s] 69% 42731/61865 [00:07<00:03, 5566.60it/s] 70% 43288/61865 [00:07<00:03, 5546.15it/s] 71% 43859/61865 [00:07<00:03, 5592.18it/s] 72% 44429/61865 [00:07<00:03, 5622.12it/s] 73% 45005/61865 [00:08<00:02, 5661.68it/s] 74% 45572/61865 [00:08<00:02, 5658.47it/s] 75% 46139/61865 [00:08<00:02, 5614.87it/s] 76% 46719/61865 [00:08<00:02, 5667.06it/s] 76% 47306/61865 [00:08<00:02, 5725.75it/s] 77% 47879/61865 [00:08<00:02, 5693.50it/s] 78% 48449/61865 [00:08<00:02, 5647.26it/s] 79% 49014/61865 [00:08<00:02, 5505.54it/s] 80% 49566/61865 [00:08<00:02, 5423.15it/s] 81% 50110/61865 [00:08<00:02, 5274.24it/s] 82% 50639/61865 [00:09<00:02, 5186.57it/s] 83% 51160/61865 [00:09<00:02, 5108.68it/s] 84% 51673/61865 [00:09<00:02, 5076.17it/s] 84% 52182/61865 [00:09<00:01, 5056.63it/s] 85% 52689/61865 [00:09<00:01, 4997.96it/s] 86% 53190/61865 [00:09<00:01, 4724.62it/s] 87% 53736/61865 [00:09<00:01, 4923.15it/s] 88% 54233/61865 [00:09<00:01, 4922.51it/s] 89% 54768/61865 [00:09<00:01, 5040.29it/s] 89% 55284/61865 [00:09<00:01, 5074.71it/s] 90% 55794/61865 [00:10<00:01, 4859.83it/s] 91% 56322/61865 [00:10<00:01, 4978.19it/s] 92% 56823/61865 [00:10<00:01, 4860.00it/s] 93% 57312/61865 [00:10<00:01, 4515.49it/s] 93% 57771/61865 [00:10<00:01, 3959.94it/s] 94% 58185/61865 [00:10<00:01, 3620.79it/s] 95% 58565/61865 [00:10<00:00, 3507.59it/s] 96% 59102/61865 [00:10<00:00, 3914.43it/s] 96% 59693/61865 [00:11<00:00, 4354.20it/s] 97% 60162/61865 [00:11<00:00, 4337.22it/s] 98% 60736/61865 [00:11<00:00, 4679.86it/s] 99% 61336/61865 [00:11<00:00, 5009.71it/s]100% 61865/61865 [00:11<00:00, 5412.08it/s]
Total scaffolds = 30,615 | train scaffolds = 24,639 | val scaffolds = 3,133 | test scaffolds = 2,843
/home/ubuntu/molecule-metalearning/chemprop/chemprop/data/scaffold.py:152: RuntimeWarning: Mean of empty slice
  target_avgs.append(np.nanmean(targets, axis=0))
Label averages per scaffold, in decreasing order of scaffold frequency,capped at 10 scaffolds and 20 labels: [(array([nan, nan, nan, nan, nan, nan, nan, nan, nan, nan, nan, nan, nan,
       nan, nan, nan, nan, nan, nan, nan]), array([0, 0, 0, 0, 0, 0, 0, 0, 0, 0, 0, 0, 0, 0, 0, 0, 0, 0, 0, 0])), (array([nan, nan, nan, nan, nan, nan, nan, nan, nan, nan, nan, nan, nan,
       nan, nan, 0.5, nan, nan, nan, nan]), array([0, 0, 0, 0, 0, 0, 0, 0, 0, 0, 0, 0, 0, 0, 0, 2, 0, 0, 0, 0])), (array([nan, nan, nan, nan, nan, nan, nan, nan, nan, nan, nan, nan, nan,
       nan, nan, nan, nan, nan, nan, nan]), array([0, 0, 0, 0, 0, 0, 0, 0, 0, 0, 0, 0, 0, 0, 0, 0, 0, 0, 0, 0])), (array([nan, nan, nan, nan, nan, nan, nan, nan, nan, nan, nan, nan, nan,
       nan, nan, nan, nan, nan, nan, nan]), array([0, 0, 0, 0, 0, 0, 0, 0, 0, 0, 0, 0, 0, 0, 0, 0, 0, 0, 0, 0])), (array([nan, nan, nan, nan, nan, nan, nan, nan, nan, nan, nan, nan, nan,
       nan, nan, nan, nan, nan, nan, nan]), array([0, 0, 0, 0, 0, 0, 0, 0, 0, 0, 0, 0, 0, 0, 0, 0, 0, 0, 0, 0])), (array([nan, nan, nan, nan, nan, nan, nan, nan, nan, nan, nan, nan, nan,
       nan, nan, nan, nan, nan, nan, nan]), array([0, 0, 0, 0, 0, 0, 0, 0, 0, 0, 0, 0, 0, 0, 0, 0, 0, 0, 0, 0])), (array([nan, nan, nan, nan, nan, nan, nan, nan, nan, nan, nan, nan, nan,
       nan, nan, nan, nan, nan, nan, nan]), array([0, 0, 0, 0, 0, 0, 0, 0, 0, 0, 0, 0, 0, 0, 0, 0, 0, 0, 0, 0])), (array([nan, nan, nan, nan, nan, nan, nan, nan, nan, nan, nan, nan, nan,
       nan, nan, nan, nan, nan, nan, nan]), array([0, 0, 0, 0, 0, 0, 0, 0, 0, 0, 0, 0, 0, 0, 0, 0, 0, 0, 0, 0])), (array([nan, nan, nan, nan, nan, nan, nan, nan, nan, nan, nan, nan, nan,
       nan, nan, nan, nan, nan, nan, nan]), array([0, 0, 0, 0, 0, 0, 0, 0, 0, 0, 0, 0, 0, 0, 0, 0, 0, 0, 0, 0])), (array([nan, nan, nan, nan, nan, nan, nan, nan, nan, nan, nan, nan, nan,
       nan, nan, nan, nan, nan, nan, nan]), array([0, 0, 0, 0, 0, 0, 0, 0, 0, 0, 0, 0, 0, 0, 0, 0, 0, 0, 0, 0]))]
Class sizes
CHEMBL1033994 0: 41.98%, 1: 58.02%
CHEMBL1119333 0: 9.59%, 1: 90.41%
CHEMBL1217000 0: 52.41%, 1: 47.59%
CHEMBL1243965 0: 17.11%, 1: 82.89%
CHEMBL1243966 0: 41.96%, 1: 58.04%
CHEMBL1243967 0: 10.17%, 1: 89.83%
CHEMBL1243968 0: 15.06%, 1: 84.94%
CHEMBL1243970 0: 6.91%, 1: 93.09%
CHEMBL1243972 0: 9.92%, 1: 90.08%
CHEMBL1243976 0: 28.99%, 1: 71.01%
CHEMBL1246087 0: 33.88%, 1: 66.12%
CHEMBL1246088 0: 48.37%, 1: 51.63%
CHEMBL1613762 0: 2.45%, 1: 97.55%
CHEMBL1613779 0: 58.47%, 1: 41.53%
CHEMBL1613785 0: 43.22%, 1: 56.78%
CHEMBL1613787 0: 69.08%, 1: 30.92%
CHEMBL1613807 0: 95.99%, 1: 4.01%
CHEMBL1613813 0: 44.20%, 1: 55.80%
CHEMBL1613814 0: 53.85%, 1: 46.15%
CHEMBL1613817 0: 84.86%, 1: 15.14%
CHEMBL1613853 0: 41.86%, 1: 58.14%
CHEMBL1613861 0: 14.47%, 1: 85.53%
CHEMBL1613864 0: 5.19%, 1: 94.81%
CHEMBL1613867 0: 97.13%, 1: 2.87%
CHEMBL1613870 0: 15.80%, 1: 84.20%
CHEMBL1613871 0: 6.15%, 1: 93.85%
CHEMBL1613874 0: 65.78%, 1: 34.22%
CHEMBL1613876 0: 54.35%, 1: 45.65%
CHEMBL1613884 0: 21.51%, 1: 78.49%
CHEMBL1613890 0: 34.85%, 1: 65.15%
CHEMBL1613897 0: 46.64%, 1: 53.36%
CHEMBL1613898 0: 75.45%, 1: 24.55%
CHEMBL1613904 0: 50.77%, 1: 49.23%
CHEMBL1613907 0: 5.34%, 1: 94.66%
CHEMBL1613926 0: 30.15%, 1: 69.85%
CHEMBL1613928 0: 45.90%, 1: 54.10%
CHEMBL1613929 0: 81.25%, 1: 18.75%
CHEMBL1613941 0: 32.58%, 1: 67.42%
CHEMBL1613942 0: 41.43%, 1: 58.57%
CHEMBL1613947 0: 46.01%, 1: 53.99%
CHEMBL1613949 0: 60.13%, 1: 39.87%
CHEMBL1613950 0: 43.05%, 1: 56.95%
CHEMBL1613955 0: 54.04%, 1: 45.96%
CHEMBL1613962 0: 24.26%, 1: 75.74%
CHEMBL1613967 0: 44.59%, 1: 55.41%
CHEMBL1613981 0: 58.85%, 1: 41.15%
CHEMBL1613991 0: 14.98%, 1: 85.02%
CHEMBL1613997 0: 7.73%, 1: 92.27%
CHEMBL1614001 0: 98.28%, 1: 1.72%
CHEMBL1614004 0: 14.66%, 1: 85.34%
CHEMBL1614016 0: 12.22%, 1: 87.78%
CHEMBL1614030 0: 19.96%, 1: 80.04%
CHEMBL1614034 0: 2.63%, 1: 97.37%
CHEMBL1614035 0: 77.14%, 1: 22.86%
CHEMBL1614049 0: 39.63%, 1: 60.37%
CHEMBL1614053 0: 42.48%, 1: 57.52%
CHEMBL1614063 0: 95.18%, 1: 4.82%
CHEMBL1614065 0: 9.71%, 1: 90.29%
CHEMBL1614066 0: 94.74%, 1: 5.26%
CHEMBL1614069 0: 56.82%, 1: 43.18%
CHEMBL1614072 0: 50.36%, 1: 49.64%
CHEMBL1614084 0: 13.26%, 1: 86.74%
CHEMBL1614091 0: 4.43%, 1: 95.57%
CHEMBL1614092 0: 47.50%, 1: 52.50%
CHEMBL1614097 0: 46.99%, 1: 53.01%
CHEMBL1614098 0: 97.25%, 1: 2.75%
CHEMBL1614104 0: 7.74%, 1: 92.26%
CHEMBL1614105 0: 6.12%, 1: 93.88%
CHEMBL1614109 0: 59.87%, 1: 40.13%
CHEMBL1614128 0: 10.35%, 1: 89.65%
CHEMBL1614131 0: 97.14%, 1: 2.86%
CHEMBL1614132 0: 42.07%, 1: 57.93%
CHEMBL1614138 0: 67.83%, 1: 32.17%
CHEMBL1614155 0: 25.40%, 1: 74.60%
CHEMBL1614158 0: 74.52%, 1: 25.48%
CHEMBL1614167 0: 16.17%, 1: 83.83%
CHEMBL1614170 0: 68.86%, 1: 31.14%
CHEMBL1614171 0: 93.77%, 1: 6.23%
CHEMBL1614175 0: 80.66%, 1: 19.34%
CHEMBL1614185 0: 26.17%, 1: 73.83%
CHEMBL1614197 0: 5.26%, 1: 94.74%
CHEMBL1614199 0: 49.66%, 1: 50.34%
CHEMBL1614202 0: 7.32%, 1: 92.68%
CHEMBL1614215 0: 52.76%, 1: 47.24%
CHEMBL1614216 0: 48.52%, 1: 51.48%
CHEMBL1614218 0: 22.36%, 1: 77.64%
CHEMBL1614225 0: 62.50%, 1: 37.50%
CHEMBL1614244 0: 38.85%, 1: 61.15%
CHEMBL1614247 0: 44.34%, 1: 55.66%
CHEMBL1614252 0: 60.11%, 1: 39.89%
CHEMBL1614255 0: 61.26%, 1: 38.74%
CHEMBL1614259 0: 32.82%, 1: 67.18%
CHEMBL1614272 0: 67.71%, 1: 32.29%
CHEMBL1614276 0: 51.74%, 1: 48.26%
CHEMBL1614287 0: 85.53%, 1: 14.47%
CHEMBL1614288 0: 72.51%, 1: 27.49%
CHEMBL1614290 0: 4.51%, 1: 95.49%
CHEMBL1614295 0: 2.29%, 1: 97.71%
CHEMBL1614301 0: 19.74%, 1: 80.26%
CHEMBL1614304 0: 63.76%, 1: 36.24%
CHEMBL1614309 0: 27.66%, 1: 72.34%
CHEMBL1614311 0: 53.76%, 1: 46.24%
CHEMBL1614314 0: 94.70%, 1: 5.30%
CHEMBL1614319 0: 72.16%, 1: 27.84%
CHEMBL1614320 0: 29.79%, 1: 70.21%
CHEMBL1614321 0: 60.16%, 1: 39.84%
CHEMBL1614328 0: 46.64%, 1: 53.36%
CHEMBL1614329 0: 40.69%, 1: 59.31%
CHEMBL1614336 0: 47.01%, 1: 52.99%
CHEMBL1614344 0: 67.72%, 1: 32.28%
CHEMBL1614356 0: 43.90%, 1: 56.10%
CHEMBL1614359 0: 50.26%, 1: 49.74%
CHEMBL1614363 0: 53.19%, 1: 46.81%
CHEMBL1614385 0: 93.27%, 1: 6.73%
CHEMBL1614388 0: 56.19%, 1: 43.81%
CHEMBL1614393 0: 45.00%, 1: 55.00%
CHEMBL1614395 0: 11.32%, 1: 88.68%
CHEMBL1614403 0: 88.15%, 1: 11.85%
CHEMBL1614423 0: 57.84%, 1: 42.16%
CHEMBL1614425 0: 38.24%, 1: 61.76%
CHEMBL1614433 0: 60.77%, 1: 39.23%
CHEMBL1614434 0: 80.25%, 1: 19.75%
CHEMBL1614456 0: 3.36%, 1: 96.64%
CHEMBL1614466 0: 10.32%, 1: 89.68%
CHEMBL1614469 0: 24.90%, 1: 75.10%
CHEMBL1614477 0: 43.75%, 1: 56.25%
CHEMBL1614478 0: 12.50%, 1: 87.50%
CHEMBL1614480 0: 85.71%, 1: 14.29%
CHEMBL1614484 0: 9.01%, 1: 90.99%
CHEMBL1614492 0: 40.54%, 1: 59.46%
CHEMBL1614499 0: 44.47%, 1: 55.53%
CHEMBL1614503 0: 40.30%, 1: 59.70%
CHEMBL1614504 0: 17.80%, 1: 82.20%
CHEMBL1614509 0: 79.43%, 1: 20.57%
CHEMBL1614512 0: 62.79%, 1: 37.21%
CHEMBL1614514 0: 83.07%, 1: 16.93%
CHEMBL1614515 0: 19.61%, 1: 80.39%
CHEMBL1614516 0: 96.81%, 1: 3.19%
CHEMBL1614522 0: 28.55%, 1: 71.45%
CHEMBL1614524 0: 12.98%, 1: 87.02%
CHEMBL1614528 0: 40.91%, 1: 59.09%
CHEMBL1614547 0: 72.51%, 1: 27.49%
CHEMBL1614548 0: 17.95%, 1: 82.05%
CHEMBL1614549 0: 84.25%, 1: 15.75%
CHEMBL1614550 0: 9.30%, 1: 90.70%
CHEMBL1614554 0: 71.64%, 1: 28.36%
CHEMBL1676103 0: 39.85%, 1: 60.15%
CHEMBL1737860 0: 3.60%, 1: 96.40%
CHEMBL1737863 0: 36.27%, 1: 63.73%
CHEMBL1737865 0: 61.01%, 1: 38.99%
CHEMBL1737868 0: 79.41%, 1: 20.59%
CHEMBL1737910 0: 45.71%, 1: 54.29%
CHEMBL1737912 0: 26.51%, 1: 73.49%
CHEMBL1737942 0: 44.52%, 1: 55.48%
CHEMBL1737951 0: 51.83%, 1: 48.17%
CHEMBL1737961 0: 93.34%, 1: 6.66%
CHEMBL1737966 0: 21.36%, 1: 78.64%
CHEMBL1737967 0: 89.17%, 1: 10.83%
CHEMBL1737977 0: 13.87%, 1: 86.13%
CHEMBL1737978 0: 18.18%, 1: 81.82%
CHEMBL1737979 0: 8.94%, 1: 91.06%
CHEMBL1738019 0: 24.85%, 1: 75.15%
CHEMBL1738021 0: 10.87%, 1: 89.13%
CHEMBL1738025 0: 33.80%, 1: 66.20%
CHEMBL1738040 0: 73.48%, 1: 26.52%
CHEMBL1738043 0: 46.43%, 1: 53.57%
CHEMBL1738079 0: 3.88%, 1: 96.12%
CHEMBL1738080 0: 76.43%, 1: 23.57%
CHEMBL1738091 0: 89.77%, 1: 10.23%
CHEMBL1738097 0: 72.41%, 1: 27.59%
CHEMBL1738131 0: 68.59%, 1: 31.41%
CHEMBL1738164 0: 79.79%, 1: 20.21%
CHEMBL1738171 0: 85.45%, 1: 14.55%
CHEMBL1738183 0: 59.62%, 1: 40.38%
CHEMBL1738197 0: 36.90%, 1: 63.10%
CHEMBL1738202 0: 3.47%, 1: 96.53%
CHEMBL1738242 0: 16.55%, 1: 83.45%
CHEMBL1738249 0: 86.53%, 1: 13.47%
CHEMBL1738253 0: 7.33%, 1: 92.67%
CHEMBL1738319 0: 59.17%, 1: 40.83%
CHEMBL1738325 0: 96.86%, 1: 3.14%
CHEMBL1738362 0: 21.43%, 1: 78.57%
CHEMBL1738369 0: 56.34%, 1: 43.66%
CHEMBL1738371 0: 81.97%, 1: 18.03%
CHEMBL1738391 0: 68.38%, 1: 31.62%
CHEMBL1738400 0: 77.86%, 1: 22.14%
CHEMBL1738402 0: 54.19%, 1: 45.81%
CHEMBL1738407 0: 85.58%, 1: 14.42%
CHEMBL1738408 0: 2.18%, 1: 97.82%
CHEMBL1738414 0: 5.11%, 1: 94.89%
CHEMBL1738418 0: 68.85%, 1: 31.15%
CHEMBL1738422 0: 4.29%, 1: 95.71%
CHEMBL1738424 0: 77.50%, 1: 22.50%
CHEMBL1738430 0: 25.54%, 1: 74.46%
CHEMBL1738438 0: 2.76%, 1: 97.24%
CHEMBL1738482 0: 7.69%, 1: 92.31%
CHEMBL1738485 0: 17.65%, 1: 82.35%
CHEMBL1738494 0: 97.26%, 1: 2.74%
CHEMBL1738495 0: 1.70%, 1: 98.30%
CHEMBL1738497 0: 64.50%, 1: 35.50%
CHEMBL1738502 0: 15.20%, 1: 84.80%
CHEMBL1738510 0: 54.41%, 1: 45.59%
CHEMBL1738512 0: 3.05%, 1: 96.95%
CHEMBL1738513 0: 28.64%, 1: 71.36%
CHEMBL1738552 0: 64.70%, 1: 35.30%
CHEMBL1738575 0: 65.65%, 1: 34.35%
CHEMBL1738578 0: 23.30%, 1: 76.70%
CHEMBL1738579 0: 22.79%, 1: 77.21%
CHEMBL1738593 0: 17.65%, 1: 82.35%
CHEMBL1738599 0: 16.07%, 1: 83.93%
CHEMBL1738602 0: 42.70%, 1: 57.30%
CHEMBL1738610 0: 42.07%, 1: 57.93%
CHEMBL1738611 0: 2.23%, 1: 97.77%
CHEMBL1738632 0: 86.32%, 1: 13.68%
CHEMBL1738633 0: 4.05%, 1: 95.95%
CHEMBL1738639 0: 64.47%, 1: 35.53%
CHEMBL1738642 0: 34.82%, 1: 65.18%
CHEMBL1738670 0: 9.18%, 1: 90.82%
CHEMBL1738673 0: 12.98%, 1: 87.02%
CHEMBL1738679 0: 63.95%, 1: 36.05%
CHEMBL1738682 0: 62.45%, 1: 37.55%
CHEMBL1794296 0: 44.02%, 1: 55.98%
CHEMBL1794303 0: 2.71%, 1: 97.29%
CHEMBL1794320 0: 96.68%, 1: 3.32%
CHEMBL1794327 0: 91.59%, 1: 8.41%
CHEMBL1794336 0: 53.07%, 1: 46.93%
CHEMBL1794350 0: 3.44%, 1: 96.56%
CHEMBL1794355 0: 5.26%, 1: 94.74%
CHEMBL1794356 0: 13.92%, 1: 86.08%
CHEMBL1794358 0: 94.14%, 1: 5.86%
CHEMBL1794365 0: 7.12%, 1: 92.88%
CHEMBL1794383 0: 6.90%, 1: 93.10%
CHEMBL1794387 0: 65.04%, 1: 34.96%
CHEMBL1794393 0: 67.55%, 1: 32.45%
CHEMBL1794396 0: 3.96%, 1: 96.04%
CHEMBL1794410 0: 23.98%, 1: 76.02%
CHEMBL1794413 0: 6.02%, 1: 93.98%
CHEMBL1794438 0: 40.17%, 1: 59.83%
CHEMBL1794445 0: 87.84%, 1: 12.16%
CHEMBL1794452 0: 94.30%, 1: 5.70%
CHEMBL1794457 0: 92.98%, 1: 7.02%
CHEMBL1794460 0: 28.63%, 1: 71.37%
CHEMBL1794467 0: 18.39%, 1: 81.61%
CHEMBL1794475 0: 56.02%, 1: 43.98%
CHEMBL1794484 0: 44.93%, 1: 55.07%
CHEMBL1794494 0: 5.33%, 1: 94.67%
CHEMBL1794497 0: 8.47%, 1: 91.53%
CHEMBL1794499 0: 73.90%, 1: 26.10%
CHEMBL1794508 0: 94.63%, 1: 5.37%
CHEMBL1794516 0: 3.21%, 1: 96.79%
CHEMBL1794522 0: 58.65%, 1: 41.35%
CHEMBL1794528 0: 79.86%, 1: 20.14%
CHEMBL1794531 0: 92.03%, 1: 7.97%
CHEMBL1794548 0: 88.74%, 1: 11.26%
CHEMBL1794566 0: 6.05%, 1: 93.95%
CHEMBL1794567 0: 9.61%, 1: 90.39%
CHEMBL1794570 0: 92.79%, 1: 7.21%
CHEMBL1794571 0: 53.55%, 1: 46.45%
CHEMBL1794573 0: 10.54%, 1: 89.46%
CHEMBL1794574 0: 1.09%, 1: 98.91%
CHEMBL1794578 0: 46.99%, 1: 53.01%
CHEMBL1794581 0: 19.65%, 1: 80.35%
CHEMBL1863510 0: 2.14%, 1: 97.86%
CHEMBL1863512 0: 2.79%, 1: 97.21%
CHEMBL1909084 0: 99.28%, 1: 0.72%
CHEMBL1909085 0: 92.10%, 1: 7.90%
CHEMBL1909086 0: 91.52%, 1: 8.48%
CHEMBL1909087 0: 91.86%, 1: 8.14%
CHEMBL1909088 0: 87.97%, 1: 12.03%
CHEMBL1909089 0: 88.69%, 1: 11.31%
CHEMBL1909090 0: 90.81%, 1: 9.19%
CHEMBL1909091 0: 97.24%, 1: 2.76%
CHEMBL1909092 0: 97.14%, 1: 2.86%
CHEMBL1909093 0: 98.42%, 1: 1.58%
CHEMBL1909094 0: 90.85%, 1: 9.15%
CHEMBL1909095 0: 98.56%, 1: 1.44%
CHEMBL1909097 0: 99.28%, 1: 0.72%
CHEMBL1909102 0: 92.94%, 1: 7.06%
CHEMBL1909103 0: 97.23%, 1: 2.77%
CHEMBL1909104 0: 87.06%, 1: 12.94%
CHEMBL1909105 0: 88.70%, 1: 11.30%
CHEMBL1909106 0: 98.57%, 1: 1.43%
CHEMBL1909107 0: 97.86%, 1: 2.14%
CHEMBL1909108 0: 93.04%, 1: 6.96%
CHEMBL1909109 0: 90.35%, 1: 9.65%
CHEMBL1909110 0: 92.47%, 1: 7.53%
CHEMBL1909111 0: 94.03%, 1: 5.97%
CHEMBL1909112 0: 90.91%, 1: 9.09%
CHEMBL1909114 0: 96.50%, 1: 3.50%
CHEMBL1909115 0: 96.00%, 1: 4.00%
CHEMBL1909116 0: 96.98%, 1: 3.02%
CHEMBL1909121 0: 92.80%, 1: 7.20%
CHEMBL1909123 0: 99.16%, 1: 0.84%
CHEMBL1909124 0: 99.40%, 1: 0.60%
CHEMBL1909130 0: 95.56%, 1: 4.44%
CHEMBL1909131 0: 97.01%, 1: 2.99%
CHEMBL1909132 0: 96.15%, 1: 3.85%
CHEMBL1909134 0: 95.19%, 1: 4.81%
CHEMBL1909135 0: 95.76%, 1: 4.24%
CHEMBL1909136 0: 93.20%, 1: 6.80%
CHEMBL1909138 0: 96.16%, 1: 3.84%
CHEMBL1909139 0: 93.84%, 1: 6.16%
CHEMBL1909140 0: 93.87%, 1: 6.13%
CHEMBL1909141 0: 89.73%, 1: 10.27%
CHEMBL1909142 0: 99.04%, 1: 0.96%
CHEMBL1909143 0: 93.01%, 1: 6.99%
CHEMBL1909145 0: 97.97%, 1: 2.03%
CHEMBL1909148 0: 98.57%, 1: 1.43%
CHEMBL1909150 0: 95.10%, 1: 4.90%
CHEMBL1909156 0: 94.28%, 1: 5.72%
CHEMBL1909157 0: 96.38%, 1: 3.62%
CHEMBL1909158 0: 99.05%, 1: 0.95%
CHEMBL1909159 0: 93.18%, 1: 6.82%
CHEMBL1909165 0: 97.79%, 1: 2.21%
CHEMBL1909169 0: 98.32%, 1: 1.68%
CHEMBL1909170 0: 92.35%, 1: 7.65%
CHEMBL1909171 0: 93.29%, 1: 6.71%
CHEMBL1909172 0: 92.82%, 1: 7.18%
CHEMBL1909173 0: 92.38%, 1: 7.62%
CHEMBL1909174 0: 92.71%, 1: 7.29%
CHEMBL1909180 0: 98.20%, 1: 1.80%
CHEMBL1909181 0: 97.71%, 1: 2.29%
CHEMBL1909182 0: 96.99%, 1: 3.01%
CHEMBL1909184 0: 98.93%, 1: 1.07%
CHEMBL1909186 0: 99.52%, 1: 0.48%
CHEMBL1909190 0: 98.66%, 1: 1.34%
CHEMBL1909191 0: 94.99%, 1: 5.01%
CHEMBL1909192 0: 99.52%, 1: 0.48%
CHEMBL1909200 0: 97.97%, 1: 2.03%
CHEMBL1909201 0: 97.72%, 1: 2.28%
CHEMBL1909203 0: 98.05%, 1: 1.95%
