wandb: Tracking run with wandb version 0.9.3
wandb: Wandb version 0.9.4 is available!  To upgrade, please run:
wandb:  $ pip install wandb --upgrade
wandb: Run data is saved locally in wandb/run-20200813_021258-kbvmriwf
wandb: Syncing run anil_CHEMBL3215116
wandb: ⭐️ View project at https://app.wandb.ai/apappu97/molecule-metalearning
wandb: 🚀 View run at https://app.wandb.ai/apappu97/molecule-metalearning/runs/kbvmriwf
wandb: Run `wandb off` to turn off syncing.
Setting args.meta_learning to True as we are meta learning and setting args.meta_test to True as we are meta testing

Fold 0
Command line
python /home/apappu/thesis/molecule-metalearning2/molecule-metalearning/chemprop/meta_test.py --ANIL --data_path /home/apappu/thesis/molecule-metalearning/filtered_chembl/chembl_less_1024_more_128_645_tasks.csv --meta_test_task CHEMBL3215116 --dataset_type classification --chembl_assay_metadata_pickle_path filtered_chembl/ --checkpoint_paths checkpoints/anil/fold_0/maml_model/anil_anil_model.pt --metric prc-auc --split_type scaffold_balanced --dropout 0.2 --ffn_hidden_size 400 --num_folds 5 --epochs 30 --num_workers 0 --results_save_dir results/metatesting/anil/ --experiment_name anil_CHEMBL3215116
Args
{'ANIL': True,
 'FO_MAML': False,
 'activation': 'ReLU',
 'atom_messages': False,
 'batch_size': 32,
 'bias': False,
 'cache_cutoff': 10000,
 'checkpoint_dir': None,
 'checkpoint_path': None,
 'checkpoint_paths': ['checkpoints/anil/fold_0/maml_model/anil_anil_model.pt'],
 'chembl_assay_metadata_pickle_path': 'filtered_chembl/',
 'class_balance': False,
 'config_path': None,
 'crossval_index_dir': None,
 'crossval_index_file': None,
 'crossval_index_sets': None,
 'data_path': '/home/apappu/thesis/molecule-metalearning/filtered_chembl/chembl_less_1024_more_128_645_tasks.csv',
 'dataset_type': 'classification',
 'depth': 3,
 'dropout': 0.2,
 'dummy': False,
 'ensemble_size': 1,
 'epochs': 30,
 'experiment_name': 'anil_CHEMBL3215116',
 'features_generator': None,
 'features_only': False,
 'features_path': None,
 'features_size': None,
 'ffn_hidden_size': 400,
 'ffn_num_layers': 2,
 'final_lr': 0.0001,
 'folds_file': None,
 'gpu': None,
 'hidden_size': 300,
 'init_lr': 0.0001,
 'inner_loop_lr': 0.05,
 'kaiming': True,
 'log_frequency': 10,
 'loss_queue_window': 500,
 'max_data_size': None,
 'max_lr': 0.001,
 'meta_batch_size': 32,
 'meta_learning': True,
 'meta_test': True,
 'meta_test_epochs': 30,
 'meta_test_lr': 0.0001,
 'meta_test_split_sizes': (0.8, 0.1, 0.1),
 'meta_test_task': 'CHEMBL3215116',
 'meta_train_split_sizes': (0.8, 0.2, 0),
 'metric': 'prc-auc',
 'minimize_score': False,
 'multiclass_num_classes': 3,
 'no_cuda': False,
 'no_features_scaling': False,
 'num_folds': 5,
 'num_inner_gradient_steps': 2,
 'num_lrs': 1,
 'num_tasks': None,
 'num_workers': 0,
 'outer_loop_lr': 0.0015,
 'pytorch_seed': 0,
 'quiet': False,
 'results_save_dir': 'results/metatesting/anil/',
 'save_dir': '/tmp/2327397.24.gpu.q/tmpscoziued/fold_0',
 'save_smiles_splits': False,
 'seed': 0,
 'seeds': None,
 'separate_test_features_path': None,
 'separate_test_path': None,
 'separate_val_features_path': None,
 'separate_val_path': None,
 'show_individual_scores': False,
 'smiles_column': None,
 'split_sizes': (0.8, 0.1, 0.1),
 'split_type': 'scaffold_balanced',
 'target_columns': None,
 'task_names': None,
 'test': False,
 'test_fold_index': None,
 'train_data_size': None,
 'undirected': False,
 'use_input_features': False,
 'val_fold_index': None,
 'warmup_epochs': 2.0}
Loading data
0it [00:00, ?it/s]373it [00:00, 3485.81it/s]676it [00:00, 3335.07it/s]1032it [00:00, 3340.84it/s]1351it [00:00, 3221.49it/s]1780it [00:00, 3188.06it/s]2042it [00:00, 2677.83it/s]2611it [00:00, 3183.38it/s]3194it [00:00, 3685.21it/s]3792it [00:01, 3386.94it/s]4167it [00:01, 3285.60it/s]4639it [00:01, 3552.83it/s]5019it [00:01, 3413.83it/s]5379it [00:01, 3281.90it/s]5721it [00:01, 2822.02it/s]6130it [00:01, 3110.71it/s]6713it [00:01, 3616.03it/s]7289it [00:02, 4070.53it/s]7749it [00:02, 4058.37it/s]8192it [00:02, 3301.29it/s]8770it [00:02, 3788.43it/s]9376it [00:02, 4240.55it/s]9989it [00:02, 4671.52it/s]10584it [00:02, 4992.30it/s]11173it [00:02, 5229.56it/s]11731it [00:02, 5225.26it/s]12278it [00:03, 4261.96it/s]12866it [00:03, 4641.40it/s]13478it [00:03, 5003.64it/s]14065it [00:03, 5233.62it/s]14647it [00:03, 5396.02it/s]15217it [00:03, 5482.05it/s]15807it [00:03, 5600.69it/s]16379it [00:03, 4920.77it/s]16895it [00:04, 1852.06it/s]17368it [00:04, 2265.51it/s]17779it [00:04, 2464.72it/s]18310it [00:04, 2878.08it/s]18718it [00:05, 2971.78it/s]19283it [00:05, 3464.43it/s]19720it [00:05, 3375.77it/s]20165it [00:05, 3638.49it/s]20580it [00:05, 2891.73it/s]20929it [00:05, 2656.65it/s]21241it [00:05, 2714.87it/s]21574it [00:05, 2870.02it/s]22109it [00:06, 3333.37it/s]22695it [00:06, 3828.42it/s]23307it [00:06, 4312.36it/s]23895it [00:06, 4685.89it/s]24485it [00:06, 4993.09it/s]25058it [00:06, 4588.49it/s]25674it [00:06, 4967.20it/s]26256it [00:06, 5194.56it/s]26803it [00:06, 5257.34it/s]27348it [00:07, 4587.61it/s]27836it [00:07, 3955.53it/s]28267it [00:07, 2351.96it/s]28605it [00:07, 2175.86it/s]28898it [00:07, 2075.21it/s]29159it [00:08, 2057.62it/s]29402it [00:08, 1758.95it/s]29827it [00:08, 2133.80it/s]30111it [00:08, 2301.98it/s]30512it [00:08, 2638.67it/s]30826it [00:08, 2719.34it/s]31306it [00:08, 3125.61it/s]31679it [00:08, 3285.05it/s]32043it [00:08, 3227.23it/s]32561it [00:09, 3522.08it/s]32939it [00:09, 3016.46it/s]33414it [00:09, 3161.93it/s]34027it [00:09, 3699.10it/s]34611it [00:09, 4156.10it/s]35181it [00:09, 4523.24it/s]35796it [00:09, 4912.38it/s]36385it [00:09, 5169.20it/s]36936it [00:10, 4633.31it/s]37557it [00:10, 5015.15it/s]38092it [00:10, 4582.43it/s]38688it [00:10, 4922.55it/s]39314it [00:10, 5257.80it/s]39908it [00:10, 5445.20it/s]40496it [00:10, 5567.29it/s]41091it [00:10, 5676.04it/s]41709it [00:10, 5816.12it/s]42300it [00:11, 5091.42it/s]42891it [00:11, 5312.01it/s]43510it [00:11, 5548.01it/s]44106it [00:11, 5664.32it/s]44701it [00:11, 5746.92it/s]45297it [00:11, 5808.80it/s]45915it [00:11, 5912.84it/s]46511it [00:11, 5147.22it/s]47105it [00:11, 5360.51it/s]47659it [00:12, 4699.80it/s]48156it [00:12, 4477.92it/s]48761it [00:12, 4856.50it/s]49341it [00:12, 5103.88it/s]49920it [00:12, 5289.66it/s]50465it [00:12, 4723.61it/s]51032it [00:12, 4971.06it/s]51602it [00:12, 5168.41it/s]52197it [00:12, 5379.51it/s]52761it [00:12, 5454.75it/s]53320it [00:13, 5493.10it/s]53908it [00:13, 5602.03it/s]54474it [00:13, 4836.58it/s]55045it [00:13, 5041.00it/s]55631it [00:13, 5259.92it/s]56186it [00:13, 5343.03it/s]56764it [00:13, 5466.89it/s]57319it [00:13, 5476.94it/s]57873it [00:13, 5472.73it/s]58445it [00:14, 5541.97it/s]59003it [00:14, 4856.52it/s]59593it [00:14, 5128.08it/s]60123it [00:14, 4701.12it/s]60707it [00:14, 4992.67it/s]61327it [00:14, 5242.79it/s]61865it [00:14, 4179.26it/s]
  0% 0/61865 [00:00<?, ?it/s]  2% 1230/61865 [00:01<00:57, 1047.03it/s] 77% 47841/61865 [00:02<00:09, 1481.11it/s]100% 61865/61865 [00:02<00:00, 27862.87it/s]
  0% 0/61865 [00:00<?, ?it/s]  1% 602/61865 [00:00<00:10, 6018.18it/s]  2% 1169/61865 [00:00<00:10, 5907.38it/s]  3% 1742/61865 [00:00<00:10, 5851.86it/s]  3% 2158/61865 [00:00<00:11, 5043.89it/s]  4% 2538/61865 [00:00<00:15, 3710.74it/s]  5% 3141/61865 [00:00<00:13, 4194.61it/s]  6% 3750/61865 [00:00<00:12, 4626.31it/s]  7% 4299/61865 [00:00<00:11, 4854.69it/s]  8% 4869/61865 [00:00<00:11, 5077.98it/s]  9% 5387/61865 [00:01<00:11, 5060.73it/s] 10% 5901/61865 [00:01<00:11, 5002.72it/s] 10% 6407/61865 [00:01<00:12, 4279.83it/s] 11% 6915/61865 [00:01<00:12, 4490.10it/s] 12% 7420/61865 [00:01<00:11, 4640.76it/s] 13% 7927/61865 [00:01<00:11, 4761.53it/s] 14% 8415/61865 [00:01<00:11, 4795.20it/s] 14% 8953/61865 [00:01<00:10, 4955.87it/s] 15% 9466/61865 [00:01<00:10, 5005.29it/s] 16% 9973/61865 [00:02<00:10, 5022.08it/s] 17% 10479/61865 [00:02<00:10, 5030.55it/s] 18% 10985/61865 [00:02<00:10, 4974.98it/s] 19% 11506/61865 [00:02<00:09, 5043.14it/s] 19% 12018/61865 [00:02<00:09, 5063.50it/s] 20% 12527/61865 [00:02<00:09, 5069.57it/s] 21% 13043/61865 [00:02<00:09, 5095.81it/s] 22% 13580/61865 [00:02<00:09, 5172.72it/s] 23% 14098/61865 [00:02<00:09, 5154.73it/s] 24% 14614/61865 [00:02<00:09, 5100.92it/s] 24% 15125/61865 [00:03<00:09, 5080.10it/s] 25% 15643/61865 [00:03<00:09, 5108.44it/s] 26% 16163/61865 [00:03<00:08, 5134.29it/s] 27% 16699/61865 [00:03<00:08, 5199.13it/s] 28% 17244/61865 [00:03<00:08, 5271.75it/s] 29% 17772/61865 [00:03<00:08, 5126.38it/s] 30% 18286/61865 [00:03<00:08, 4984.85it/s] 30% 18808/61865 [00:03<00:08, 5052.74it/s] 31% 19323/61865 [00:03<00:08, 5080.17it/s] 32% 19850/61865 [00:03<00:08, 5132.94it/s] 33% 20365/61865 [00:04<00:08, 5063.96it/s] 34% 20886/61865 [00:04<00:08, 5104.85it/s] 35% 21398/61865 [00:04<00:07, 5106.04it/s] 35% 21929/61865 [00:04<00:07, 5163.82it/s] 36% 22459/61865 [00:04<00:07, 5202.97it/s] 37% 22991/61865 [00:04<00:07, 5236.28it/s] 38% 23532/61865 [00:04<00:07, 5284.68it/s] 39% 24070/61865 [00:04<00:07, 5309.09it/s] 40% 24605/61865 [00:04<00:07, 5319.84it/s] 41% 25138/61865 [00:04<00:06, 5299.26it/s] 41% 25669/61865 [00:05<00:06, 5280.20it/s] 42% 26198/61865 [00:05<00:06, 5266.57it/s] 43% 26725/61865 [00:05<00:06, 5262.93it/s] 44% 27264/61865 [00:05<00:06, 5297.34it/s] 45% 27803/61865 [00:05<00:06, 5323.41it/s] 46% 28336/61865 [00:05<00:06, 5272.05it/s] 47% 28864/61865 [00:05<00:06, 5225.81it/s] 48% 29387/61865 [00:05<00:06, 5204.76it/s] 48% 29916/61865 [00:05<00:06, 5227.46it/s] 49% 30439/61865 [00:05<00:06, 5220.93it/s] 50% 30970/61865 [00:06<00:05, 5243.27it/s] 51% 31495/61865 [00:06<00:05, 5222.17it/s] 52% 32028/61865 [00:06<00:05, 5251.67it/s] 53% 32554/61865 [00:06<00:05, 5205.66it/s] 53% 33075/61865 [00:06<00:05, 5201.02it/s] 54% 33597/61865 [00:06<00:05, 5203.06it/s] 55% 34118/61865 [00:06<00:05, 5189.93it/s] 56% 34654/61865 [00:06<00:05, 5236.95it/s] 57% 35178/61865 [00:06<00:05, 5183.94it/s] 58% 35697/61865 [00:07<00:05, 5126.76it/s] 59% 36210/61865 [00:07<00:05, 5127.62it/s] 59% 36732/61865 [00:07<00:04, 5152.82it/s] 60% 37265/61865 [00:07<00:04, 5204.48it/s] 61% 37807/61865 [00:07<00:04, 5266.38it/s] 62% 38338/61865 [00:07<00:04, 5279.24it/s] 63% 38867/61865 [00:07<00:04, 5271.68it/s] 64% 39396/61865 [00:07<00:04, 5276.67it/s] 65% 39934/61865 [00:07<00:04, 5304.86it/s] 65% 40465/61865 [00:07<00:04, 5250.99it/s] 66% 40991/61865 [00:08<00:04, 5212.81it/s] 67% 41522/61865 [00:08<00:03, 5238.38it/s] 68% 42050/61865 [00:08<00:03, 5248.73it/s] 69% 42576/61865 [00:08<00:03, 5175.62it/s] 70% 43106/61865 [00:08<00:03, 5209.01it/s] 71% 43628/61865 [00:08<00:03, 5200.89it/s] 71% 44151/61865 [00:08<00:03, 5206.58it/s] 72% 44684/61865 [00:08<00:03, 5241.88it/s] 73% 45209/61865 [00:08<00:03, 5232.08it/s] 74% 45733/61865 [00:08<00:03, 5189.81it/s] 75% 46253/61865 [00:09<00:03, 5162.98it/s] 76% 46770/61865 [00:09<00:02, 5072.65it/s] 76% 47293/61865 [00:09<00:02, 5114.83it/s] 77% 47810/61865 [00:09<00:02, 5128.91it/s] 78% 48324/61865 [00:09<00:02, 5087.47it/s] 79% 48835/61865 [00:09<00:02, 5093.30it/s] 80% 49345/61865 [00:09<00:02, 5064.75it/s] 81% 49852/61865 [00:09<00:02, 5042.21it/s] 81% 50357/61865 [00:09<00:02, 5027.60it/s] 82% 50860/61865 [00:09<00:02, 5003.44it/s] 83% 51361/61865 [00:10<00:02, 4922.11it/s] 84% 51854/61865 [00:10<00:02, 4872.04it/s] 85% 52354/61865 [00:10<00:01, 4908.08it/s] 85% 52846/61865 [00:10<00:01, 4865.71it/s] 86% 53333/61865 [00:10<00:01, 4701.14it/s] 87% 53849/61865 [00:10<00:01, 4829.09it/s] 88% 54334/61865 [00:10<00:01, 4831.69it/s] 89% 54846/61865 [00:10<00:01, 4914.44it/s] 89% 55339/61865 [00:10<00:01, 4088.32it/s] 90% 55778/61865 [00:11<00:01, 4174.31it/s] 91% 56279/61865 [00:11<00:01, 4392.24it/s] 92% 56757/61865 [00:11<00:01, 4501.30it/s] 92% 57219/61865 [00:11<00:01, 4370.11it/s] 93% 57665/61865 [00:11<00:01, 4055.52it/s] 94% 58082/61865 [00:11<00:01, 3113.01it/s] 94% 58434/61865 [00:11<00:01, 3123.30it/s] 95% 58899/61865 [00:11<00:00, 3463.72it/s] 96% 59458/61865 [00:11<00:00, 3907.90it/s] 97% 59938/61865 [00:12<00:00, 4137.69it/s] 98% 60410/61865 [00:12<00:00, 4295.84it/s] 99% 60971/61865 [00:12<00:00, 4619.85it/s] 99% 61530/61865 [00:12<00:00, 4872.45it/s]100% 61865/61865 [00:12<00:00, 4966.09it/s]
Number of tasks = 645
Class sizes
CHEMBL1033994 0: 41.98%, 1: 58.02%
CHEMBL1119333 0: 9.59%, 1: 90.41%
CHEMBL1217000 0: 52.41%, 1: 47.59%
CHEMBL1243965 0: 17.11%, 1: 82.89%
CHEMBL1243966 0: 41.96%, 1: 58.04%
CHEMBL1243967 0: 10.17%, 1: 89.83%
CHEMBL1243968 0: 15.06%, 1: 84.94%
CHEMBL1243970 0: 6.91%, 1: 93.09%
CHEMBL1243972 0: 9.92%, 1: 90.08%
CHEMBL1243976 0: 28.99%, 1: 71.01%
CHEMBL1246087 0: 33.88%, 1: 66.12%
CHEMBL1246088 0: 48.37%, 1: 51.63%
CHEMBL1613762 0: 2.45%, 1: 97.55%
CHEMBL1613779 0: 58.47%, 1: 41.53%
CHEMBL1613785 0: 43.22%, 1: 56.78%
CHEMBL1613787 0: 69.08%, 1: 30.92%
CHEMBL1613807 0: 95.99%, 1: 4.01%
CHEMBL1613813 0: 44.20%, 1: 55.80%
CHEMBL1613814 0: 53.85%, 1: 46.15%
CHEMBL1613817 0: 84.86%, 1: 15.14%
CHEMBL1613853 0: 41.86%, 1: 58.14%
CHEMBL1613861 0: 14.47%, 1: 85.53%
CHEMBL1613864 0: 5.19%, 1: 94.81%
CHEMBL1613867 0: 97.13%, 1: 2.87%
CHEMBL1613870 0: 15.80%, 1: 84.20%
CHEMBL1613871 0: 6.15%, 1: 93.85%
CHEMBL1613874 0: 65.78%, 1: 34.22%
CHEMBL1613876 0: 54.35%, 1: 45.65%
CHEMBL1613884 0: 21.51%, 1: 78.49%
CHEMBL1613890 0: 34.85%, 1: 65.15%
CHEMBL1613897 0: 46.64%, 1: 53.36%
CHEMBL1613898 0: 75.45%, 1: 24.55%
CHEMBL1613904 0: 50.77%, 1: 49.23%
CHEMBL1613907 0: 5.34%, 1: 94.66%
CHEMBL1613926 0: 30.15%, 1: 69.85%
CHEMBL1613928 0: 45.90%, 1: 54.10%
CHEMBL1613929 0: 81.25%, 1: 18.75%
CHEMBL1613941 0: 32.58%, 1: 67.42%
CHEMBL1613942 0: 41.43%, 1: 58.57%
CHEMBL1613947 0: 46.01%, 1: 53.99%
CHEMBL1613949 0: 60.13%, 1: 39.87%
CHEMBL1613950 0: 43.05%, 1: 56.95%
CHEMBL1613955 0: 54.04%, 1: 45.96%
CHEMBL1613962 0: 24.26%, 1: 75.74%
CHEMBL1613967 0: 44.59%, 1: 55.41%
CHEMBL1613981 0: 58.85%, 1: 41.15%
CHEMBL1613991 0: 14.98%, 1: 85.02%
CHEMBL1613997 0: 7.73%, 1: 92.27%
CHEMBL1614001 0: 98.28%, 1: 1.72%
CHEMBL1614004 0: 14.66%, 1: 85.34%
CHEMBL1614016 0: 12.22%, 1: 87.78%
CHEMBL1614030 0: 19.96%, 1: 80.04%
CHEMBL1614034 0: 2.63%, 1: 97.37%
CHEMBL1614035 0: 77.14%, 1: 22.86%
CHEMBL1614049 0: 39.63%, 1: 60.37%
CHEMBL1614053 0: 42.48%, 1: 57.52%
CHEMBL1614063 0: 95.18%, 1: 4.82%
CHEMBL1614065 0: 9.71%, 1: 90.29%
CHEMBL1614066 0: 94.74%, 1: 5.26%
CHEMBL1614069 0: 56.82%, 1: 43.18%
CHEMBL1614072 0: 50.36%, 1: 49.64%
CHEMBL1614084 0: 13.26%, 1: 86.74%
CHEMBL1614091 0: 4.43%, 1: 95.57%
CHEMBL1614092 0: 47.50%, 1: 52.50%
CHEMBL1614097 0: 46.99%, 1: 53.01%
CHEMBL1614098 0: 97.25%, 1: 2.75%
CHEMBL1614104 0: 7.74%, 1: 92.26%
CHEMBL1614105 0: 6.12%, 1: 93.88%
CHEMBL1614109 0: 59.87%, 1: 40.13%
CHEMBL1614128 0: 10.35%, 1: 89.65%
CHEMBL1614131 0: 97.14%, 1: 2.86%
CHEMBL1614132 0: 42.07%, 1: 57.93%
CHEMBL1614138 0: 67.83%, 1: 32.17%
CHEMBL1614155 0: 25.40%, 1: 74.60%
CHEMBL1614158 0: 74.52%, 1: 25.48%
CHEMBL1614167 0: 16.17%, 1: 83.83%
CHEMBL1614170 0: 68.86%, 1: 31.14%
CHEMBL1614171 0: 93.77%, 1: 6.23%
CHEMBL1614175 0: 80.66%, 1: 19.34%
CHEMBL1614185 0: 26.17%, 1: 73.83%
CHEMBL1614197 0: 5.26%, 1: 94.74%
CHEMBL1614199 0: 49.66%, 1: 50.34%
CHEMBL1614202 0: 7.32%, 1: 92.68%
CHEMBL1614215 0: 52.76%, 1: 47.24%
CHEMBL1614216 0: 48.52%, 1: 51.48%
CHEMBL1614218 0: 22.36%, 1: 77.64%
CHEMBL1614225 0: 62.50%, 1: 37.50%
CHEMBL1614244 0: 38.85%, 1: 61.15%
CHEMBL1614247 0: 44.34%, 1: 55.66%
CHEMBL1614252 0: 60.11%, 1: 39.89%
CHEMBL1614255 0: 61.26%, 1: 38.74%
CHEMBL1614259 0: 32.82%, 1: 67.18%
CHEMBL1614272 0: 67.71%, 1: 32.29%
CHEMBL1614276 0: 51.74%, 1: 48.26%
CHEMBL1614287 0: 85.53%, 1: 14.47%
CHEMBL1614288 0: 72.51%, 1: 27.49%
CHEMBL1614290 0: 4.51%, 1: 95.49%
CHEMBL1614295 0: 2.29%, 1: 97.71%
CHEMBL1614301 0: 19.74%, 1: 80.26%
CHEMBL1614304 0: 63.76%, 1: 36.24%
CHEMBL1614309 0: 27.66%, 1: 72.34%
CHEMBL1614311 0: 53.76%, 1: 46.24%
CHEMBL1614314 0: 94.70%, 1: 5.30%
CHEMBL1614319 0: 72.16%, 1: 27.84%
CHEMBL1614320 0: 29.79%, 1: 70.21%
CHEMBL1614321 0: 60.16%, 1: 39.84%
CHEMBL1614328 0: 46.64%, 1: 53.36%
CHEMBL1614329 0: 40.69%, 1: 59.31%
CHEMBL1614336 0: 47.01%, 1: 52.99%
CHEMBL1614344 0: 67.72%, 1: 32.28%
CHEMBL1614356 0: 43.90%, 1: 56.10%
CHEMBL1614359 0: 50.26%, 1: 49.74%
CHEMBL1614363 0: 53.19%, 1: 46.81%
CHEMBL1614385 0: 93.27%, 1: 6.73%
CHEMBL1614388 0: 56.19%, 1: 43.81%
CHEMBL1614393 0: 45.00%, 1: 55.00%
CHEMBL1614395 0: 11.32%, 1: 88.68%
CHEMBL1614403 0: 88.15%, 1: 11.85%
CHEMBL1614423 0: 57.84%, 1: 42.16%
CHEMBL1614425 0: 38.24%, 1: 61.76%
CHEMBL1614433 0: 60.77%, 1: 39.23%
CHEMBL1614434 0: 80.25%, 1: 19.75%
CHEMBL1614456 0: 3.36%, 1: 96.64%
CHEMBL1614466 0: 10.32%, 1: 89.68%
CHEMBL1614469 0: 24.90%, 1: 75.10%
CHEMBL1614477 0: 43.75%, 1: 56.25%
CHEMBL1614478 0: 12.50%, 1: 87.50%
CHEMBL1614480 0: 85.71%, 1: 14.29%
CHEMBL1614484 0: 9.01%, 1: 90.99%
CHEMBL1614492 0: 40.54%, 1: 59.46%
CHEMBL1614499 0: 44.47%, 1: 55.53%
CHEMBL1614503 0: 40.30%, 1: 59.70%
CHEMBL1614504 0: 17.80%, 1: 82.20%
CHEMBL1614509 0: 79.43%, 1: 20.57%
CHEMBL1614512 0: 62.79%, 1: 37.21%
CHEMBL1614514 0: 83.07%, 1: 16.93%
CHEMBL1614515 0: 19.61%, 1: 80.39%
CHEMBL1614516 0: 96.81%, 1: 3.19%
CHEMBL1614522 0: 28.55%, 1: 71.45%
CHEMBL1614524 0: 12.98%, 1: 87.02%
CHEMBL1614528 0: 40.91%, 1: 59.09%
CHEMBL1614547 0: 72.51%, 1: 27.49%
CHEMBL1614548 0: 17.95%, 1: 82.05%
CHEMBL1614549 0: 84.25%, 1: 15.75%
CHEMBL1614550 0: 9.30%, 1: 90.70%
CHEMBL1614554 0: 71.64%, 1: 28.36%
CHEMBL1676103 0: 39.85%, 1: 60.15%
CHEMBL1737860 0: 3.60%, 1: 96.40%
CHEMBL1737863 0: 36.27%, 1: 63.73%
CHEMBL1737865 0: 61.01%, 1: 38.99%
CHEMBL1737868 0: 79.41%, 1: 20.59%
CHEMBL1737910 0: 45.71%, 1: 54.29%
CHEMBL1737912 0: 26.51%, 1: 73.49%
CHEMBL1737942 0: 44.52%, 1: 55.48%
CHEMBL1737951 0: 51.83%, 1: 48.17%
CHEMBL1737961 0: 93.34%, 1: 6.66%
CHEMBL1737966 0: 21.36%, 1: 78.64%
CHEMBL1737967 0: 89.17%, 1: 10.83%
CHEMBL1737977 0: 13.87%, 1: 86.13%
CHEMBL1737978 0: 18.18%, 1: 81.82%
CHEMBL1737979 0: 8.94%, 1: 91.06%
CHEMBL1738019 0: 24.85%, 1: 75.15%
CHEMBL1738021 0: 10.87%, 1: 89.13%
CHEMBL1738025 0: 33.80%, 1: 66.20%
CHEMBL1738040 0: 73.48%, 1: 26.52%
CHEMBL1738043 0: 46.43%, 1: 53.57%
CHEMBL1738079 0: 3.88%, 1: 96.12%
CHEMBL1738080 0: 76.43%, 1: 23.57%
CHEMBL1738091 0: 89.77%, 1: 10.23%
CHEMBL1738097 0: 72.41%, 1: 27.59%
CHEMBL1738131 0: 68.59%, 1: 31.41%
CHEMBL1738164 0: 79.79%, 1: 20.21%
CHEMBL1738171 0: 85.45%, 1: 14.55%
CHEMBL1738183 0: 59.62%, 1: 40.38%
CHEMBL1738197 0: 36.90%, 1: 63.10%
CHEMBL1738202 0: 3.47%, 1: 96.53%
CHEMBL1738242 0: 16.55%, 1: 83.45%
CHEMBL1738249 0: 86.53%, 1: 13.47%
CHEMBL1738253 0: 7.33%, 1: 92.67%
CHEMBL1738319 0: 59.17%, 1: 40.83%
CHEMBL1738325 0: 96.86%, 1: 3.14%
CHEMBL1738362 0: 21.43%, 1: 78.57%
CHEMBL1738369 0: 56.34%, 1: 43.66%
CHEMBL1738371 0: 81.97%, 1: 18.03%
CHEMBL1738391 0: 68.38%, 1: 31.62%
CHEMBL1738400 0: 77.86%, 1: 22.14%
CHEMBL1738402 0: 54.19%, 1: 45.81%
CHEMBL1738407 0: 85.58%, 1: 14.42%
CHEMBL1738408 0: 2.18%, 1: 97.82%
CHEMBL1738414 0: 5.11%, 1: 94.89%
CHEMBL1738418 0: 68.85%, 1: 31.15%
CHEMBL1738422 0: 4.29%, 1: 95.71%
CHEMBL1738424 0: 77.50%, 1: 22.50%
CHEMBL1738430 0: 25.54%, 1: 74.46%
CHEMBL1738438 0: 2.76%, 1: 97.24%
CHEMBL1738482 0: 7.69%, 1: 92.31%
CHEMBL1738485 0: 17.65%, 1: 82.35%
CHEMBL1738494 0: 97.26%, 1: 2.74%
CHEMBL1738495 0: 1.70%, 1: 98.30%
CHEMBL1738497 0: 64.50%, 1: 35.50%
CHEMBL1738502 0: 15.20%, 1: 84.80%
CHEMBL1738510 0: 54.41%, 1: 45.59%
CHEMBL1738512 0: 3.05%, 1: 96.95%
CHEMBL1738513 0: 28.64%, 1: 71.36%
CHEMBL1738552 0: 64.70%, 1: 35.30%
CHEMBL1738575 0: 65.65%, 1: 34.35%
CHEMBL1738578 0: 23.30%, 1: 76.70%
CHEMBL1738579 0: 22.79%, 1: 77.21%
CHEMBL1738593 0: 17.65%, 1: 82.35%
CHEMBL1738599 0: 16.07%, 1: 83.93%
CHEMBL1738602 0: 42.70%, 1: 57.30%
CHEMBL1738610 0: 42.07%, 1: 57.93%
CHEMBL1738611 0: 2.23%, 1: 97.77%
CHEMBL1738632 0: 86.32%, 1: 13.68%
CHEMBL1738633 0: 4.05%, 1: 95.95%
CHEMBL1738639 0: 64.47%, 1: 35.53%
CHEMBL1738642 0: 34.82%, 1: 65.18%
CHEMBL1738670 0: 9.18%, 1: 90.82%
CHEMBL1738673 0: 12.98%, 1: 87.02%
CHEMBL1738679 0: 63.95%, 1: 36.05%
CHEMBL1738682 0: 62.45%, 1: 37.55%
CHEMBL1794296 0: 44.02%, 1: 55.98%
CHEMBL1794303 0: 2.71%, 1: 97.29%
CHEMBL1794320 0: 96.68%, 1: 3.32%
CHEMBL1794327 0: 91.59%, 1: 8.41%
CHEMBL1794336 0: 53.07%, 1: 46.93%
CHEMBL1794350 0: 3.44%, 1: 96.56%
CHEMBL1794355 0: 5.26%, 1: 94.74%
CHEMBL1794356 0: 13.92%, 1: 86.08%
CHEMBL1794358 0: 94.14%, 1: 5.86%
CHEMBL1794365 0: 7.12%, 1: 92.88%
CHEMBL1794383 0: 6.90%, 1: 93.10%
CHEMBL1794387 0: 65.04%, 1: 34.96%
CHEMBL1794393 0: 67.55%, 1: 32.45%
CHEMBL1794396 0: 3.96%, 1: 96.04%
CHEMBL1794410 0: 23.98%, 1: 76.02%
CHEMBL1794413 0: 6.02%, 1: 93.98%
CHEMBL1794438 0: 40.17%, 1: 59.83%
CHEMBL1794445 0: 87.84%, 1: 12.16%
CHEMBL1794452 0: 94.30%, 1: 5.70%
CHEMBL1794457 0: 92.98%, 1: 7.02%
CHEMBL1794460 0: 28.63%, 1: 71.37%
CHEMBL1794467 0: 18.39%, 1: 81.61%
CHEMBL1794475 0: 56.02%, 1: 43.98%
CHEMBL1794484 0: 44.93%, 1: 55.07%
CHEMBL1794494 0: 5.33%, 1: 94.67%
CHEMBL1794497 0: 8.47%, 1: 91.53%
CHEMBL1794499 0: 73.90%, 1: 26.10%
CHEMBL1794508 0: 94.63%, 1: 5.37%
CHEMBL1794516 0: 3.21%, 1: 96.79%
CHEMBL1794522 0: 58.65%, 1: 41.35%
CHEMBL1794528 0: 79.86%, 1: 20.14%
CHEMBL1794531 0: 92.03%, 1: 7.97%
CHEMBL1794548 0: 88.74%, 1: 11.26%
CHEMBL1794566 0: 6.05%, 1: 93.95%
CHEMBL1794567 0: 9.61%, 1: 90.39%
CHEMBL1794570 0: 92.79%, 1: 7.21%
CHEMBL1794571 0: 53.55%, 1: 46.45%
CHEMBL1794573 0: 10.54%, 1: 89.46%
CHEMBL1794574 0: 1.09%, 1: 98.91%
CHEMBL1794578 0: 46.99%, 1: 53.01%
CHEMBL1794581 0: 19.65%, 1: 80.35%
CHEMBL1863510 0: 2.14%, 1: 97.86%
CHEMBL1863512 0: 2.79%, 1: 97.21%
CHEMBL1909084 0: 99.28%, 1: 0.72%
CHEMBL1909085 0: 92.10%, 1: 7.90%
CHEMBL1909086 0: 91.52%, 1: 8.48%
CHEMBL1909087 0: 91.86%, 1: 8.14%
CHEMBL1909088 0: 87.97%, 1: 12.03%
CHEMBL1909089 0: 88.69%, 1: 11.31%
CHEMBL1909090 0: 90.81%, 1: 9.19%
CHEMBL1909091 0: 97.24%, 1: 2.76%
CHEMBL1909092 0: 97.14%, 1: 2.86%
CHEMBL1909093 0: 98.42%, 1: 1.58%
CHEMBL1909094 0: 90.85%, 1: 9.15%
CHEMBL1909095 0: 98.56%, 1: 1.44%
CHEMBL1909097 0: 99.28%, 1: 0.72%
CHEMBL1909102 0: 92.94%, 1: 7.06%
CHEMBL1909103 0: 97.23%, 1: 2.77%
CHEMBL1909104 0: 87.06%, 1: 12.94%
CHEMBL1909105 0: 88.70%, 1: 11.30%
CHEMBL1909106 0: 98.57%, 1: 1.43%
CHEMBL1909107 0: 97.86%, 1: 2.14%
CHEMBL1909108 0: 93.04%, 1: 6.96%
CHEMBL1909109 0: 90.35%, 1: 9.65%
CHEMBL1909110 0: 92.47%, 1: 7.53%
CHEMBL1909111 0: 94.03%, 1: 5.97%
CHEMBL1909112 0: 90.91%, 1: 9.09%
CHEMBL1909114 0: 96.50%, 1: 3.50%
CHEMBL1909115 0: 96.00%, 1: 4.00%
CHEMBL1909116 0: 96.98%, 1: 3.02%
CHEMBL1909121 0: 92.80%, 1: 7.20%
CHEMBL1909123 0: 99.16%, 1: 0.84%
CHEMBL1909124 0: 99.40%, 1: 0.60%
CHEMBL1909130 0: 95.56%, 1: 4.44%
CHEMBL1909131 0: 97.01%, 1: 2.99%
CHEMBL1909132 0: 96.15%, 1: 3.85%
CHEMBL1909134 0: 95.19%, 1: 4.81%
CHEMBL1909135 0: 95.76%, 1: 4.24%
CHEMBL1909136 0: 93.20%, 1: 6.80%
CHEMBL1909138 0: 96.16%, 1: 3.84%
CHEMBL1909139 0: 93.84%, 1: 6.16%
CHEMBL1909140 0: 93.87%, 1: 6.13%
CHEMBL1909141 0: 89.73%, 1: 10.27%
CHEMBL1909142 0: 99.04%, 1: 0.96%
CHEMBL1909143 0: 93.01%, 1: 6.99%
CHEMBL1909145 0: 97.97%, 1: 2.03%
CHEMBL1909148 0: 98.57%, 1: 1.43%
CHEMBL1909150 0: 95.10%, 1: 4.90%
CHEMBL1909156 0: 94.28%, 1: 5.72%
CHEMBL1909157 0: 96.38%, 1: 3.62%
CHEMBL1909158 0: 99.05%, 1: 0.95%
CHEMBL1909159 0: 93.18%, 1: 6.82%
CHEMBL1909165 0: 97.79%, 1: 2.21%
CHEMBL1909169 0: 98.32%, 1: 1.68%
CHEMBL1909170 0: 92.35%, 1: 7.65%
CHEMBL1909171 0: 93.29%, 1: 6.71%
CHEMBL1909172 0: 92.82%, 1: 7.18%
CHEMBL1909173 0: 92.38%, 1: 7.62%
CHEMBL1909174 0: 92.71%, 1: 7.29%
CHEMBL1909180 0: 98.20%, 1: 1.80%
CHEMBL1909181 0: 97.71%, 1: 2.29%
CHEMBL1909182 0: 96.99%, 1: 3.01%
CHEMBL1909184 0: 98.93%, 1: 1.07%
CHEMBL1909186 0: 99.52%, 1: 0.48%
CHEMBL1909190 0: 98.66%, 1: 1.34%
CHEMBL1909191 0: 94.99%, 1: 5.01%
CHEMBL1909192 0: 99.52%, 1: 0.48%
CHEMBL1909200 0: 97.97%, 1: 2.03%
CHEMBL1909201 0: 97.72%, 1: 2.28%
CHEMBL1909203 0: 98.05%, 1: 1.95%
CHEMBL1909204 0: 97.17%, 1: 2.83%
CHEMBL1909205 0: 98.67%, 1: 1.33%
CHEMBL1909206 0: 99.16%, 1: 0.84%
CHEMBL1909209 0: 92.34%, 1: 7.66%
CHEMBL1909210 0: 96.05%, 1: 3.95%
CHEMBL1909211 0: 88.80%, 1: 11.20%
CHEMBL1909212 0: 98.30%, 1: 1.70%
CHEMBL1909213 0: 99.28%, 1: 0.72%
CHEMBL1909214 0: 98.79%, 1: 1.21%
CHEMBL1909215 0: 95.61%, 1: 4.39%
CHEMBL1963686 0: 61.95%, 1: 38.05%
CHEMBL1963687 0: 64.42%, 1: 35.58%
CHEMBL1963688 0: 62.52%, 1: 37.48%
CHEMBL1963689 0: 89.69%, 1: 10.31%
CHEMBL1963690 0: 57.36%, 1: 42.64%
CHEMBL1963691 0: 49.33%, 1: 50.67%
CHEMBL1963692 0: 53.73%, 1: 46.27%
CHEMBL1963693 0: 71.00%, 1: 29.00%
CHEMBL1963694 0: 91.05%, 1: 8.95%
CHEMBL1963695 0: 74.90%, 1: 25.10%
CHEMBL1963696 0: 77.85%, 1: 22.15%
CHEMBL1963697 0: 74.06%, 1: 25.94%
CHEMBL1963698 0: 74.60%, 1: 25.40%
CHEMBL1963699 0: 83.18%, 1: 16.82%
CHEMBL1963701 0: 67.32%, 1: 32.68%
CHEMBL1963702 0: 83.82%, 1: 16.18%
CHEMBL1963703 0: 68.65%, 1: 31.35%
CHEMBL1963704 0: 65.28%, 1: 34.72%
CHEMBL1963705 0: 55.92%, 1: 44.08%
CHEMBL1963706 0: 53.38%, 1: 46.62%
CHEMBL1963707 0: 53.25%, 1: 46.75%
CHEMBL1963708 0: 48.77%, 1: 51.23%
CHEMBL1963710 0: 63.21%, 1: 36.79%
CHEMBL1963711 0: 94.72%, 1: 5.28%
CHEMBL1963712 0: 75.76%, 1: 24.24%
CHEMBL1963714 0: 74.21%, 1: 25.79%
CHEMBL1963715 0: 50.28%, 1: 49.72%
CHEMBL1963716 0: 91.91%, 1: 8.09%
CHEMBL1963717 0: 55.50%, 1: 44.50%
CHEMBL1963718 0: 65.45%, 1: 34.55%
CHEMBL1963719 0: 63.39%, 1: 36.61%
CHEMBL1963720 0: 69.73%, 1: 30.27%
CHEMBL1963721 0: 56.94%, 1: 43.06%
CHEMBL1963722 0: 49.40%, 1: 50.60%
CHEMBL1963723 0: 53.82%, 1: 46.18%
CHEMBL1963724 0: 67.32%, 1: 32.68%
CHEMBL1963725 0: 69.97%, 1: 30.03%
CHEMBL1963727 0: 56.59%, 1: 43.41%
CHEMBL1963728 0: 92.02%, 1: 7.98%
CHEMBL1963729 0: 84.64%, 1: 15.36%
CHEMBL1963731 0: 61.35%, 1: 38.65%
CHEMBL1963733 0: 79.77%, 1: 20.23%
CHEMBL1963734 0: 79.51%, 1: 20.49%
CHEMBL1963735 0: 71.66%, 1: 28.34%
CHEMBL1963736 0: 78.32%, 1: 21.68%
CHEMBL1963737 0: 86.79%, 1: 13.21%
CHEMBL1963738 0: 61.18%, 1: 38.82%
CHEMBL1963739 0: 84.32%, 1: 15.68%
CHEMBL1963740 0: 64.30%, 1: 35.70%
CHEMBL1963741 0: 67.03%, 1: 32.97%
CHEMBL1963742 0: 73.47%, 1: 26.53%
CHEMBL1963743 0: 66.24%, 1: 33.76%
CHEMBL1963744 0: 71.97%, 1: 28.03%
CHEMBL1963745 0: 67.16%, 1: 32.84%
CHEMBL1963746 0: 66.34%, 1: 33.66%
CHEMBL1963747 0: 81.33%, 1: 18.67%
CHEMBL1963748 0: 58.75%, 1: 41.25%
CHEMBL1963749 0: 55.02%, 1: 44.98%
CHEMBL1963750 0: 58.61%, 1: 41.39%
CHEMBL1963751 0: 70.90%, 1: 29.10%
CHEMBL1963752 0: 64.78%, 1: 35.22%
CHEMBL1963753 0: 88.02%, 1: 11.98%
CHEMBL1963754 0: 59.12%, 1: 40.88%
CHEMBL1963756 0: 61.66%, 1: 38.34%
CHEMBL1963757 0: 73.28%, 1: 26.72%
CHEMBL1963758 0: 82.56%, 1: 17.44%
CHEMBL1963759 0: 81.38%, 1: 18.62%
CHEMBL1963760 0: 86.36%, 1: 13.64%
CHEMBL1963761 0: 83.63%, 1: 16.37%
CHEMBL1963763 0: 72.14%, 1: 27.86%
CHEMBL1963764 0: 62.50%, 1: 37.50%
CHEMBL1963765 0: 86.41%, 1: 13.59%
CHEMBL1963766 0: 81.38%, 1: 18.62%
CHEMBL1963767 0: 77.76%, 1: 22.24%
CHEMBL1963768 0: 77.63%, 1: 22.37%
CHEMBL1963770 0: 89.44%, 1: 10.56%
CHEMBL1963771 0: 53.53%, 1: 46.47%
CHEMBL1963772 0: 48.99%, 1: 51.01%
CHEMBL1963773 0: 59.00%, 1: 41.00%
CHEMBL1963775 0: 76.92%, 1: 23.08%
CHEMBL1963776 0: 87.71%, 1: 12.29%
CHEMBL1963777 0: 63.92%, 1: 36.08%
CHEMBL1963778 0: 51.70%, 1: 48.30%
CHEMBL1963779 0: 54.69%, 1: 45.31%
CHEMBL1963780 0: 89.06%, 1: 10.94%
CHEMBL1963781 0: 94.31%, 1: 5.69%
CHEMBL1963782 0: 75.86%, 1: 24.14%
CHEMBL1963783 0: 57.36%, 1: 42.64%
CHEMBL1963785 0: 70.10%, 1: 29.90%
CHEMBL1963786 0: 50.08%, 1: 49.92%
CHEMBL1963787 0: 66.39%, 1: 33.61%
CHEMBL1963789 0: 67.34%, 1: 32.66%
CHEMBL1963790 0: 57.93%, 1: 42.07%
CHEMBL1963791 0: 82.08%, 1: 17.92%
CHEMBL1963792 0: 85.73%, 1: 14.27%
CHEMBL1963793 0: 65.48%, 1: 34.52%
CHEMBL1963794 0: 77.53%, 1: 22.47%
CHEMBL1963795 0: 46.98%, 1: 53.02%
CHEMBL1963796 0: 69.76%, 1: 30.24%
CHEMBL1963797 0: 83.64%, 1: 16.36%
CHEMBL1963798 0: 89.45%, 1: 10.55%
CHEMBL1963799 0: 43.54%, 1: 56.46%
CHEMBL1963800 0: 64.88%, 1: 35.12%
CHEMBL1963801 0: 75.90%, 1: 24.10%
CHEMBL1963802 0: 61.41%, 1: 38.59%
CHEMBL1963803 0: 87.44%, 1: 12.56%
CHEMBL1963804 0: 65.90%, 1: 34.10%
CHEMBL1963805 0: 53.77%, 1: 46.23%
CHEMBL1963806 0: 41.19%, 1: 58.81%
CHEMBL1963807 0: 36.83%, 1: 63.17%
CHEMBL1963808 0: 68.82%, 1: 31.18%
CHEMBL1963809 0: 79.97%, 1: 20.03%
CHEMBL1963810 0: 43.69%, 1: 56.31%
CHEMBL1963811 0: 73.98%, 1: 26.02%
CHEMBL1963812 0: 53.08%, 1: 46.92%
CHEMBL1963813 0: 79.19%, 1: 20.81%
CHEMBL1963814 0: 51.10%, 1: 48.90%
CHEMBL1963815 0: 71.80%, 1: 28.20%
CHEMBL1963816 0: 89.64%, 1: 10.36%
CHEMBL1963817 0: 71.90%, 1: 28.10%
CHEMBL1963818 0: 55.13%, 1: 44.87%
CHEMBL1963819 0: 62.64%, 1: 37.36%
CHEMBL1963820 0: 84.46%, 1: 15.54%
CHEMBL1963821 0: 79.31%, 1: 20.69%
CHEMBL1963822 0: 90.91%, 1: 9.09%
CHEMBL1963823 0: 76.61%, 1: 23.39%
CHEMBL1963824 0: 39.57%, 1: 60.43%
CHEMBL1963825 0: 51.12%, 1: 48.88%
CHEMBL1963826 0: 59.25%, 1: 40.75%
CHEMBL1963827 0: 50.74%, 1: 49.26%
CHEMBL1963828 0: 80.86%, 1: 19.14%
CHEMBL1963829 0: 86.41%, 1: 13.59%
CHEMBL1963831 0: 52.56%, 1: 47.44%
CHEMBL1963832 0: 72.98%, 1: 27.02%
CHEMBL1963833 0: 87.13%, 1: 12.87%
CHEMBL1963834 0: 59.69%, 1: 40.31%
CHEMBL1963836 0: 85.18%, 1: 14.82%
CHEMBL1963837 0: 26.01%, 1: 73.99%
CHEMBL1963838 0: 75.83%, 1: 24.17%
CHEMBL1963846 0: 85.07%, 1: 14.93%
CHEMBL1963867 0: 73.13%, 1: 26.87%
CHEMBL1963893 0: 85.61%, 1: 14.39%
CHEMBL1963898 0: 75.62%, 1: 24.38%
CHEMBL1963907 0: 64.35%, 1: 35.65%
CHEMBL1963910 0: 10.50%, 1: 89.50%
CHEMBL1963915 0: 15.00%, 1: 85.00%
CHEMBL1963916 0: 40.48%, 1: 59.52%
CHEMBL1963918 0: 73.35%, 1: 26.65%
CHEMBL1963930 0: 3.64%, 1: 96.36%
CHEMBL1963933 0: 93.91%, 1: 6.09%
CHEMBL1963934 0: 3.64%, 1: 96.36%
CHEMBL1963937 0: 39.27%, 1: 60.73%
CHEMBL1963938 0: 65.85%, 1: 34.15%
CHEMBL1963940 0: 33.79%, 1: 66.21%
CHEMBL1963947 0: 6.25%, 1: 93.75%
CHEMBL1963966 0: 3.29%, 1: 96.71%
CHEMBL1963968 0: 51.52%, 1: 48.48%
CHEMBL1963969 0: 25.83%, 1: 74.17%
CHEMBL1963971 0: 10.20%, 1: 89.80%
CHEMBL1963974 0: 88.26%, 1: 11.74%
CHEMBL1963983 0: 76.39%, 1: 23.61%
CHEMBL1964000 0: 76.77%, 1: 23.23%
CHEMBL1964005 0: 6.67%, 1: 93.33%
CHEMBL1964010 0: 76.06%, 1: 23.94%
CHEMBL1964015 0: 73.77%, 1: 26.23%
CHEMBL1964022 0: 76.61%, 1: 23.39%
CHEMBL1964023 0: 73.75%, 1: 26.25%
CHEMBL1964081 0: 47.98%, 1: 52.02%
CHEMBL1964095 0: 65.41%, 1: 34.59%
CHEMBL1964096 0: 11.36%, 1: 88.64%
CHEMBL1964100 0: 79.62%, 1: 20.38%
CHEMBL1964101 0: 34.62%, 1: 65.38%
CHEMBL1964102 0: 71.54%, 1: 28.46%
CHEMBL1964103 0: 51.58%, 1: 48.42%
CHEMBL1964104 0: 63.88%, 1: 36.12%
CHEMBL1964105 0: 64.53%, 1: 35.47%
CHEMBL1964106 0: 57.96%, 1: 42.04%
CHEMBL1964108 0: 69.62%, 1: 30.38%
CHEMBL1964111 0: 73.41%, 1: 26.59%
CHEMBL1964112 0: 87.59%, 1: 12.41%
CHEMBL1964114 0: 61.11%, 1: 38.89%
CHEMBL1964115 0: 43.36%, 1: 56.64%
CHEMBL1964116 0: 70.55%, 1: 29.45%
CHEMBL1964117 0: 63.66%, 1: 36.34%
CHEMBL1964118 0: 60.33%, 1: 39.67%
CHEMBL1964119 0: 57.23%, 1: 42.77%
CHEMBL2028073 0: 76.99%, 1: 23.01%
CHEMBL2028074 0: 74.88%, 1: 25.12%
CHEMBL2028075 0: 56.46%, 1: 43.54%
CHEMBL2028076 0: 85.04%, 1: 14.96%
CHEMBL2028077 0: 96.19%, 1: 3.81%
CHEMBL2095143 0: 93.77%, 1: 6.23%
CHEMBL2098499 0: 74.45%, 1: 25.55%
CHEMBL2114715 0: 60.31%, 1: 39.69%
CHEMBL2114716 0: 12.27%, 1: 87.73%
CHEMBL2114719 0: 77.41%, 1: 22.59%
CHEMBL2114725 0: 51.74%, 1: 48.26%
CHEMBL2114727 0: 16.96%, 1: 83.04%
CHEMBL2114728 0: 9.82%, 1: 90.18%
CHEMBL2114737 0: 87.93%, 1: 12.07%
CHEMBL2114742 0: 33.90%, 1: 66.10%
CHEMBL2114748 0: 59.44%, 1: 40.56%
CHEMBL2114752 0: 15.02%, 1: 84.98%
CHEMBL2114753 0: 8.36%, 1: 91.64%
CHEMBL2114761 0: 78.40%, 1: 21.60%
CHEMBL2114764 0: 42.92%, 1: 57.08%
CHEMBL2114771 0: 64.02%, 1: 35.98%
CHEMBL2114791 0: 1.99%, 1: 98.01%
CHEMBL2114797 0: 42.41%, 1: 57.59%
CHEMBL2114811 0: 10.16%, 1: 89.84%
CHEMBL2114814 0: 44.98%, 1: 55.02%
CHEMBL2114816 0: 37.94%, 1: 62.06%
CHEMBL2114818 0: 4.15%, 1: 95.85%
CHEMBL2114820 0: 16.31%, 1: 83.69%
CHEMBL2114821 0: 18.77%, 1: 81.23%
CHEMBL2114823 0: 20.90%, 1: 79.10%
CHEMBL2114825 0: 18.62%, 1: 81.38%
CHEMBL2114827 0: 93.80%, 1: 6.20%
CHEMBL2114829 0: 25.17%, 1: 74.83%
CHEMBL2114830 0: 20.17%, 1: 79.83%
CHEMBL2114839 0: 28.69%, 1: 71.31%
CHEMBL2114842 0: 62.00%, 1: 38.00%
CHEMBL2114844 0: 32.59%, 1: 67.41%
CHEMBL2114847 0: 13.84%, 1: 86.16%
CHEMBL2114850 0: 8.62%, 1: 91.38%
CHEMBL2114852 0: 3.84%, 1: 96.16%
CHEMBL2114857 0: 50.00%, 1: 50.00%
CHEMBL2114858 0: 32.36%, 1: 67.64%
CHEMBL2114863 0: 33.55%, 1: 66.45%
CHEMBL2114865 0: 3.43%, 1: 96.57%
CHEMBL2114872 0: 9.51%, 1: 90.49%
CHEMBL2114874 0: 28.03%, 1: 71.97%
CHEMBL2114882 0: 92.25%, 1: 7.75%
CHEMBL2114896 0: 51.22%, 1: 48.78%
CHEMBL2114899 0: 87.76%, 1: 12.24%
CHEMBL2114909 0: 1.94%, 1: 98.06%
CHEMBL2114916 0: 42.50%, 1: 57.50%
CHEMBL2114926 0: 41.57%, 1: 58.43%
CHEMBL2114928 0: 86.06%, 1: 13.94%
CHEMBL2114930 0: 4.68%, 1: 95.32%
CHEMBL2114931 0: 97.44%, 1: 2.56%
CHEMBL2114932 0: 4.35%, 1: 95.65%
CHEMBL2354206 0: 93.86%, 1: 6.14%
CHEMBL2354207 0: 15.46%, 1: 84.54%
CHEMBL2354217 0: 20.69%, 1: 79.31%
CHEMBL2354227 0: 21.70%, 1: 78.30%
CHEMBL2354228 0: 59.88%, 1: 40.12%
CHEMBL2354248 0: 96.55%, 1: 3.45%
CHEMBL2354256 0: 7.85%, 1: 92.15%
CHEMBL2354269 0: 9.42%, 1: 90.58%
CHEMBL2354274 0: 5.26%, 1: 94.74%
CHEMBL2354276 0: 75.30%, 1: 24.70%
CHEMBL2354289 0: 34.38%, 1: 65.62%
CHEMBL2354292 0: 77.91%, 1: 22.09%
CHEMBL2354303 0: 86.76%, 1: 13.24%
CHEMBL2354305 0: 14.37%, 1: 85.63%
CHEMBL2354308 0: 9.09%, 1: 90.91%
CHEMBL2378059 0: 2.84%, 1: 97.16%
CHEMBL2449559 0: 17.37%, 1: 82.63%
CHEMBL3214794 0: 64.60%, 1: 35.40%
CHEMBL3214801 0: 28.46%, 1: 71.54%
CHEMBL3214812 0: 33.19%, 1: 66.81%
CHEMBL3214816 0: 25.43%, 1: 74.57%
CHEMBL3214851 0: 77.02%, 1: 22.98%
CHEMBL3214906 0: 61.72%, 1: 38.28%
CHEMBL3214907 0: 48.12%, 1: 51.88%
CHEMBL3214929 0: 44.25%, 1: 55.75%
CHEMBL3214930 0: 79.15%, 1: 20.85%
CHEMBL3214944 0: 32.70%, 1: 67.30%
CHEMBL3214958 0: 69.31%, 1: 30.69%
CHEMBL3214959 0: 31.09%, 1: 68.91%
CHEMBL3214970 0: 20.09%, 1: 79.91%
CHEMBL3214992 0: 27.76%, 1: 72.24%
CHEMBL3214993 0: 32.48%, 1: 67.52%
CHEMBL3214997 0: 27.27%, 1: 72.73%
CHEMBL3215006 0: 73.18%, 1: 26.82%
CHEMBL3215013 0: 10.05%, 1: 89.95%
CHEMBL3215025 0: 7.49%, 1: 92.51%
CHEMBL3215034 0: 39.87%, 1: 60.13%
CHEMBL3215078 0: 41.84%, 1: 58.16%
CHEMBL3215092 0: 57.98%, 1: 42.02%
CHEMBL3215096 0: 30.30%, 1: 69.70%
CHEMBL3215112 0: 7.48%, 1: 92.52%
CHEMBL3215116 0: 83.87%, 1: 16.13%
CHEMBL3215128 0: 14.05%, 1: 85.95%
CHEMBL3215154 0: 44.44%, 1: 55.56%
CHEMBL3215157 0: 5.96%, 1: 94.04%
CHEMBL3215158 0: 12.59%, 1: 87.41%
CHEMBL3215171 0: 97.98%, 1: 2.02%
CHEMBL3215176 0: 91.72%, 1: 8.28%
CHEMBL3215185 0: 91.95%, 1: 8.05%
CHEMBL3215187 0: 7.98%, 1: 92.02%
CHEMBL3215216 0: 15.79%, 1: 84.21%
CHEMBL3215220 0: 91.18%, 1: 8.82%
CHEMBL3215227 0: 32.66%, 1: 67.34%
CHEMBL3215228 0: 88.71%, 1: 11.29%
CHEMBL3215276 0: 7.46%, 1: 92.54%
CHEMBL3215277 0: 90.53%, 1: 9.47%
CHEMBL3215288 0: 27.05%, 1: 72.95%
CHEMBL829401 0: 10.53%, 1: 89.47%
CHEMBL830839 0: 3.07%, 1: 96.93%
CHEMBL830842 0: 10.53%, 1: 89.47%
CHEMBL914418 0: 14.93%, 1: 85.07%
CHEMBL918058 0: 93.33%, 1: 6.67%
  0% 0/248 [00:00<?, ?it/s]100% 248/248 [00:00<00:00, 4929.45it/s]
Total scaffolds = 217 | train scaffolds = 182 | val scaffolds = 21 | test scaffolds = 14
/home/apappu/thesis/molecule-metalearning2/molecule-metalearning/chemprop/chemprop/data/scaffold.py:151: RuntimeWarning: Mean of empty slice
  target_avgs.append(np.nanmean(targets, axis=0))
Label averages per scaffold, in decreasing order of scaffold frequency,capped at 10 scaffolds and 20 labels: [(array([nan, nan, nan, nan, nan, nan, nan, nan, nan, nan, nan, nan, nan,
       nan, nan, nan, nan, nan, nan, nan]), array([0, 0, 0, 0, 0, 0, 0, 0, 0, 0, 0, 0, 0, 0, 0, 0, 0, 0, 0, 0])), (array([nan, nan, nan, nan, nan, nan, nan, nan, nan, nan, nan, nan, nan,
       nan, nan, nan, nan, nan, nan, nan]), array([0, 0, 0, 0, 0, 0, 0, 0, 0, 0, 0, 0, 0, 0, 0, 0, 0, 0, 0, 0])), (array([nan, nan, nan, nan, nan, nan, nan, nan, nan, nan, nan, nan, nan,
       nan, nan, nan, nan, nan, nan, nan]), array([0, 0, 0, 0, 0, 0, 0, 0, 0, 0, 0, 0, 0, 0, 0, 0, 0, 0, 0, 0])), (array([nan, nan, nan, nan, nan, nan, nan, nan, nan, nan, nan, nan, nan,
       nan, nan, nan, nan, nan, nan, nan]), array([0, 0, 0, 0, 0, 0, 0, 0, 0, 0, 0, 0, 0, 0, 0, 0, 0, 0, 0, 0])), (array([nan, nan, nan, nan, nan, nan, nan, nan, nan, nan, nan, nan, nan,
       nan, nan, nan, nan, nan, nan, nan]), array([0, 0, 0, 0, 0, 0, 0, 0, 0, 0, 0, 0, 0, 0, 0, 0, 0, 0, 0, 0])), (array([nan, nan, nan, nan, nan, nan, nan, nan, nan, nan, nan, nan, nan,
       nan, nan, nan, nan, nan, nan, nan]), array([0, 0, 0, 0, 0, 0, 0, 0, 0, 0, 0, 0, 0, 0, 0, 0, 0, 0, 0, 0])), (array([nan, nan, nan, nan, nan, nan, nan, nan, nan, nan, nan, nan, nan,
       nan, nan, nan, nan, nan, nan, nan]), array([0, 0, 0, 0, 0, 0, 0, 0, 0, 0, 0, 0, 0, 0, 0, 0, 0, 0, 0, 0])), (array([nan, nan, nan, nan, nan, nan, nan, nan, nan, nan, nan, nan, nan,
       nan, nan, nan, nan, nan, nan, nan]), array([0, 0, 0, 0, 0, 0, 0, 0, 0, 0, 0, 0, 0, 0, 0, 0, 0, 0, 0, 0])), (array([nan, nan, nan, nan, nan, nan, nan, nan, nan, nan, nan, nan, nan,
       nan, nan, nan, nan, nan, nan, nan]), array([0, 0, 0, 0, 0, 0, 0, 0, 0, 0, 0, 0, 0, 0, 0, 0, 0, 0, 0, 0])), (array([nan, nan, nan, nan, nan, nan, nan, nan, nan, nan, nan, nan, nan,
       nan, nan, nan, nan, nan, nan, nan]), array([0, 0, 0, 0, 0, 0, 0, 0, 0, 0, 0, 0, 0, 0, 0, 0, 0, 0, 0, 0]))]
Loading model
Loading pretrained parameter "encoder.encoder.cached_zero_vector".
Loading pretrained parameter "encoder.encoder.W_i.weight".
Loading pretrained parameter "encoder.encoder.W_h.weight".
Loading pretrained parameter "encoder.encoder.W_o.weight".
Loading pretrained parameter "encoder.encoder.W_o.bias".
Loading pretrained parameter "ffn.1.weight".
Loading pretrained parameter "ffn.1.bias".
Loading pretrained parameter "ffn.4.weight".
Loading pretrained parameter "ffn.4.bias".
Moving model to cuda
Number of parameters = 385,101
ANILMoleculeModel(
  (molecule_model): MoleculeModel(
    (sigmoid): Sigmoid()
    (encoder): MPN(
      (encoder): MPNEncoder(
        (dropout_layer): Dropout(p=0.2, inplace=False)
        (act_func): ReLU()
        (W_i): Linear(in_features=147, out_features=300, bias=False)
        (W_h): Linear(in_features=300, out_features=300, bias=False)
        (W_o): Linear(in_features=433, out_features=300, bias=True)
      )
    )
    (ffn): Sequential(
      (0): Dropout(p=0.2, inplace=False)
      (1): Linear(in_features=300, out_features=400, bias=True)
      (2): ReLU()
      (3): Dropout(p=0.2, inplace=False)
      (4): Linear(in_features=400, out_features=1, bias=True)
    )
  )
  (gnn_featurizer): MPN(
    (encoder): MPNEncoder(
      (dropout_layer): Dropout(p=0.2, inplace=False)
      (act_func): ReLU()
      (W_i): Linear(in_features=147, out_features=300, bias=False)
      (W_h): Linear(in_features=300, out_features=300, bias=False)
      (W_o): Linear(in_features=433, out_features=300, bias=True)
    )
  )
  (classifier): MAML(
    (module): Sequential(
      (0): Dropout(p=0.2, inplace=False)
      (1): Linear(in_features=300, out_features=400, bias=True)
      (2): ReLU()
      (3): Dropout(p=0.2, inplace=False)
      (4): Linear(in_features=400, out_features=1, bias=True)
    )
  )
)
Moving maml model to cuda
Beginning meta testing
  0% 0/1 [00:00<?, ?it/s]
  0% 0/1 [00:00<?, ?it/s][AMeta testing on task: CHEMBL3215116
/home/apappu/miniconda3/envs/chemprop/lib/python3.6/site-packages/torch/tensor.py:746: UserWarning: The .grad attribute of a Tensor that is not a leaf Tensor is being accessed. Its .grad attribute won't be populated during autograd.backward(). If you indeed want the gradient for a non-leaf Tensor, use .retain_grad() on the non-leaf Tensor. If you access the non-leaf Tensor by mistake, make sure you access the leaf Tensor instead. See github.com/pytorch/pytorch/pull/30531 for more informations.
  warnings.warn("The .grad attribute of a Tensor that is not a leaf Tensor is being accessed. Its .grad "


  0% 0/30 [00:00<?, ?it/s][A[ANew best model for test task CHEMBL3215116 at epoch 1 with val loss 0.6991113424301147


