wandb: Tracking run with wandb version 0.9.3
wandb: Wandb version 0.9.4 is available!  To upgrade, please run:
wandb:  $ pip install wandb --upgrade
wandb: Run data is saved locally in wandb/run-20200812_122007-qhvz8lhq
wandb: Syncing run maml_CHEMBL1909085
wandb: ⭐️ View project at https://app.wandb.ai/apappu97/molecule-metalearning
wandb: 🚀 View run at https://app.wandb.ai/apappu97/molecule-metalearning/runs/qhvz8lhq
wandb: Run `wandb off` to turn off syncing.
Setting args.meta_learning to True as we are meta learning and setting args.meta_test to True as we are meta testing

Fold 0
Command line
python /home/apappu/thesis/molecule-metalearning2/molecule-metalearning/chemprop/meta_test.py --data_path /home/apappu/thesis/molecule-metalearning/filtered_chembl/chembl_less_1024_more_128_645_tasks.csv --meta_test_task CHEMBL1909085 --dataset_type classification --chembl_assay_metadata_pickle_path filtered_chembl/ --checkpoint_paths checkpoints/maml/fold_0/maml_model/maml_maml_model.pt --metric prc-auc --split_type scaffold_balanced --dropout 0.2 --ffn_hidden_size 400 --num_folds 5 --epochs 30 --num_workers 0 --results_save_dir results/metatesting/maml/ --experiment_name maml_CHEMBL1909085
Args
{'ANIL': False,
 'FO_MAML': False,
 'activation': 'ReLU',
 'atom_messages': False,
 'batch_size': 32,
 'bias': False,
 'cache_cutoff': 10000,
 'checkpoint_dir': None,
 'checkpoint_path': None,
 'checkpoint_paths': ['checkpoints/maml/fold_0/maml_model/maml_maml_model.pt'],
 'chembl_assay_metadata_pickle_path': 'filtered_chembl/',
 'class_balance': False,
 'config_path': None,
 'crossval_index_dir': None,
 'crossval_index_file': None,
 'crossval_index_sets': None,
 'data_path': '/home/apappu/thesis/molecule-metalearning/filtered_chembl/chembl_less_1024_more_128_645_tasks.csv',
 'dataset_type': 'classification',
 'depth': 3,
 'dropout': 0.2,
 'dummy': False,
 'ensemble_size': 1,
 'epochs': 30,
 'experiment_name': 'maml_CHEMBL1909085',
 'features_generator': None,
 'features_only': False,
 'features_path': None,
 'features_size': None,
 'ffn_hidden_size': 400,
 'ffn_num_layers': 2,
 'final_lr': 0.0001,
 'folds_file': None,
 'gpu': None,
 'hidden_size': 300,
 'init_lr': 0.0001,
 'inner_loop_lr': 0.05,
 'kaiming': True,
 'log_frequency': 10,
 'loss_queue_window': 500,
 'max_data_size': None,
 'max_lr': 0.001,
 'meta_batch_size': 32,
 'meta_learning': True,
 'meta_test': True,
 'meta_test_epochs': 30,
 'meta_test_lr': 0.0001,
 'meta_test_split_sizes': (0.8, 0.1, 0.1),
 'meta_test_task': 'CHEMBL1909085',
 'meta_train_split_sizes': (0.8, 0.2, 0),
 'metric': 'prc-auc',
 'minimize_score': False,
 'multiclass_num_classes': 3,
 'no_cuda': False,
 'no_features_scaling': False,
 'num_folds': 5,
 'num_inner_gradient_steps': 2,
 'num_lrs': 1,
 'num_tasks': None,
 'num_workers': 0,
 'outer_loop_lr': 0.0015,
 'pytorch_seed': 0,
 'quiet': False,
 'results_save_dir': 'results/metatesting/maml/',
 'save_dir': '/tmp/2327395.11.gpu.q/tmpufrrggau/fold_0',
 'save_smiles_splits': False,
 'seed': 0,
 'seeds': None,
 'separate_test_features_path': None,
 'separate_test_path': None,
 'separate_val_features_path': None,
 'separate_val_path': None,
 'show_individual_scores': False,
 'smiles_column': None,
 'split_sizes': (0.8, 0.1, 0.1),
 'split_type': 'scaffold_balanced',
 'target_columns': None,
 'task_names': None,
 'test': False,
 'test_fold_index': None,
 'train_data_size': None,
 'undirected': False,
 'use_input_features': False,
 'val_fold_index': None,
 'warmup_epochs': 2.0}
Loading data
0it [00:00, ?it/s]323it [00:00, 3032.29it/s]716it [00:00, 3255.30it/s]1100it [00:00, 3410.53it/s]1463it [00:00, 3416.72it/s]1736it [00:00, 2611.30it/s]1997it [00:00, 2293.63it/s]2220it [00:00, 1999.01it/s]2525it [00:00, 2211.10it/s]2755it [00:01, 2191.21it/s]3160it [00:01, 2540.44it/s]3614it [00:01, 2927.10it/s]3946it [00:01, 2163.54it/s]4400it [00:01, 2565.79it/s]4843it [00:01, 2936.25it/s]5314it [00:01, 3309.11it/s]5729it [00:01, 3521.42it/s]6130it [00:02, 3647.40it/s]6530it [00:02, 3191.43it/s]6895it [00:02, 3315.35it/s]7252it [00:02, 3140.48it/s]7586it [00:02, 3059.87it/s]7907it [00:02, 3061.33it/s]8224it [00:02, 2011.83it/s]8479it [00:03, 2062.54it/s]8865it [00:03, 2377.55it/s]9147it [00:03, 1912.65it/s]9517it [00:03, 2236.19it/s]9822it [00:03, 2413.24it/s]10105it [00:03, 2375.48it/s]10494it [00:03, 2689.49it/s]10946it [00:03, 3059.56it/s]11328it [00:03, 3240.88it/s]11700it [00:04, 3370.31it/s]12061it [00:04, 3210.98it/s]12401it [00:04, 2887.83it/s]12802it [00:04, 3143.28it/s]13301it [00:04, 3535.81it/s]13685it [00:04, 3441.93it/s]14051it [00:04, 3258.39it/s]14427it [00:04, 3392.90it/s]14780it [00:05, 2753.19it/s]15085it [00:05, 2793.11it/s]15385it [00:05, 2220.71it/s]15658it [00:05, 2333.76it/s]16007it [00:05, 2575.50it/s]16356it [00:05, 2628.07it/s]16705it [00:06, 1457.12it/s]16955it [00:06, 1664.90it/s]17183it [00:06, 1804.61it/s]17443it [00:06, 1967.75it/s]17677it [00:06, 2019.00it/s]17949it [00:06, 2187.74it/s]18270it [00:06, 2418.41it/s]18601it [00:06, 2612.12it/s]18948it [00:07, 2819.74it/s]19308it [00:07, 3014.83it/s]19763it [00:07, 3353.40it/s]20123it [00:07, 3311.25it/s]20603it [00:07, 3649.79it/s]20991it [00:07, 3049.29it/s]21383it [00:07, 3266.07it/s]21737it [00:07, 2853.02it/s]22239it [00:07, 3276.55it/s]22609it [00:08, 2729.19it/s]22927it [00:08, 2645.88it/s]23224it [00:08, 2219.98it/s]23481it [00:08, 2138.40it/s]23720it [00:08, 1927.59it/s]24041it [00:08, 2189.61it/s]24498it [00:08, 2595.11it/s]24808it [00:09, 2579.38it/s]25101it [00:09, 2302.66it/s]25416it [00:09, 2502.34it/s]25693it [00:09, 2264.10it/s]26021it [00:09, 2495.39it/s]26294it [00:09, 2080.54it/s]26579it [00:09, 2243.72it/s]26827it [00:10, 2158.84it/s]27060it [00:10, 2163.45it/s]27289it [00:10, 2098.13it/s]27518it [00:10, 2151.50it/s]27832it [00:10, 2375.30it/s]28188it [00:10, 2529.60it/s]28452it [00:10, 1966.41it/s]28836it [00:10, 2303.00it/s]29157it [00:10, 2515.74it/s]29444it [00:11, 2195.29it/s]29901it [00:11, 2600.66it/s]30233it [00:11, 2780.47it/s]30657it [00:11, 3099.50it/s]31094it [00:11, 3395.38it/s]31470it [00:11, 3148.19it/s]31819it [00:11, 3241.87it/s]32165it [00:11, 3071.34it/s]32489it [00:12, 2989.86it/s]32983it [00:12, 3390.79it/s]33407it [00:12, 2892.20it/s]33768it [00:12, 3066.72it/s]34100it [00:12, 2984.18it/s]34417it [00:12, 2889.19it/s]34720it [00:12, 2612.40it/s]35182it [00:12, 3002.80it/s]35514it [00:13, 2373.56it/s]36048it [00:13, 2847.55it/s]36505it [00:13, 3209.51it/s]36891it [00:13, 3300.32it/s]37268it [00:13, 3217.74it/s]37623it [00:13, 2725.67it/s]38046it [00:13, 3050.62it/s]38474it [00:13, 3337.65it/s]38931it [00:13, 3630.80it/s]39326it [00:14, 3540.83it/s]39703it [00:14, 2935.53it/s]40207it [00:14, 3355.14it/s]40587it [00:14, 2948.77it/s]41065it [00:14, 3331.67it/s]41443it [00:14, 3019.56it/s]41783it [00:14, 2762.57it/s]42245it [00:15, 3140.22it/s]42707it [00:15, 3472.98it/s]43129it [00:15, 3655.33it/s]43524it [00:15, 3493.80it/s]43896it [00:15, 2971.47it/s]44356it [00:15, 3323.94it/s]44723it [00:15, 2771.06it/s]45044it [00:15, 2846.14it/s]45357it [00:16, 2686.67it/s]45708it [00:16, 2888.86it/s]46017it [00:16, 2743.83it/s]46358it [00:16, 2913.82it/s]46828it [00:16, 3287.89it/s]47183it [00:16, 3020.35it/s]47508it [00:16, 3069.13it/s]48000it [00:16, 3458.02it/s]48431it [00:16, 3675.10it/s]48874it [00:17, 3872.92it/s]49281it [00:17, 3918.22it/s]49687it [00:17, 3448.10it/s]50052it [00:17, 3239.80it/s]50393it [00:17, 2418.49it/s]50767it [00:17, 2705.01it/s]51134it [00:17, 2935.22it/s]51540it [00:17, 3201.21it/s]51911it [00:18, 3336.71it/s]52278it [00:18, 3428.25it/s]52683it [00:18, 3592.68it/s]53057it [00:18, 2899.13it/s]53379it [00:18, 2578.56it/s]53811it [00:18, 2933.08it/s]54141it [00:18, 2653.30it/s]54438it [00:19, 2327.73it/s]54865it [00:19, 2694.78it/s]55176it [00:19, 2583.27it/s]55552it [00:19, 2850.31it/s]55867it [00:19, 2924.83it/s]56250it [00:19, 3146.54it/s]56678it [00:19, 3416.93it/s]57096it [00:19, 3613.40it/s]57501it [00:19, 3733.16it/s]57888it [00:19, 3529.73it/s]58253it [00:20, 3138.55it/s]58583it [00:20, 2701.35it/s]58988it [00:20, 3001.07it/s]59337it [00:20, 3094.40it/s]59678it [00:20, 3181.43it/s]60010it [00:20, 2642.21it/s]60300it [00:20, 2370.05it/s]60629it [00:21, 2561.72it/s]61089it [00:21, 2953.66it/s]61421it [00:21, 2850.79it/s]61781it [00:21, 3039.60it/s]61865it [00:21, 2891.02it/s]
  0% 0/61865 [00:00<?, ?it/s]  1% 879/61865 [00:00<00:09, 6520.98it/s]  2% 1230/61865 [00:01<01:27, 692.89it/s] 77% 47841/61865 [00:03<00:14, 976.66it/s]100% 61865/61865 [00:03<00:00, 16101.55it/s]
  0% 0/61865 [00:00<?, ?it/s]  0% 261/61865 [00:00<00:23, 2607.65it/s]  1% 568/61865 [00:00<00:22, 2730.98it/s]  1% 858/61865 [00:00<00:21, 2778.30it/s]  2% 1048/61865 [00:00<00:26, 2314.38it/s]  2% 1292/61865 [00:00<00:26, 2306.96it/s]  3% 1652/61865 [00:00<00:23, 2585.32it/s]  3% 1910/61865 [00:00<00:23, 2534.15it/s]  3% 2155/61865 [00:00<00:27, 2150.98it/s]  4% 2374/61865 [00:01<00:29, 2017.14it/s]  4% 2775/61865 [00:01<00:24, 2370.10it/s]  5% 3040/61865 [00:01<00:24, 2410.53it/s]  5% 3301/61865 [00:01<00:24, 2434.82it/s]  6% 3559/61865 [00:01<00:23, 2472.13it/s]  6% 3863/61865 [00:01<00:22, 2618.51it/s]  7% 4310/61865 [00:01<00:19, 2989.25it/s]  8% 4767/61865 [00:01<00:17, 3335.23it/s]  8% 5131/61865 [00:01<00:19, 2873.51it/s]  9% 5468/61865 [00:01<00:18, 3006.24it/s]  9% 5793/61865 [00:02<00:21, 2589.00it/s] 10% 6080/61865 [00:02<00:22, 2509.73it/s] 10% 6351/61865 [00:02<00:25, 2184.84it/s] 11% 6591/61865 [00:02<00:24, 2231.11it/s] 11% 6999/61865 [00:02<00:21, 2581.11it/s] 12% 7288/61865 [00:02<00:26, 2078.74it/s] 12% 7668/61865 [00:02<00:22, 2404.98it/s] 13% 7954/61865 [00:03<00:23, 2333.25it/s] 13% 8220/61865 [00:03<00:22, 2349.44it/s] 14% 8553/61865 [00:03<00:20, 2574.18it/s] 14% 8833/61865 [00:03<00:24, 2154.41it/s] 15% 9122/61865 [00:03<00:22, 2330.48it/s] 15% 9487/61865 [00:03<00:20, 2613.05it/s] 16% 9840/61865 [00:03<00:18, 2768.28it/s] 16% 10139/61865 [00:03<00:19, 2670.03it/s] 17% 10432/61865 [00:03<00:18, 2742.73it/s] 17% 10718/61865 [00:04<00:24, 2114.30it/s] 18% 11038/61865 [00:04<00:21, 2353.31it/s] 18% 11380/61865 [00:04<00:19, 2595.72it/s] 19% 11668/61865 [00:04<00:21, 2327.72it/s] 19% 11926/61865 [00:04<00:21, 2346.32it/s] 20% 12179/61865 [00:04<00:24, 2069.79it/s] 20% 12405/61865 [00:04<00:23, 2107.82it/s] 21% 12818/61865 [00:05<00:20, 2441.84it/s] 21% 13091/61865 [00:05<00:24, 1997.57it/s] 22% 13457/61865 [00:05<00:20, 2311.77it/s] 22% 13730/61865 [00:05<00:23, 2054.71it/s] 23% 13975/61865 [00:05<00:22, 2159.11it/s] 23% 14377/61865 [00:05<00:20, 2347.77it/s] 24% 14635/61865 [00:05<00:21, 2222.27it/s] 24% 15018/61865 [00:05<00:18, 2541.57it/s] 25% 15431/61865 [00:06<00:16, 2872.46it/s] 25% 15753/61865 [00:06<00:16, 2857.22it/s] 26% 16182/61865 [00:06<00:14, 3175.18it/s] 27% 16609/61865 [00:06<00:13, 3438.81it/s] 28% 17018/61865 [00:06<00:12, 3609.84it/s] 28% 17445/61865 [00:06<00:11, 3785.30it/s] 29% 17885/61865 [00:06<00:11, 3950.35it/s] 30% 18294/61865 [00:06<00:11, 3953.17it/s] 30% 18723/61865 [00:06<00:10, 4047.81it/s] 31% 19135/61865 [00:06<00:10, 4065.56it/s] 32% 19560/61865 [00:07<00:10, 4117.62it/s] 32% 19988/61865 [00:07<00:10, 4164.92it/s] 33% 20408/61865 [00:07<00:10, 4030.46it/s] 34% 20814/61865 [00:07<00:11, 3510.52it/s] 34% 21229/61865 [00:07<00:11, 3678.90it/s] 35% 21640/61865 [00:07<00:10, 3796.71it/s] 36% 22029/61865 [00:07<00:10, 3809.38it/s] 36% 22460/61865 [00:07<00:09, 3945.75it/s] 37% 22861/61865 [00:07<00:09, 3951.85it/s] 38% 23285/61865 [00:08<00:09, 4033.26it/s] 38% 23692/61865 [00:08<00:09, 3885.27it/s] 39% 24117/61865 [00:08<00:09, 3986.67it/s] 40% 24519/61865 [00:08<00:10, 3399.42it/s] 40% 24877/61865 [00:08<00:11, 3316.27it/s] 41% 25222/61865 [00:08<00:11, 3095.00it/s] 41% 25596/61865 [00:08<00:11, 3261.38it/s] 42% 25933/61865 [00:08<00:12, 2905.56it/s] 43% 26302/61865 [00:09<00:11, 3102.77it/s] 43% 26663/61865 [00:09<00:10, 3204.21it/s] 44% 26995/61865 [00:09<00:10, 3222.44it/s] 44% 27325/61865 [00:09<00:12, 2870.96it/s] 45% 27625/61865 [00:09<00:13, 2542.75it/s] 45% 27906/61865 [00:09<00:12, 2616.71it/s] 46% 28180/61865 [00:09<00:13, 2459.61it/s] 46% 28506/61865 [00:09<00:12, 2654.97it/s] 47% 28856/61865 [00:09<00:11, 2861.73it/s] 47% 29155/61865 [00:10<00:12, 2526.06it/s] 48% 29424/61865 [00:10<00:13, 2381.75it/s] 48% 29811/61865 [00:10<00:12, 2658.95it/s] 49% 30097/61865 [00:10<00:12, 2589.90it/s] 49% 30532/61865 [00:10<00:10, 2946.80it/s] 50% 30854/61865 [00:10<00:10, 2829.01it/s] 50% 31157/61865 [00:10<00:11, 2609.41it/s] 51% 31471/61865 [00:10<00:11, 2747.17it/s] 51% 31760/61865 [00:11<00:11, 2557.38it/s] 52% 32029/61865 [00:11<00:12, 2408.84it/s] 52% 32281/61865 [00:11<00:12, 2347.76it/s] 53% 32701/61865 [00:11<00:10, 2705.60it/s] 53% 32997/61865 [00:11<00:10, 2625.11it/s] 54% 33381/61865 [00:11<00:09, 2899.78it/s] 55% 33808/61865 [00:11<00:08, 3207.21it/s] 55% 34260/61865 [00:11<00:07, 3512.76it/s] 56% 34686/61865 [00:11<00:07, 3706.81it/s] 57% 35090/61865 [00:11<00:07, 3800.84it/s] 57% 35489/61865 [00:12<00:06, 3854.08it/s] 58% 35886/61865 [00:12<00:06, 3772.25it/s] 59% 36272/61865 [00:12<00:08, 3188.18it/s] 59% 36724/61865 [00:12<00:07, 3496.64it/s] 60% 37157/61865 [00:12<00:06, 3708.17it/s] 61% 37576/61865 [00:12<00:06, 3839.12it/s] 61% 37976/61865 [00:12<00:07, 3120.38it/s] 62% 38321/61865 [00:12<00:07, 3097.98it/s] 63% 38679/61865 [00:13<00:07, 2979.96it/s] 63% 38994/61865 [00:13<00:08, 2572.05it/s] 64% 39375/61865 [00:13<00:07, 2848.98it/s] 64% 39685/61865 [00:13<00:09, 2446.36it/s] 65% 39957/61865 [00:13<00:10, 2111.72it/s] 65% 40196/61865 [00:13<00:10, 1974.18it/s] 65% 40415/61865 [00:13<00:11, 1837.98it/s] 66% 40616/61865 [00:14<00:11, 1868.39it/s] 66% 40815/61865 [00:14<00:12, 1666.35it/s] 66% 40994/61865 [00:14<00:12, 1691.49it/s] 67% 41215/61865 [00:14<00:11, 1800.32it/s] 67% 41449/61865 [00:14<00:11, 1748.38it/s] 67% 41630/61865 [00:14<00:11, 1732.53it/s] 68% 42051/61865 [00:14<00:09, 2103.80it/s] 68% 42302/61865 [00:14<00:08, 2193.22it/s] 69% 42551/61865 [00:15<00:11, 1678.61it/s] 69% 42777/61865 [00:15<00:10, 1787.83it/s] 69% 42985/61865 [00:15<00:10, 1861.98it/s] 70% 43243/61865 [00:15<00:09, 2031.10it/s] 71% 43671/61865 [00:15<00:07, 2410.82it/s] 71% 43955/61865 [00:15<00:07, 2409.32it/s] 72% 44297/61865 [00:15<00:06, 2643.66it/s] 72% 44590/61865 [00:15<00:08, 2158.31it/s] 72% 44840/61865 [00:16<00:08, 2047.64it/s] 73% 45070/61865 [00:16<00:08, 2076.13it/s] 73% 45300/61865 [00:16<00:07, 2091.48it/s] 74% 45522/61865 [00:16<00:07, 2095.62it/s] 74% 45741/61865 [00:16<00:07, 2098.49it/s] 74% 45957/61865 [00:16<00:07, 2051.54it/s] 75% 46167/61865 [00:16<00:07, 2057.14it/s] 75% 46376/61865 [00:16<00:07, 2052.28it/s] 75% 46584/61865 [00:16<00:07, 1998.77it/s] 76% 46798/61865 [00:17<00:07, 2024.92it/s] 76% 47022/61865 [00:17<00:07, 2071.76it/s] 76% 47232/61865 [00:17<00:07, 2078.33it/s] 77% 47608/61865 [00:17<00:05, 2399.74it/s] 78% 48018/61865 [00:17<00:05, 2739.54it/s] 78% 48322/61865 [00:17<00:04, 2768.26it/s] 79% 48727/61865 [00:17<00:04, 3056.73it/s] 79% 49139/61865 [00:17<00:03, 3312.61it/s] 80% 49506/61865 [00:17<00:03, 3410.20it/s] 81% 49864/61865 [00:18<00:04, 2515.50it/s] 81% 50266/61865 [00:18<00:04, 2832.84it/s] 82% 50595/61865 [00:18<00:04, 2544.49it/s] 82% 50914/61865 [00:18<00:04, 2708.77it/s] 83% 51214/61865 [00:18<00:04, 2430.67it/s] 83% 51483/61865 [00:18<00:04, 2311.64it/s] 84% 51764/61865 [00:18<00:04, 2431.70it/s] 84% 52023/61865 [00:19<00:05, 1930.52it/s] 84% 52243/61865 [00:19<00:05, 1727.02it/s] 85% 52530/61865 [00:19<00:04, 1927.23it/s] 85% 52843/61865 [00:19<00:04, 2178.22it/s] 86% 53150/61865 [00:19<00:03, 2386.13it/s] 87% 53552/61865 [00:19<00:03, 2716.98it/s] 87% 53858/61865 [00:19<00:03, 2469.09it/s] 88% 54133/61865 [00:19<00:03, 2404.43it/s] 88% 54538/61865 [00:19<00:02, 2737.47it/s] 89% 54946/61865 [00:20<00:02, 3036.14it/s] 89% 55281/61865 [00:20<00:02, 3041.78it/s] 90% 55607/61865 [00:20<00:02, 2423.53it/s] 90% 55974/61865 [00:20<00:02, 2697.20it/s] 91% 56279/61865 [00:20<00:02, 2683.19it/s] 92% 56674/61865 [00:20<00:01, 2968.37it/s] 92% 57010/61865 [00:20<00:01, 3074.36it/s] 93% 57337/61865 [00:20<00:01, 3070.24it/s] 93% 57658/61865 [00:20<00:01, 2917.74it/s] 94% 57961/61865 [00:21<00:01, 2865.28it/s] 94% 58256/61865 [00:21<00:01, 2826.84it/s] 95% 58552/61865 [00:21<00:01, 2863.46it/s] 95% 58953/61865 [00:21<00:00, 3131.31it/s] 96% 59403/61865 [00:21<00:00, 3445.17it/s] 97% 59825/61865 [00:21<00:00, 3644.40it/s] 97% 60205/61865 [00:21<00:00, 3139.97it/s] 98% 60621/61865 [00:21<00:00, 3388.75it/s] 99% 60982/61865 [00:22<00:00, 2824.09it/s] 99% 61296/61865 [00:22<00:00, 2843.66it/s]100% 61612/61865 [00:22<00:00, 2931.21it/s]100% 61865/61865 [00:22<00:00, 2772.11it/s]
Number of tasks = 645
Class sizes
CHEMBL1033994 0: 41.98%, 1: 58.02%
CHEMBL1119333 0: 9.59%, 1: 90.41%
CHEMBL1217000 0: 52.41%, 1: 47.59%
CHEMBL1243965 0: 17.11%, 1: 82.89%
CHEMBL1243966 0: 41.96%, 1: 58.04%
CHEMBL1243967 0: 10.17%, 1: 89.83%
CHEMBL1243968 0: 15.06%, 1: 84.94%
CHEMBL1243970 0: 6.91%, 1: 93.09%
CHEMBL1243972 0: 9.92%, 1: 90.08%
CHEMBL1243976 0: 28.99%, 1: 71.01%
CHEMBL1246087 0: 33.88%, 1: 66.12%
CHEMBL1246088 0: 48.37%, 1: 51.63%
CHEMBL1613762 0: 2.45%, 1: 97.55%
CHEMBL1613779 0: 58.47%, 1: 41.53%
CHEMBL1613785 0: 43.22%, 1: 56.78%
CHEMBL1613787 0: 69.08%, 1: 30.92%
CHEMBL1613807 0: 95.99%, 1: 4.01%
CHEMBL1613813 0: 44.20%, 1: 55.80%
CHEMBL1613814 0: 53.85%, 1: 46.15%
CHEMBL1613817 0: 84.86%, 1: 15.14%
CHEMBL1613853 0: 41.86%, 1: 58.14%
CHEMBL1613861 0: 14.47%, 1: 85.53%
CHEMBL1613864 0: 5.19%, 1: 94.81%
CHEMBL1613867 0: 97.13%, 1: 2.87%
CHEMBL1613870 0: 15.80%, 1: 84.20%
CHEMBL1613871 0: 6.15%, 1: 93.85%
CHEMBL1613874 0: 65.78%, 1: 34.22%
CHEMBL1613876 0: 54.35%, 1: 45.65%
CHEMBL1613884 0: 21.51%, 1: 78.49%
CHEMBL1613890 0: 34.85%, 1: 65.15%
CHEMBL1613897 0: 46.64%, 1: 53.36%
CHEMBL1613898 0: 75.45%, 1: 24.55%
CHEMBL1613904 0: 50.77%, 1: 49.23%
CHEMBL1613907 0: 5.34%, 1: 94.66%
CHEMBL1613926 0: 30.15%, 1: 69.85%
CHEMBL1613928 0: 45.90%, 1: 54.10%
CHEMBL1613929 0: 81.25%, 1: 18.75%
CHEMBL1613941 0: 32.58%, 1: 67.42%
CHEMBL1613942 0: 41.43%, 1: 58.57%
CHEMBL1613947 0: 46.01%, 1: 53.99%
CHEMBL1613949 0: 60.13%, 1: 39.87%
CHEMBL1613950 0: 43.05%, 1: 56.95%
CHEMBL1613955 0: 54.04%, 1: 45.96%
CHEMBL1613962 0: 24.26%, 1: 75.74%
CHEMBL1613967 0: 44.59%, 1: 55.41%
CHEMBL1613981 0: 58.85%, 1: 41.15%
CHEMBL1613991 0: 14.98%, 1: 85.02%
CHEMBL1613997 0: 7.73%, 1: 92.27%
CHEMBL1614001 0: 98.28%, 1: 1.72%
CHEMBL1614004 0: 14.66%, 1: 85.34%
CHEMBL1614016 0: 12.22%, 1: 87.78%
CHEMBL1614030 0: 19.96%, 1: 80.04%
CHEMBL1614034 0: 2.63%, 1: 97.37%
CHEMBL1614035 0: 77.14%, 1: 22.86%
CHEMBL1614049 0: 39.63%, 1: 60.37%
CHEMBL1614053 0: 42.48%, 1: 57.52%
CHEMBL1614063 0: 95.18%, 1: 4.82%
CHEMBL1614065 0: 9.71%, 1: 90.29%
CHEMBL1614066 0: 94.74%, 1: 5.26%
CHEMBL1614069 0: 56.82%, 1: 43.18%
CHEMBL1614072 0: 50.36%, 1: 49.64%
CHEMBL1614084 0: 13.26%, 1: 86.74%
CHEMBL1614091 0: 4.43%, 1: 95.57%
CHEMBL1614092 0: 47.50%, 1: 52.50%
CHEMBL1614097 0: 46.99%, 1: 53.01%
CHEMBL1614098 0: 97.25%, 1: 2.75%
CHEMBL1614104 0: 7.74%, 1: 92.26%
CHEMBL1614105 0: 6.12%, 1: 93.88%
CHEMBL1614109 0: 59.87%, 1: 40.13%
CHEMBL1614128 0: 10.35%, 1: 89.65%
CHEMBL1614131 0: 97.14%, 1: 2.86%
CHEMBL1614132 0: 42.07%, 1: 57.93%
CHEMBL1614138 0: 67.83%, 1: 32.17%
CHEMBL1614155 0: 25.40%, 1: 74.60%
CHEMBL1614158 0: 74.52%, 1: 25.48%
CHEMBL1614167 0: 16.17%, 1: 83.83%
CHEMBL1614170 0: 68.86%, 1: 31.14%
CHEMBL1614171 0: 93.77%, 1: 6.23%
CHEMBL1614175 0: 80.66%, 1: 19.34%
CHEMBL1614185 0: 26.17%, 1: 73.83%
CHEMBL1614197 0: 5.26%, 1: 94.74%
CHEMBL1614199 0: 49.66%, 1: 50.34%
CHEMBL1614202 0: 7.32%, 1: 92.68%
CHEMBL1614215 0: 52.76%, 1: 47.24%
CHEMBL1614216 0: 48.52%, 1: 51.48%
CHEMBL1614218 0: 22.36%, 1: 77.64%
CHEMBL1614225 0: 62.50%, 1: 37.50%
CHEMBL1614244 0: 38.85%, 1: 61.15%
CHEMBL1614247 0: 44.34%, 1: 55.66%
CHEMBL1614252 0: 60.11%, 1: 39.89%
CHEMBL1614255 0: 61.26%, 1: 38.74%
CHEMBL1614259 0: 32.82%, 1: 67.18%
CHEMBL1614272 0: 67.71%, 1: 32.29%
CHEMBL1614276 0: 51.74%, 1: 48.26%
CHEMBL1614287 0: 85.53%, 1: 14.47%
CHEMBL1614288 0: 72.51%, 1: 27.49%
CHEMBL1614290 0: 4.51%, 1: 95.49%
CHEMBL1614295 0: 2.29%, 1: 97.71%
CHEMBL1614301 0: 19.74%, 1: 80.26%
CHEMBL1614304 0: 63.76%, 1: 36.24%
CHEMBL1614309 0: 27.66%, 1: 72.34%
CHEMBL1614311 0: 53.76%, 1: 46.24%
CHEMBL1614314 0: 94.70%, 1: 5.30%
CHEMBL1614319 0: 72.16%, 1: 27.84%
CHEMBL1614320 0: 29.79%, 1: 70.21%
CHEMBL1614321 0: 60.16%, 1: 39.84%
CHEMBL1614328 0: 46.64%, 1: 53.36%
CHEMBL1614329 0: 40.69%, 1: 59.31%
CHEMBL1614336 0: 47.01%, 1: 52.99%
CHEMBL1614344 0: 67.72%, 1: 32.28%
CHEMBL1614356 0: 43.90%, 1: 56.10%
CHEMBL1614359 0: 50.26%, 1: 49.74%
CHEMBL1614363 0: 53.19%, 1: 46.81%
CHEMBL1614385 0: 93.27%, 1: 6.73%
CHEMBL1614388 0: 56.19%, 1: 43.81%
CHEMBL1614393 0: 45.00%, 1: 55.00%
CHEMBL1614395 0: 11.32%, 1: 88.68%
CHEMBL1614403 0: 88.15%, 1: 11.85%
CHEMBL1614423 0: 57.84%, 1: 42.16%
CHEMBL1614425 0: 38.24%, 1: 61.76%
CHEMBL1614433 0: 60.77%, 1: 39.23%
CHEMBL1614434 0: 80.25%, 1: 19.75%
CHEMBL1614456 0: 3.36%, 1: 96.64%
CHEMBL1614466 0: 10.32%, 1: 89.68%
CHEMBL1614469 0: 24.90%, 1: 75.10%
CHEMBL1614477 0: 43.75%, 1: 56.25%
CHEMBL1614478 0: 12.50%, 1: 87.50%
CHEMBL1614480 0: 85.71%, 1: 14.29%
CHEMBL1614484 0: 9.01%, 1: 90.99%
CHEMBL1614492 0: 40.54%, 1: 59.46%
CHEMBL1614499 0: 44.47%, 1: 55.53%
CHEMBL1614503 0: 40.30%, 1: 59.70%
CHEMBL1614504 0: 17.80%, 1: 82.20%
CHEMBL1614509 0: 79.43%, 1: 20.57%
CHEMBL1614512 0: 62.79%, 1: 37.21%
CHEMBL1614514 0: 83.07%, 1: 16.93%
CHEMBL1614515 0: 19.61%, 1: 80.39%
CHEMBL1614516 0: 96.81%, 1: 3.19%
CHEMBL1614522 0: 28.55%, 1: 71.45%
CHEMBL1614524 0: 12.98%, 1: 87.02%
CHEMBL1614528 0: 40.91%, 1: 59.09%
CHEMBL1614547 0: 72.51%, 1: 27.49%
CHEMBL1614548 0: 17.95%, 1: 82.05%
CHEMBL1614549 0: 84.25%, 1: 15.75%
CHEMBL1614550 0: 9.30%, 1: 90.70%
CHEMBL1614554 0: 71.64%, 1: 28.36%
CHEMBL1676103 0: 39.85%, 1: 60.15%
CHEMBL1737860 0: 3.60%, 1: 96.40%
CHEMBL1737863 0: 36.27%, 1: 63.73%
CHEMBL1737865 0: 61.01%, 1: 38.99%
CHEMBL1737868 0: 79.41%, 1: 20.59%
CHEMBL1737910 0: 45.71%, 1: 54.29%
CHEMBL1737912 0: 26.51%, 1: 73.49%
CHEMBL1737942 0: 44.52%, 1: 55.48%
CHEMBL1737951 0: 51.83%, 1: 48.17%
CHEMBL1737961 0: 93.34%, 1: 6.66%
CHEMBL1737966 0: 21.36%, 1: 78.64%
CHEMBL1737967 0: 89.17%, 1: 10.83%
CHEMBL1737977 0: 13.87%, 1: 86.13%
CHEMBL1737978 0: 18.18%, 1: 81.82%
CHEMBL1737979 0: 8.94%, 1: 91.06%
CHEMBL1738019 0: 24.85%, 1: 75.15%
CHEMBL1738021 0: 10.87%, 1: 89.13%
CHEMBL1738025 0: 33.80%, 1: 66.20%
CHEMBL1738040 0: 73.48%, 1: 26.52%
CHEMBL1738043 0: 46.43%, 1: 53.57%
CHEMBL1738079 0: 3.88%, 1: 96.12%
CHEMBL1738080 0: 76.43%, 1: 23.57%
CHEMBL1738091 0: 89.77%, 1: 10.23%
CHEMBL1738097 0: 72.41%, 1: 27.59%
CHEMBL1738131 0: 68.59%, 1: 31.41%
CHEMBL1738164 0: 79.79%, 1: 20.21%
CHEMBL1738171 0: 85.45%, 1: 14.55%
CHEMBL1738183 0: 59.62%, 1: 40.38%
CHEMBL1738197 0: 36.90%, 1: 63.10%
CHEMBL1738202 0: 3.47%, 1: 96.53%
CHEMBL1738242 0: 16.55%, 1: 83.45%
CHEMBL1738249 0: 86.53%, 1: 13.47%
CHEMBL1738253 0: 7.33%, 1: 92.67%
CHEMBL1738319 0: 59.17%, 1: 40.83%
CHEMBL1738325 0: 96.86%, 1: 3.14%
CHEMBL1738362 0: 21.43%, 1: 78.57%
CHEMBL1738369 0: 56.34%, 1: 43.66%
CHEMBL1738371 0: 81.97%, 1: 18.03%
CHEMBL1738391 0: 68.38%, 1: 31.62%
CHEMBL1738400 0: 77.86%, 1: 22.14%
CHEMBL1738402 0: 54.19%, 1: 45.81%
CHEMBL1738407 0: 85.58%, 1: 14.42%
CHEMBL1738408 0: 2.18%, 1: 97.82%
CHEMBL1738414 0: 5.11%, 1: 94.89%
CHEMBL1738418 0: 68.85%, 1: 31.15%
CHEMBL1738422 0: 4.29%, 1: 95.71%
CHEMBL1738424 0: 77.50%, 1: 22.50%
CHEMBL1738430 0: 25.54%, 1: 74.46%
CHEMBL1738438 0: 2.76%, 1: 97.24%
CHEMBL1738482 0: 7.69%, 1: 92.31%
CHEMBL1738485 0: 17.65%, 1: 82.35%
CHEMBL1738494 0: 97.26%, 1: 2.74%
CHEMBL1738495 0: 1.70%, 1: 98.30%
CHEMBL1738497 0: 64.50%, 1: 35.50%
CHEMBL1738502 0: 15.20%, 1: 84.80%
CHEMBL1738510 0: 54.41%, 1: 45.59%
CHEMBL1738512 0: 3.05%, 1: 96.95%
CHEMBL1738513 0: 28.64%, 1: 71.36%
CHEMBL1738552 0: 64.70%, 1: 35.30%
CHEMBL1738575 0: 65.65%, 1: 34.35%
CHEMBL1738578 0: 23.30%, 1: 76.70%
CHEMBL1738579 0: 22.79%, 1: 77.21%
CHEMBL1738593 0: 17.65%, 1: 82.35%
CHEMBL1738599 0: 16.07%, 1: 83.93%
CHEMBL1738602 0: 42.70%, 1: 57.30%
CHEMBL1738610 0: 42.07%, 1: 57.93%
CHEMBL1738611 0: 2.23%, 1: 97.77%
CHEMBL1738632 0: 86.32%, 1: 13.68%
CHEMBL1738633 0: 4.05%, 1: 95.95%
CHEMBL1738639 0: 64.47%, 1: 35.53%
CHEMBL1738642 0: 34.82%, 1: 65.18%
CHEMBL1738670 0: 9.18%, 1: 90.82%
CHEMBL1738673 0: 12.98%, 1: 87.02%
CHEMBL1738679 0: 63.95%, 1: 36.05%
CHEMBL1738682 0: 62.45%, 1: 37.55%
CHEMBL1794296 0: 44.02%, 1: 55.98%
CHEMBL1794303 0: 2.71%, 1: 97.29%
CHEMBL1794320 0: 96.68%, 1: 3.32%
CHEMBL1794327 0: 91.59%, 1: 8.41%
CHEMBL1794336 0: 53.07%, 1: 46.93%
CHEMBL1794350 0: 3.44%, 1: 96.56%
CHEMBL1794355 0: 5.26%, 1: 94.74%
CHEMBL1794356 0: 13.92%, 1: 86.08%
CHEMBL1794358 0: 94.14%, 1: 5.86%
CHEMBL1794365 0: 7.12%, 1: 92.88%
CHEMBL1794383 0: 6.90%, 1: 93.10%
CHEMBL1794387 0: 65.04%, 1: 34.96%
CHEMBL1794393 0: 67.55%, 1: 32.45%
CHEMBL1794396 0: 3.96%, 1: 96.04%
CHEMBL1794410 0: 23.98%, 1: 76.02%
CHEMBL1794413 0: 6.02%, 1: 93.98%
CHEMBL1794438 0: 40.17%, 1: 59.83%
CHEMBL1794445 0: 87.84%, 1: 12.16%
CHEMBL1794452 0: 94.30%, 1: 5.70%
CHEMBL1794457 0: 92.98%, 1: 7.02%
CHEMBL1794460 0: 28.63%, 1: 71.37%
CHEMBL1794467 0: 18.39%, 1: 81.61%
CHEMBL1794475 0: 56.02%, 1: 43.98%
CHEMBL1794484 0: 44.93%, 1: 55.07%
CHEMBL1794494 0: 5.33%, 1: 94.67%
CHEMBL1794497 0: 8.47%, 1: 91.53%
CHEMBL1794499 0: 73.90%, 1: 26.10%
CHEMBL1794508 0: 94.63%, 1: 5.37%
CHEMBL1794516 0: 3.21%, 1: 96.79%
CHEMBL1794522 0: 58.65%, 1: 41.35%
CHEMBL1794528 0: 79.86%, 1: 20.14%
CHEMBL1794531 0: 92.03%, 1: 7.97%
CHEMBL1794548 0: 88.74%, 1: 11.26%
CHEMBL1794566 0: 6.05%, 1: 93.95%
CHEMBL1794567 0: 9.61%, 1: 90.39%
CHEMBL1794570 0: 92.79%, 1: 7.21%
CHEMBL1794571 0: 53.55%, 1: 46.45%
CHEMBL1794573 0: 10.54%, 1: 89.46%
CHEMBL1794574 0: 1.09%, 1: 98.91%
CHEMBL1794578 0: 46.99%, 1: 53.01%
CHEMBL1794581 0: 19.65%, 1: 80.35%
CHEMBL1863510 0: 2.14%, 1: 97.86%
CHEMBL1863512 0: 2.79%, 1: 97.21%
CHEMBL1909084 0: 99.28%, 1: 0.72%
CHEMBL1909085 0: 92.10%, 1: 7.90%
CHEMBL1909086 0: 91.52%, 1: 8.48%
CHEMBL1909087 0: 91.86%, 1: 8.14%
CHEMBL1909088 0: 87.97%, 1: 12.03%
CHEMBL1909089 0: 88.69%, 1: 11.31%
CHEMBL1909090 0: 90.81%, 1: 9.19%
CHEMBL1909091 0: 97.24%, 1: 2.76%
CHEMBL1909092 0: 97.14%, 1: 2.86%
CHEMBL1909093 0: 98.42%, 1: 1.58%
CHEMBL1909094 0: 90.85%, 1: 9.15%
CHEMBL1909095 0: 98.56%, 1: 1.44%
CHEMBL1909097 0: 99.28%, 1: 0.72%
CHEMBL1909102 0: 92.94%, 1: 7.06%
CHEMBL1909103 0: 97.23%, 1: 2.77%
CHEMBL1909104 0: 87.06%, 1: 12.94%
CHEMBL1909105 0: 88.70%, 1: 11.30%
CHEMBL1909106 0: 98.57%, 1: 1.43%
CHEMBL1909107 0: 97.86%, 1: 2.14%
CHEMBL1909108 0: 93.04%, 1: 6.96%
CHEMBL1909109 0: 90.35%, 1: 9.65%
CHEMBL1909110 0: 92.47%, 1: 7.53%
CHEMBL1909111 0: 94.03%, 1: 5.97%
CHEMBL1909112 0: 90.91%, 1: 9.09%
CHEMBL1909114 0: 96.50%, 1: 3.50%
CHEMBL1909115 0: 96.00%, 1: 4.00%
CHEMBL1909116 0: 96.98%, 1: 3.02%
CHEMBL1909121 0: 92.80%, 1: 7.20%
CHEMBL1909123 0: 99.16%, 1: 0.84%
CHEMBL1909124 0: 99.40%, 1: 0.60%
CHEMBL1909130 0: 95.56%, 1: 4.44%
CHEMBL1909131 0: 97.01%, 1: 2.99%
CHEMBL1909132 0: 96.15%, 1: 3.85%
CHEMBL1909134 0: 95.19%, 1: 4.81%
CHEMBL1909135 0: 95.76%, 1: 4.24%
CHEMBL1909136 0: 93.20%, 1: 6.80%
CHEMBL1909138 0: 96.16%, 1: 3.84%
CHEMBL1909139 0: 93.84%, 1: 6.16%
CHEMBL1909140 0: 93.87%, 1: 6.13%
CHEMBL1909141 0: 89.73%, 1: 10.27%
CHEMBL1909142 0: 99.04%, 1: 0.96%
CHEMBL1909143 0: 93.01%, 1: 6.99%
CHEMBL1909145 0: 97.97%, 1: 2.03%
CHEMBL1909148 0: 98.57%, 1: 1.43%
CHEMBL1909150 0: 95.10%, 1: 4.90%
CHEMBL1909156 0: 94.28%, 1: 5.72%
CHEMBL1909157 0: 96.38%, 1: 3.62%
CHEMBL1909158 0: 99.05%, 1: 0.95%
CHEMBL1909159 0: 93.18%, 1: 6.82%
CHEMBL1909165 0: 97.79%, 1: 2.21%
CHEMBL1909169 0: 98.32%, 1: 1.68%
CHEMBL1909170 0: 92.35%, 1: 7.65%
CHEMBL1909171 0: 93.29%, 1: 6.71%
CHEMBL1909172 0: 92.82%, 1: 7.18%
CHEMBL1909173 0: 92.38%, 1: 7.62%
CHEMBL1909174 0: 92.71%, 1: 7.29%
CHEMBL1909180 0: 98.20%, 1: 1.80%
CHEMBL1909181 0: 97.71%, 1: 2.29%
CHEMBL1909182 0: 96.99%, 1: 3.01%
CHEMBL1909184 0: 98.93%, 1: 1.07%
CHEMBL1909186 0: 99.52%, 1: 0.48%
CHEMBL1909190 0: 98.66%, 1: 1.34%
CHEMBL1909191 0: 94.99%, 1: 5.01%
CHEMBL1909192 0: 99.52%, 1: 0.48%
CHEMBL1909200 0: 97.97%, 1: 2.03%
CHEMBL1909201 0: 97.72%, 1: 2.28%
CHEMBL1909203 0: 98.05%, 1: 1.95%
CHEMBL1909204 0: 97.17%, 1: 2.83%
CHEMBL1909205 0: 98.67%, 1: 1.33%
CHEMBL1909206 0: 99.16%, 1: 0.84%
CHEMBL1909209 0: 92.34%, 1: 7.66%
CHEMBL1909210 0: 96.05%, 1: 3.95%
CHEMBL1909211 0: 88.80%, 1: 11.20%
CHEMBL1909212 0: 98.30%, 1: 1.70%
CHEMBL1909213 0: 99.28%, 1: 0.72%
CHEMBL1909214 0: 98.79%, 1: 1.21%
CHEMBL1909215 0: 95.61%, 1: 4.39%
CHEMBL1963686 0: 61.95%, 1: 38.05%
CHEMBL1963687 0: 64.42%, 1: 35.58%
CHEMBL1963688 0: 62.52%, 1: 37.48%
CHEMBL1963689 0: 89.69%, 1: 10.31%
CHEMBL1963690 0: 57.36%, 1: 42.64%
CHEMBL1963691 0: 49.33%, 1: 50.67%
CHEMBL1963692 0: 53.73%, 1: 46.27%
CHEMBL1963693 0: 71.00%, 1: 29.00%
CHEMBL1963694 0: 91.05%, 1: 8.95%
CHEMBL1963695 0: 74.90%, 1: 25.10%
CHEMBL1963696 0: 77.85%, 1: 22.15%
CHEMBL1963697 0: 74.06%, 1: 25.94%
CHEMBL1963698 0: 74.60%, 1: 25.40%
CHEMBL1963699 0: 83.18%, 1: 16.82%
CHEMBL1963701 0: 67.32%, 1: 32.68%
CHEMBL1963702 0: 83.82%, 1: 16.18%
CHEMBL1963703 0: 68.65%, 1: 31.35%
CHEMBL1963704 0: 65.28%, 1: 34.72%
CHEMBL1963705 0: 55.92%, 1: 44.08%
CHEMBL1963706 0: 53.38%, 1: 46.62%
CHEMBL1963707 0: 53.25%, 1: 46.75%
CHEMBL1963708 0: 48.77%, 1: 51.23%
CHEMBL1963710 0: 63.21%, 1: 36.79%
CHEMBL1963711 0: 94.72%, 1: 5.28%
CHEMBL1963712 0: 75.76%, 1: 24.24%
CHEMBL1963714 0: 74.21%, 1: 25.79%
CHEMBL1963715 0: 50.28%, 1: 49.72%
CHEMBL1963716 0: 91.91%, 1: 8.09%
CHEMBL1963717 0: 55.50%, 1: 44.50%
CHEMBL1963718 0: 65.45%, 1: 34.55%
CHEMBL1963719 0: 63.39%, 1: 36.61%
CHEMBL1963720 0: 69.73%, 1: 30.27%
CHEMBL1963721 0: 56.94%, 1: 43.06%
CHEMBL1963722 0: 49.40%, 1: 50.60%
CHEMBL1963723 0: 53.82%, 1: 46.18%
CHEMBL1963724 0: 67.32%, 1: 32.68%
CHEMBL1963725 0: 69.97%, 1: 30.03%
CHEMBL1963727 0: 56.59%, 1: 43.41%
CHEMBL1963728 0: 92.02%, 1: 7.98%
CHEMBL1963729 0: 84.64%, 1: 15.36%
CHEMBL1963731 0: 61.35%, 1: 38.65%
CHEMBL1963733 0: 79.77%, 1: 20.23%
CHEMBL1963734 0: 79.51%, 1: 20.49%
CHEMBL1963735 0: 71.66%, 1: 28.34%
CHEMBL1963736 0: 78.32%, 1: 21.68%
CHEMBL1963737 0: 86.79%, 1: 13.21%
CHEMBL1963738 0: 61.18%, 1: 38.82%
CHEMBL1963739 0: 84.32%, 1: 15.68%
CHEMBL1963740 0: 64.30%, 1: 35.70%
CHEMBL1963741 0: 67.03%, 1: 32.97%
CHEMBL1963742 0: 73.47%, 1: 26.53%
CHEMBL1963743 0: 66.24%, 1: 33.76%
CHEMBL1963744 0: 71.97%, 1: 28.03%
CHEMBL1963745 0: 67.16%, 1: 32.84%
CHEMBL1963746 0: 66.34%, 1: 33.66%
CHEMBL1963747 0: 81.33%, 1: 18.67%
CHEMBL1963748 0: 58.75%, 1: 41.25%
CHEMBL1963749 0: 55.02%, 1: 44.98%
CHEMBL1963750 0: 58.61%, 1: 41.39%
CHEMBL1963751 0: 70.90%, 1: 29.10%
CHEMBL1963752 0: 64.78%, 1: 35.22%
CHEMBL1963753 0: 88.02%, 1: 11.98%
CHEMBL1963754 0: 59.12%, 1: 40.88%
CHEMBL1963756 0: 61.66%, 1: 38.34%
CHEMBL1963757 0: 73.28%, 1: 26.72%
CHEMBL1963758 0: 82.56%, 1: 17.44%
CHEMBL1963759 0: 81.38%, 1: 18.62%
CHEMBL1963760 0: 86.36%, 1: 13.64%
CHEMBL1963761 0: 83.63%, 1: 16.37%
CHEMBL1963763 0: 72.14%, 1: 27.86%
CHEMBL1963764 0: 62.50%, 1: 37.50%
CHEMBL1963765 0: 86.41%, 1: 13.59%
CHEMBL1963766 0: 81.38%, 1: 18.62%
CHEMBL1963767 0: 77.76%, 1: 22.24%
CHEMBL1963768 0: 77.63%, 1: 22.37%
CHEMBL1963770 0: 89.44%, 1: 10.56%
CHEMBL1963771 0: 53.53%, 1: 46.47%
CHEMBL1963772 0: 48.99%, 1: 51.01%
CHEMBL1963773 0: 59.00%, 1: 41.00%
CHEMBL1963775 0: 76.92%, 1: 23.08%
CHEMBL1963776 0: 87.71%, 1: 12.29%
CHEMBL1963777 0: 63.92%, 1: 36.08%
CHEMBL1963778 0: 51.70%, 1: 48.30%
CHEMBL1963779 0: 54.69%, 1: 45.31%
CHEMBL1963780 0: 89.06%, 1: 10.94%
CHEMBL1963781 0: 94.31%, 1: 5.69%
CHEMBL1963782 0: 75.86%, 1: 24.14%
CHEMBL1963783 0: 57.36%, 1: 42.64%
CHEMBL1963785 0: 70.10%, 1: 29.90%
CHEMBL1963786 0: 50.08%, 1: 49.92%
CHEMBL1963787 0: 66.39%, 1: 33.61%
CHEMBL1963789 0: 67.34%, 1: 32.66%
CHEMBL1963790 0: 57.93%, 1: 42.07%
CHEMBL1963791 0: 82.08%, 1: 17.92%
CHEMBL1963792 0: 85.73%, 1: 14.27%
CHEMBL1963793 0: 65.48%, 1: 34.52%
CHEMBL1963794 0: 77.53%, 1: 22.47%
CHEMBL1963795 0: 46.98%, 1: 53.02%
CHEMBL1963796 0: 69.76%, 1: 30.24%
CHEMBL1963797 0: 83.64%, 1: 16.36%
CHEMBL1963798 0: 89.45%, 1: 10.55%
CHEMBL1963799 0: 43.54%, 1: 56.46%
CHEMBL1963800 0: 64.88%, 1: 35.12%
CHEMBL1963801 0: 75.90%, 1: 24.10%
CHEMBL1963802 0: 61.41%, 1: 38.59%
CHEMBL1963803 0: 87.44%, 1: 12.56%
CHEMBL1963804 0: 65.90%, 1: 34.10%
CHEMBL1963805 0: 53.77%, 1: 46.23%
CHEMBL1963806 0: 41.19%, 1: 58.81%
CHEMBL1963807 0: 36.83%, 1: 63.17%
CHEMBL1963808 0: 68.82%, 1: 31.18%
CHEMBL1963809 0: 79.97%, 1: 20.03%
CHEMBL1963810 0: 43.69%, 1: 56.31%
CHEMBL1963811 0: 73.98%, 1: 26.02%
CHEMBL1963812 0: 53.08%, 1: 46.92%
CHEMBL1963813 0: 79.19%, 1: 20.81%
CHEMBL1963814 0: 51.10%, 1: 48.90%
CHEMBL1963815 0: 71.80%, 1: 28.20%
CHEMBL1963816 0: 89.64%, 1: 10.36%
CHEMBL1963817 0: 71.90%, 1: 28.10%
CHEMBL1963818 0: 55.13%, 1: 44.87%
CHEMBL1963819 0: 62.64%, 1: 37.36%
CHEMBL1963820 0: 84.46%, 1: 15.54%
CHEMBL1963821 0: 79.31%, 1: 20.69%
CHEMBL1963822 0: 90.91%, 1: 9.09%
CHEMBL1963823 0: 76.61%, 1: 23.39%
CHEMBL1963824 0: 39.57%, 1: 60.43%
CHEMBL1963825 0: 51.12%, 1: 48.88%
CHEMBL1963826 0: 59.25%, 1: 40.75%
CHEMBL1963827 0: 50.74%, 1: 49.26%
CHEMBL1963828 0: 80.86%, 1: 19.14%
CHEMBL1963829 0: 86.41%, 1: 13.59%
CHEMBL1963831 0: 52.56%, 1: 47.44%
CHEMBL1963832 0: 72.98%, 1: 27.02%
CHEMBL1963833 0: 87.13%, 1: 12.87%
CHEMBL1963834 0: 59.69%, 1: 40.31%
CHEMBL1963836 0: 85.18%, 1: 14.82%
CHEMBL1963837 0: 26.01%, 1: 73.99%
CHEMBL1963838 0: 75.83%, 1: 24.17%
CHEMBL1963846 0: 85.07%, 1: 14.93%
CHEMBL1963867 0: 73.13%, 1: 26.87%
CHEMBL1963893 0: 85.61%, 1: 14.39%
CHEMBL1963898 0: 75.62%, 1: 24.38%
CHEMBL1963907 0: 64.35%, 1: 35.65%
CHEMBL1963910 0: 10.50%, 1: 89.50%
CHEMBL1963915 0: 15.00%, 1: 85.00%
CHEMBL1963916 0: 40.48%, 1: 59.52%
CHEMBL1963918 0: 73.35%, 1: 26.65%
CHEMBL1963930 0: 3.64%, 1: 96.36%
CHEMBL1963933 0: 93.91%, 1: 6.09%
CHEMBL1963934 0: 3.64%, 1: 96.36%
CHEMBL1963937 0: 39.27%, 1: 60.73%
CHEMBL1963938 0: 65.85%, 1: 34.15%
CHEMBL1963940 0: 33.79%, 1: 66.21%
CHEMBL1963947 0: 6.25%, 1: 93.75%
CHEMBL1963966 0: 3.29%, 1: 96.71%
CHEMBL1963968 0: 51.52%, 1: 48.48%
CHEMBL1963969 0: 25.83%, 1: 74.17%
CHEMBL1963971 0: 10.20%, 1: 89.80%
CHEMBL1963974 0: 88.26%, 1: 11.74%
CHEMBL1963983 0: 76.39%, 1: 23.61%
CHEMBL1964000 0: 76.77%, 1: 23.23%
CHEMBL1964005 0: 6.67%, 1: 93.33%
CHEMBL1964010 0: 76.06%, 1: 23.94%
CHEMBL1964015 0: 73.77%, 1: 26.23%
CHEMBL1964022 0: 76.61%, 1: 23.39%
CHEMBL1964023 0: 73.75%, 1: 26.25%
CHEMBL1964081 0: 47.98%, 1: 52.02%
CHEMBL1964095 0: 65.41%, 1: 34.59%
CHEMBL1964096 0: 11.36%, 1: 88.64%
CHEMBL1964100 0: 79.62%, 1: 20.38%
CHEMBL1964101 0: 34.62%, 1: 65.38%
CHEMBL1964102 0: 71.54%, 1: 28.46%
CHEMBL1964103 0: 51.58%, 1: 48.42%
CHEMBL1964104 0: 63.88%, 1: 36.12%
CHEMBL1964105 0: 64.53%, 1: 35.47%
CHEMBL1964106 0: 57.96%, 1: 42.04%
CHEMBL1964108 0: 69.62%, 1: 30.38%
CHEMBL1964111 0: 73.41%, 1: 26.59%
CHEMBL1964112 0: 87.59%, 1: 12.41%
CHEMBL1964114 0: 61.11%, 1: 38.89%
CHEMBL1964115 0: 43.36%, 1: 56.64%
CHEMBL1964116 0: 70.55%, 1: 29.45%
CHEMBL1964117 0: 63.66%, 1: 36.34%
CHEMBL1964118 0: 60.33%, 1: 39.67%
CHEMBL1964119 0: 57.23%, 1: 42.77%
CHEMBL2028073 0: 76.99%, 1: 23.01%
CHEMBL2028074 0: 74.88%, 1: 25.12%
CHEMBL2028075 0: 56.46%, 1: 43.54%
CHEMBL2028076 0: 85.04%, 1: 14.96%
CHEMBL2028077 0: 96.19%, 1: 3.81%
CHEMBL2095143 0: 93.77%, 1: 6.23%
CHEMBL2098499 0: 74.45%, 1: 25.55%
CHEMBL2114715 0: 60.31%, 1: 39.69%
CHEMBL2114716 0: 12.27%, 1: 87.73%
CHEMBL2114719 0: 77.41%, 1: 22.59%
CHEMBL2114725 0: 51.74%, 1: 48.26%
CHEMBL2114727 0: 16.96%, 1: 83.04%
CHEMBL2114728 0: 9.82%, 1: 90.18%
CHEMBL2114737 0: 87.93%, 1: 12.07%
CHEMBL2114742 0: 33.90%, 1: 66.10%
CHEMBL2114748 0: 59.44%, 1: 40.56%
CHEMBL2114752 0: 15.02%, 1: 84.98%
CHEMBL2114753 0: 8.36%, 1: 91.64%
CHEMBL2114761 0: 78.40%, 1: 21.60%
CHEMBL2114764 0: 42.92%, 1: 57.08%
CHEMBL2114771 0: 64.02%, 1: 35.98%
CHEMBL2114791 0: 1.99%, 1: 98.01%
CHEMBL2114797 0: 42.41%, 1: 57.59%
CHEMBL2114811 0: 10.16%, 1: 89.84%
CHEMBL2114814 0: 44.98%, 1: 55.02%
CHEMBL2114816 0: 37.94%, 1: 62.06%
CHEMBL2114818 0: 4.15%, 1: 95.85%
CHEMBL2114820 0: 16.31%, 1: 83.69%
CHEMBL2114821 0: 18.77%, 1: 81.23%
CHEMBL2114823 0: 20.90%, 1: 79.10%
CHEMBL2114825 0: 18.62%, 1: 81.38%
CHEMBL2114827 0: 93.80%, 1: 6.20%
CHEMBL2114829 0: 25.17%, 1: 74.83%
CHEMBL2114830 0: 20.17%, 1: 79.83%
CHEMBL2114839 0: 28.69%, 1: 71.31%
CHEMBL2114842 0: 62.00%, 1: 38.00%
CHEMBL2114844 0: 32.59%, 1: 67.41%
CHEMBL2114847 0: 13.84%, 1: 86.16%
CHEMBL2114850 0: 8.62%, 1: 91.38%
CHEMBL2114852 0: 3.84%, 1: 96.16%
CHEMBL2114857 0: 50.00%, 1: 50.00%
CHEMBL2114858 0: 32.36%, 1: 67.64%
CHEMBL2114863 0: 33.55%, 1: 66.45%
CHEMBL2114865 0: 3.43%, 1: 96.57%
CHEMBL2114872 0: 9.51%, 1: 90.49%
CHEMBL2114874 0: 28.03%, 1: 71.97%
CHEMBL2114882 0: 92.25%, 1: 7.75%
CHEMBL2114896 0: 51.22%, 1: 48.78%
CHEMBL2114899 0: 87.76%, 1: 12.24%
CHEMBL2114909 0: 1.94%, 1: 98.06%
CHEMBL2114916 0: 42.50%, 1: 57.50%
CHEMBL2114926 0: 41.57%, 1: 58.43%
CHEMBL2114928 0: 86.06%, 1: 13.94%
CHEMBL2114930 0: 4.68%, 1: 95.32%
CHEMBL2114931 0: 97.44%, 1: 2.56%
CHEMBL2114932 0: 4.35%, 1: 95.65%
CHEMBL2354206 0: 93.86%, 1: 6.14%
CHEMBL2354207 0: 15.46%, 1: 84.54%
CHEMBL2354217 0: 20.69%, 1: 79.31%
CHEMBL2354227 0: 21.70%, 1: 78.30%
CHEMBL2354228 0: 59.88%, 1: 40.12%
CHEMBL2354248 0: 96.55%, 1: 3.45%
CHEMBL2354256 0: 7.85%, 1: 92.15%
CHEMBL2354269 0: 9.42%, 1: 90.58%
CHEMBL2354274 0: 5.26%, 1: 94.74%
CHEMBL2354276 0: 75.30%, 1: 24.70%
CHEMBL2354289 0: 34.38%, 1: 65.62%
CHEMBL2354292 0: 77.91%, 1: 22.09%
CHEMBL2354303 0: 86.76%, 1: 13.24%
CHEMBL2354305 0: 14.37%, 1: 85.63%
CHEMBL2354308 0: 9.09%, 1: 90.91%
CHEMBL2378059 0: 2.84%, 1: 97.16%
CHEMBL2449559 0: 17.37%, 1: 82.63%
CHEMBL3214794 0: 64.60%, 1: 35.40%
CHEMBL3214801 0: 28.46%, 1: 71.54%
CHEMBL3214812 0: 33.19%, 1: 66.81%
CHEMBL3214816 0: 25.43%, 1: 74.57%
CHEMBL3214851 0: 77.02%, 1: 22.98%
CHEMBL3214906 0: 61.72%, 1: 38.28%
CHEMBL3214907 0: 48.12%, 1: 51.88%
CHEMBL3214929 0: 44.25%, 1: 55.75%
CHEMBL3214930 0: 79.15%, 1: 20.85%
CHEMBL3214944 0: 32.70%, 1: 67.30%
CHEMBL3214958 0: 69.31%, 1: 30.69%
CHEMBL3214959 0: 31.09%, 1: 68.91%
CHEMBL3214970 0: 20.09%, 1: 79.91%
CHEMBL3214992 0: 27.76%, 1: 72.24%
CHEMBL3214993 0: 32.48%, 1: 67.52%
CHEMBL3214997 0: 27.27%, 1: 72.73%
CHEMBL3215006 0: 73.18%, 1: 26.82%
CHEMBL3215013 0: 10.05%, 1: 89.95%
CHEMBL3215025 0: 7.49%, 1: 92.51%
CHEMBL3215034 0: 39.87%, 1: 60.13%
CHEMBL3215078 0: 41.84%, 1: 58.16%
CHEMBL3215092 0: 57.98%, 1: 42.02%
CHEMBL3215096 0: 30.30%, 1: 69.70%
CHEMBL3215112 0: 7.48%, 1: 92.52%
CHEMBL3215116 0: 83.87%, 1: 16.13%
CHEMBL3215128 0: 14.05%, 1: 85.95%
CHEMBL3215154 0: 44.44%, 1: 55.56%
CHEMBL3215157 0: 5.96%, 1: 94.04%
CHEMBL3215158 0: 12.59%, 1: 87.41%
CHEMBL3215171 0: 97.98%, 1: 2.02%
CHEMBL3215176 0: 91.72%, 1: 8.28%
CHEMBL3215185 0: 91.95%, 1: 8.05%
CHEMBL3215187 0: 7.98%, 1: 92.02%
CHEMBL3215216 0: 15.79%, 1: 84.21%
CHEMBL3215220 0: 91.18%, 1: 8.82%
CHEMBL3215227 0: 32.66%, 1: 67.34%
CHEMBL3215228 0: 88.71%, 1: 11.29%
CHEMBL3215276 0: 7.46%, 1: 92.54%
CHEMBL3215277 0: 90.53%, 1: 9.47%
CHEMBL3215288 0: 27.05%, 1: 72.95%
CHEMBL829401 0: 10.53%, 1: 89.47%
CHEMBL830839 0: 3.07%, 1: 96.93%
CHEMBL830842 0: 10.53%, 1: 89.47%
CHEMBL914418 0: 14.93%, 1: 85.07%
CHEMBL918058 0: 93.33%, 1: 6.67%
  0% 0/835 [00:00<?, ?it/s] 55% 456/835 [00:00<00:00, 4552.42it/s] 95% 795/835 [00:00<00:00, 4120.49it/s]100% 835/835 [00:00<00:00, 3662.03it/s]
Total scaffolds = 490 | train scaffolds = 364 | val scaffolds = 59 | test scaffolds = 67
/home/apappu/thesis/molecule-metalearning2/molecule-metalearning/chemprop/chemprop/data/scaffold.py:151: RuntimeWarning: Mean of empty slice
  target_avgs.append(np.nanmean(targets, axis=0))
