wandb: Tracking run with wandb version 0.9.3
wandb: Run data is saved locally in wandb/run-20200719_220052-2tsd02ac
wandb: Syncing run chembl_1024_features_only
wandb: ⭐️ View project at https://app.wandb.ai/apappu97/molecule-metalearning-chemprop
wandb: 🚀 View run at https://app.wandb.ai/apappu97/molecule-metalearning-chemprop/runs/2tsd02ac
wandb: Run `wandb off` to turn off syncing.

Fold 0
Command line
python chemprop/train.py --data_path filtered_chembl/chembl_less_1024_more_128_645_tasks.csv --dataset_type classification --features_only --features_generator morgan --split_type scaffold_balanced --results_save_dir results/ --experiment_name chembl_1024_features_only
Args
{'ANIL': False,
 'FO_MAML': False,
 'activation': 'ReLU',
 'atom_messages': False,
 'batch_size': 50,
 'bias': False,
 'cache_cutoff': 10000,
 'checkpoint_dir': None,
 'checkpoint_path': None,
 'checkpoint_paths': None,
 'chembl_assay_metadata_pickle_path': None,
 'class_balance': False,
 'config_path': None,
 'crossval_index_dir': None,
 'crossval_index_file': None,
 'crossval_index_sets': None,
 'data_path': 'filtered_chembl/chembl_less_1024_more_128_645_tasks.csv',
 'dataset_type': 'classification',
 'depth': 3,
 'dropout': 0.0,
 'dummy': False,
 'ensemble_size': 1,
 'epochs': 30,
 'experiment_name': 'chembl_1024_features_only',
 'features_generator': ['morgan'],
 'features_only': True,
 'features_path': None,
 'features_size': None,
 'ffn_hidden_size': 300,
 'ffn_num_layers': 2,
 'final_lr': 0.0001,
 'folds_file': None,
 'gpu': None,
 'hidden_size': 300,
 'init_lr': 0.0001,
 'inner_loop_lr': 0.05,
 'log_frequency': 10,
 'max_data_size': None,
 'max_lr': 0.001,
 'meta_batch_size': 3,
 'meta_learning': False,
 'meta_test_split_sizes': (0.8, 0.1, 0.1),
 'meta_train_split_sizes': (0.8, 0.2, 0),
 'metric': 'auc',
 'minimize_score': False,
 'multiclass_num_classes': 3,
 'no_cuda': False,
 'no_features_scaling': False,
 'num_folds': 1,
 'num_inner_gradient_steps': 2,
 'num_lrs': 1,
 'num_tasks': None,
 'num_workers': 8,
 'outer_loop_lr': 0.003,
 'pytorch_seed': 0,
 'quiet': False,
 'results_save_dir': 'results/',
 'save_dir': '/tmp/2273251.1.test.gpu.q/tmp_p4n9cvc/fold_0',
 'save_smiles_splits': False,
 'seed': 0,
 'separate_test_features_path': None,
 'separate_test_path': None,
 'separate_val_features_path': None,
 'separate_val_path': None,
 'show_individual_scores': False,
 'smiles_column': None,
 'split_sizes': (0.8, 0.1, 0.1),
 'split_type': 'scaffold_balanced',
 'target_columns': None,
 'task_names': None,
 'test': False,
 'test_fold_index': None,
 'train_data_size': None,
 'undirected': False,
 'use_input_features': True,
 'val_fold_index': None,
 'warmup_epochs': 2.0}
Loading data
0it [00:00, ?it/s]552it [00:00, 5519.35it/s]1197it [00:00, 5767.45it/s]1848it [00:00, 5970.03it/s]2496it [00:00, 6113.82it/s]3106it [00:00, 6107.14it/s]3778it [00:00, 6277.68it/s]4344it [00:00, 5271.80it/s]4999it [00:00, 5599.14it/s]5655it [00:00, 5856.16it/s]6316it [00:01, 6062.97it/s]6976it [00:01, 6213.18it/s]7640it [00:01, 6333.76it/s]8319it [00:01, 6462.92it/s]8968it [00:01, 5762.52it/s]9632it [00:01, 5998.56it/s]10296it [00:01, 6176.95it/s]10961it [00:01, 6309.19it/s]11625it [00:01, 6403.26it/s]12290it [00:01, 6473.17it/s]12942it [00:02, 5783.26it/s]13610it [00:02, 6025.12it/s]14277it [00:02, 6204.54it/s]14960it [00:02, 6337.55it/s]15653it [00:02, 6502.98it/s]16321it [00:02, 6553.97it/s]16982it [00:02, 5839.01it/s]17584it [00:03, 3088.93it/s]18251it [00:03, 3681.35it/s]18917it [00:03, 4251.13it/s]19583it [00:03, 4767.47it/s]20246it [00:03, 5206.01it/s]20911it [00:03, 5567.90it/s]21543it [00:03, 5279.56it/s]22211it [00:03, 5632.38it/s]22876it [00:04, 5901.53it/s]23541it [00:04, 6107.02it/s]24206it [00:04, 6258.75it/s]24874it [00:04, 6377.53it/s]25526it [00:04, 5726.99it/s]26192it [00:04, 5977.19it/s]26855it [00:04, 6159.05it/s]27522it [00:04, 6303.13it/s]28199it [00:04, 6402.67it/s]28890it [00:04, 6545.04it/s]29556it [00:05, 6577.60it/s]30219it [00:05, 5855.19it/s]30886it [00:05, 6076.51it/s]31554it [00:05, 6243.58it/s]32218it [00:05, 6355.59it/s]32881it [00:05, 6433.52it/s]33545it [00:05, 6493.83it/s]34199it [00:05, 5775.44it/s]34860it [00:05, 6001.90it/s]35523it [00:06, 6177.34it/s]36212it [00:06, 6374.14it/s]36876it [00:06, 6450.19it/s]37541it [00:06, 6507.59it/s]38197it [00:06, 5809.95it/s]38862it [00:06, 6037.78it/s]39528it [00:06, 6210.54it/s]40191it [00:06, 6328.97it/s]40856it [00:06, 6419.98it/s]41520it [00:06, 6484.37it/s]42173it [00:07, 5790.96it/s]42839it [00:07, 6026.25it/s]43528it [00:07, 6260.15it/s]44193it [00:07, 6372.00it/s]44857it [00:07, 6449.58it/s]45519it [00:07, 6499.00it/s]46184it [00:07, 6542.96it/s]46842it [00:07, 5825.34it/s]47508it [00:07, 6051.07it/s]48170it [00:08, 6210.65it/s]48834it [00:08, 6333.38it/s]49500it [00:08, 6425.58it/s]50165it [00:08, 6490.73it/s]50819it [00:08, 5827.45it/s]51482it [00:08, 6045.65it/s]52144it [00:08, 6206.76it/s]52808it [00:08, 6328.40it/s]53450it [00:08, 6354.53it/s]54091it [00:09, 6364.02it/s]54732it [00:09, 5646.06it/s]55398it [00:09, 5862.83it/s]56060it [00:09, 6070.34it/s]56716it [00:09, 6208.38it/s]57378it [00:09, 6323.92it/s]58043it [00:09, 6418.27it/s]58706it [00:09, 6478.90it/s]59358it [00:09, 5778.51it/s]60023it [00:10, 6013.77it/s]60659it [00:10, 6111.35it/s]61315it [00:10, 6237.20it/s]61865it [00:10, 6014.92it/s]
  0% 0/61865 [00:00<?, ?it/s]  0% 165/61865 [00:00<00:37, 1646.33it/s]  1% 333/61865 [00:00<00:37, 1655.58it/s]  1% 494/61865 [00:00<00:37, 1640.60it/s]  1% 659/61865 [00:00<00:37, 1641.86it/s]  1% 827/61865 [00:00<00:36, 1651.67it/s]  2% 999/61865 [00:00<00:36, 1670.77it/s]  2% 1157/61865 [00:00<00:36, 1641.52it/s]  2% 1308/61865 [00:00<00:40, 1483.16it/s]  2% 1472/61865 [00:00<00:39, 1526.43it/s]  3% 1621/61865 [00:01<02:22, 422.93it/s]   3% 1786/61865 [00:01<01:50, 544.32it/s]  3% 1958/61865 [00:02<01:27, 684.40it/s]  3% 2123/61865 [00:02<01:12, 829.53it/s]  4% 2288/61865 [00:02<01:01, 974.75it/s]  4% 2458/61865 [00:02<00:53, 1117.04it/s]  4% 2622/61865 [00:02<00:47, 1235.07it/s]  5% 2787/61865 [00:02<00:44, 1335.80it/s]  5% 2963/61865 [00:02<00:40, 1439.28it/s]  5% 3144/61865 [00:02<00:38, 1533.14it/s]  5% 3315/61865 [00:02<00:37, 1579.52it/s]  6% 3487/61865 [00:02<00:36, 1618.16it/s]  6% 3660/61865 [00:03<00:35, 1648.40it/s]  6% 3832/61865 [00:03<00:35, 1652.79it/s]  6% 4002/61865 [00:03<00:35, 1625.31it/s]  7% 4168/61865 [00:03<00:35, 1621.98it/s]  7% 4342/61865 [00:03<00:34, 1655.15it/s]  7% 4515/61865 [00:03<00:34, 1675.97it/s]  8% 4684/61865 [00:03<00:34, 1658.16it/s]  8% 4851/61865 [00:03<00:34, 1659.26it/s]  8% 5018/61865 [00:03<00:34, 1654.94it/s]  8% 5184/61865 [00:03<00:34, 1650.62it/s]  9% 5350/61865 [00:04<00:34, 1628.97it/s]  9% 5514/61865 [00:04<00:34, 1620.42it/s]  9% 5677/61865 [00:04<00:34, 1622.31it/s]  9% 5840/61865 [00:04<00:34, 1621.92it/s] 10% 6003/61865 [00:04<00:34, 1623.92it/s] 10% 6166/61865 [00:04<00:34, 1612.12it/s] 10% 6330/61865 [00:04<00:34, 1619.01it/s] 10% 6492/61865 [00:04<00:34, 1613.71it/s] 11% 6658/61865 [00:04<00:33, 1625.96it/s] 11% 6821/61865 [00:05<00:33, 1622.51it/s] 11% 6986/61865 [00:05<00:33, 1628.19it/s] 12% 7154/61865 [00:05<00:33, 1643.06it/s] 12% 7322/61865 [00:05<00:33, 1650.93it/s] 12% 7488/61865 [00:05<00:33, 1611.37it/s] 12% 7650/61865 [00:05<00:33, 1607.95it/s] 13% 7814/61865 [00:05<00:33, 1616.91it/s] 13% 7987/61865 [00:05<00:32, 1646.75it/s] 13% 8152/61865 [00:05<00:33, 1610.45it/s] 13% 8317/61865 [00:05<00:33, 1620.12it/s] 14% 8480/61865 [00:06<00:33, 1613.15it/s] 14% 8649/61865 [00:06<00:32, 1635.23it/s] 14% 8815/61865 [00:06<00:32, 1641.85it/s] 15% 8980/61865 [00:06<00:32, 1634.46it/s] 15% 9147/61865 [00:06<00:32, 1643.94it/s] 15% 9313/61865 [00:06<00:31, 1648.03it/s] 15% 9478/61865 [00:06<00:31, 1645.27it/s] 16% 9643/61865 [00:06<00:31, 1634.53it/s] 16% 9807/61865 [00:06<00:31, 1631.11it/s] 16% 9973/61865 [00:06<00:31, 1637.94it/s] 16% 10139/61865 [00:07<00:31, 1644.19it/s] 17% 10304/61865 [00:07<00:31, 1634.57it/s] 17% 10468/61865 [00:07<00:31, 1629.20it/s] 17% 10631/61865 [00:07<00:31, 1627.66it/s] 17% 10797/61865 [00:07<00:31, 1634.53it/s] 18% 10961/61865 [00:07<00:31, 1620.16it/s] 18% 11127/61865 [00:07<00:31, 1630.60it/s] 18% 11295/61865 [00:07<00:30, 1644.54it/s] 19% 11461/61865 [00:07<00:30, 1647.89it/s] 19% 11626/61865 [00:07<00:30, 1639.42it/s] 19% 11790/61865 [00:08<00:30, 1634.66it/s] 19% 11958/61865 [00:08<00:30, 1645.92it/s] 20% 12125/61865 [00:08<00:30, 1651.27it/s] 20% 12291/61865 [00:08<00:30, 1616.60it/s] 20% 12454/61865 [00:08<00:30, 1618.70it/s] 20% 12619/61865 [00:08<00:30, 1627.77it/s] 21% 12785/61865 [00:08<00:30, 1635.20it/s] 21% 12949/61865 [00:08<00:29, 1636.47it/s] 21% 13113/61865 [00:08<00:29, 1630.82it/s] 21% 13284/61865 [00:08<00:29, 1651.34it/s] 22% 13451/61865 [00:09<00:29, 1654.17it/s] 22% 13621/61865 [00:09<00:28, 1665.35it/s] 22% 13788/61865 [00:09<00:29, 1647.15it/s] 23% 13954/61865 [00:09<00:29, 1649.94it/s] 23% 14120/61865 [00:09<00:29, 1641.07it/s] 23% 14285/61865 [00:09<00:30, 1573.27it/s] 23% 14444/61865 [00:09<00:30, 1575.27it/s] 24% 14606/61865 [00:09<00:29, 1586.56it/s] 24% 14768/61865 [00:09<00:29, 1593.67it/s] 24% 14933/61865 [00:09<00:29, 1609.24it/s] 24% 15095/61865 [00:10<00:29, 1609.28it/s] 25% 15260/61865 [00:10<00:28, 1620.43it/s] 25% 15424/61865 [00:10<00:28, 1624.77it/s] 25% 15588/61865 [00:10<00:28, 1628.82it/s] 25% 15752/61865 [00:10<00:28, 1631.21it/s] 26% 15917/61865 [00:10<00:28, 1633.80it/s] 26% 16083/61865 [00:10<00:27, 1638.91it/s] 26% 16249/61865 [00:10<00:27, 1645.06it/s] 27% 16414/61865 [00:10<00:27, 1643.97it/s] 27% 16579/61865 [00:10<00:27, 1639.70it/s] 27% 16749/61865 [00:11<00:27, 1655.10it/s] 27% 16920/61865 [00:11<00:26, 1667.34it/s] 28% 17089/61865 [00:11<00:26, 1673.69it/s] 28% 17257/61865 [00:11<00:27, 1646.70it/s] 28% 17423/61865 [00:11<00:26, 1647.78it/s] 28% 17591/61865 [00:11<00:27, 1638.14it/s] 29% 17761/61865 [00:11<00:26, 1653.57it/s] 29% 17927/61865 [00:11<00:26, 1649.83it/s] 29% 18093/61865 [00:11<00:26, 1642.16it/s] 30% 18260/61865 [00:12<00:26, 1649.64it/s] 30% 18426/61865 [00:12<00:26, 1633.92it/s] 30% 18590/61865 [00:12<00:26, 1634.55it/s] 30% 18754/61865 [00:12<00:26, 1622.09it/s] 31% 18918/61865 [00:12<00:26, 1626.40it/s] 31% 19082/61865 [00:12<00:26, 1630.15it/s] 31% 19246/61865 [00:12<00:26, 1617.88it/s] 31% 19409/61865 [00:12<00:26, 1619.35it/s] 32% 19572/61865 [00:12<00:26, 1620.77it/s] 32% 19739/61865 [00:12<00:25, 1632.62it/s] 32% 19906/61865 [00:13<00:25, 1642.06it/s] 32% 20071/61865 [00:13<00:25, 1610.62it/s] 33% 20237/61865 [00:13<00:25, 1622.09it/s] 33% 20400/61865 [00:13<00:27, 1525.40it/s] 33% 20563/61865 [00:13<00:26, 1555.23it/s] 34% 20727/61865 [00:13<00:26, 1578.03it/s] 34% 20888/61865 [00:13<00:25, 1586.45it/s] 34% 21052/61865 [00:13<00:25, 1601.11it/s] 34% 21216/61865 [00:13<00:25, 1609.09it/s] 35% 21378/61865 [00:13<00:25, 1609.71it/s] 35% 21540/61865 [00:14<00:25, 1600.25it/s] 35% 21708/61865 [00:14<00:24, 1621.67it/s] 35% 21872/61865 [00:14<00:24, 1624.20it/s] 36% 22039/61865 [00:14<00:24, 1637.24it/s] 36% 22203/61865 [00:14<00:24, 1623.05it/s] 36% 22366/61865 [00:14<00:24, 1625.01it/s] 36% 22529/61865 [00:14<00:24, 1625.65it/s] 37% 22695/61865 [00:14<00:23, 1633.27it/s] 37% 22859/61865 [00:14<00:23, 1633.60it/s] 37% 23023/61865 [00:14<00:23, 1628.16it/s] 37% 23191/61865 [00:15<00:23, 1642.06it/s] 38% 23356/61865 [00:15<00:23, 1643.00it/s] 38% 23521/61865 [00:15<00:23, 1634.49it/s] 38% 23689/61865 [00:15<00:23, 1644.75it/s] 39% 23854/61865 [00:15<00:23, 1641.57it/s] 39% 24019/61865 [00:15<00:23, 1641.09it/s] 39% 24184/61865 [00:15<00:22, 1643.08it/s] 39% 24349/61865 [00:15<00:22, 1637.93it/s] 40% 24518/61865 [00:15<00:22, 1650.78it/s] 40% 24684/61865 [00:15<00:22, 1632.84it/s] 40% 24848/61865 [00:16<00:22, 1632.19it/s] 40% 25012/61865 [00:16<00:22, 1624.43it/s] 41% 25177/61865 [00:16<00:22, 1631.83it/s] 41% 25341/61865 [00:16<00:22, 1629.16it/s] 41% 25507/61865 [00:16<00:22, 1637.46it/s] 41% 25671/61865 [00:16<00:22, 1623.74it/s] 42% 25834/61865 [00:16<00:22, 1620.54it/s] 42% 25999/61865 [00:16<00:22, 1627.84it/s] 42% 26165/61865 [00:16<00:21, 1635.52it/s] 43% 26329/61865 [00:16<00:21, 1626.48it/s] 43% 26492/61865 [00:17<00:21, 1626.31it/s] 43% 26657/61865 [00:17<00:21, 1630.61it/s] 43% 26825/61865 [00:17<00:21, 1642.93it/s] 44% 26990/61865 [00:17<00:21, 1632.23it/s] 44% 27156/61865 [00:17<00:21, 1638.34it/s] 44% 27320/61865 [00:17<00:21, 1637.13it/s] 44% 27487/61865 [00:17<00:20, 1645.51it/s] 45% 27652/61865 [00:17<00:20, 1636.96it/s] 45% 27817/61865 [00:17<00:20, 1639.14it/s] 45% 27985/61865 [00:17<00:20, 1648.94it/s] 46% 28150/61865 [00:18<00:20, 1637.68it/s] 46% 28314/61865 [00:18<00:20, 1611.76it/s] 46% 28477/61865 [00:18<00:20, 1615.30it/s] 46% 28639/61865 [00:18<00:21, 1577.23it/s] 47% 28801/61865 [00:18<00:20, 1589.45it/s] 47% 28964/61865 [00:18<00:20, 1599.48it/s] 47% 29125/61865 [00:18<00:20, 1586.25it/s] 47% 29291/61865 [00:18<00:20, 1606.34it/s] 48% 29458/61865 [00:18<00:19, 1623.54it/s] 48% 29627/61865 [00:19<00:19, 1640.06it/s] 48% 29792/61865 [00:19<00:19, 1628.06it/s] 48% 29957/61865 [00:19<00:19, 1633.85it/s] 49% 30125/61865 [00:19<00:19, 1644.84it/s] 49% 30290/61865 [00:19<00:19, 1637.07it/s] 49% 30455/61865 [00:19<00:19, 1638.46it/s] 49% 30621/61865 [00:19<00:19, 1643.56it/s] 50% 30786/61865 [00:19<00:18, 1641.79it/s] 50% 30953/61865 [00:19<00:18, 1649.65it/s] 50% 31118/61865 [00:19<00:18, 1639.87it/s] 51% 31283/61865 [00:20<00:18, 1622.65it/s] 51% 31451/61865 [00:20<00:18, 1637.20it/s] 51% 31618/61865 [00:20<00:18, 1645.71it/s] 51% 31784/61865 [00:20<00:18, 1648.43it/s] 52% 31949/61865 [00:20<00:18, 1641.83it/s] 52% 32115/61865 [00:20<00:18, 1646.46it/s] 52% 32280/61865 [00:20<00:18, 1629.64it/s] 52% 32446/61865 [00:20<00:17, 1635.37it/s] 53% 32610/61865 [00:20<00:17, 1627.56it/s] 53% 32773/61865 [00:20<00:17, 1625.29it/s] 53% 32940/61865 [00:21<00:17, 1636.60it/s] 54% 33106/61865 [00:21<00:17, 1643.42it/s] 54% 33271/61865 [00:21<00:17, 1617.70it/s] 54% 33436/61865 [00:21<00:17, 1626.66it/s] 54% 33603/61865 [00:21<00:17, 1637.41it/s] 55% 33769/61865 [00:21<00:17, 1642.69it/s] 55% 33934/61865 [00:21<00:17, 1632.20it/s] 55% 34100/61865 [00:21<00:16, 1638.45it/s] 55% 34268/61865 [00:21<00:16, 1649.33it/s] 56% 34433/61865 [00:21<00:16, 1636.32it/s] 56% 34599/61865 [00:22<00:16, 1642.95it/s] 56% 34764/61865 [00:22<00:16, 1632.96it/s] 56% 34930/61865 [00:22<00:16, 1638.58it/s] 57% 35094/61865 [00:22<00:16, 1626.60it/s] 57% 35257/61865 [00:22<00:16, 1627.33it/s] 57% 35420/61865 [00:22<00:16, 1615.30it/s] 58% 35582/61865 [00:22<00:16, 1607.61it/s] 58% 35746/61865 [00:22<00:16, 1614.79it/s] 58% 35912/61865 [00:22<00:15, 1626.02it/s] 58% 36075/61865 [00:22<00:15, 1621.61it/s] 59% 36238/61865 [00:23<00:15, 1623.98it/s] 59% 36401/61865 [00:23<00:15, 1624.65it/s] 59% 36566/61865 [00:23<00:15, 1632.06it/s] 59% 36730/61865 [00:23<00:15, 1632.29it/s] 60% 36898/61865 [00:23<00:15, 1645.23it/s] 60% 37065/61865 [00:23<00:15, 1650.58it/s] 60% 37231/61865 [00:23<00:14, 1644.93it/s] 60% 37396/61865 [00:23<00:14, 1646.12it/s] 61% 37563/61865 [00:23<00:14, 1653.07it/s] 61% 37730/61865 [00:23<00:14, 1658.00it/s] 61% 37897/61865 [00:24<00:14, 1661.24it/s] 62% 38064/61865 [00:24<00:14, 1653.47it/s] 62% 38230/61865 [00:24<00:14, 1646.46it/s] 62% 38396/61865 [00:24<00:14, 1649.94it/s] 62% 38563/61865 [00:24<00:14, 1653.39it/s] 63% 38729/61865 [00:24<00:14, 1644.56it/s] 63% 38894/61865 [00:24<00:14, 1631.82it/s] 63% 39059/61865 [00:24<00:13, 1634.33it/s] 63% 39228/61865 [00:24<00:13, 1650.20it/s] 64% 39394/61865 [00:24<00:13, 1650.69it/s] 64% 39560/61865 [00:25<00:13, 1640.57it/s] 64% 39726/61865 [00:25<00:13, 1644.61it/s] 64% 39892/61865 [00:25<00:13, 1648.42it/s] 65% 40057/61865 [00:25<00:13, 1646.38it/s] 65% 40222/61865 [00:25<00:13, 1640.89it/s] 65% 40387/61865 [00:25<00:13, 1629.92it/s] 66% 40551/61865 [00:25<00:13, 1628.39it/s] 66% 40716/61865 [00:25<00:12, 1632.39it/s] 66% 40880/61865 [00:25<00:12, 1629.05it/s] 66% 41043/61865 [00:25<00:12, 1611.32it/s] 67% 41211/61865 [00:26<00:12, 1630.85it/s] 67% 41379/61865 [00:26<00:12, 1643.65it/s] 67% 41544/61865 [00:26<00:12, 1639.34it/s] 67% 41708/61865 [00:26<00:12, 1633.09it/s] 68% 41874/61865 [00:26<00:12, 1639.48it/s] 68% 42039/61865 [00:26<00:12, 1639.86it/s] 68% 42206/61865 [00:26<00:11, 1646.58it/s] 68% 42371/61865 [00:26<00:12, 1624.46it/s] 69% 42534/61865 [00:26<00:11, 1619.91it/s] 69% 42697/61865 [00:27<00:11, 1612.01it/s] 69% 42864/61865 [00:27<00:11, 1627.24it/s] 70% 43029/61865 [00:27<00:11, 1633.48it/s] 70% 43195/61865 [00:27<00:11, 1638.51it/s] 70% 43359/61865 [00:27<00:11, 1637.38it/s] 70% 43528/61865 [00:27<00:11, 1651.78it/s] 71% 43694/61865 [00:27<00:11, 1641.89it/s] 71% 43859/61865 [00:27<00:10, 1639.83it/s] 71% 44024/61865 [00:27<00:10, 1640.83it/s] 71% 44192/61865 [00:27<00:10, 1651.35it/s] 72% 44358/61865 [00:28<00:10, 1651.77it/s] 72% 44524/61865 [00:28<00:10, 1647.03it/s] 72% 44689/61865 [00:28<00:10, 1646.87it/s] 73% 44854/61865 [00:28<00:10, 1645.78it/s] 73% 45019/61865 [00:28<00:10, 1592.44it/s] 73% 45183/61865 [00:28<00:10, 1604.05it/s] 73% 45350/61865 [00:28<00:10, 1622.46it/s] 74% 45514/61865 [00:28<00:10, 1627.27it/s] 74% 45677/61865 [00:28<00:09, 1621.44it/s] 74% 45840/61865 [00:28<00:09, 1615.24it/s] 74% 46005/61865 [00:29<00:09, 1622.80it/s] 75% 46169/61865 [00:29<00:09, 1626.44it/s] 75% 46335/61865 [00:29<00:09, 1633.62it/s] 75% 46499/61865 [00:29<00:09, 1627.99it/s] 75% 46663/61865 [00:29<00:09, 1630.41it/s] 76% 46829/61865 [00:29<00:09, 1636.60it/s] 76% 46997/61865 [00:29<00:09, 1648.36it/s] 76% 47162/61865 [00:29<00:08, 1638.14it/s] 76% 47326/61865 [00:29<00:08, 1630.94it/s] 77% 47493/61865 [00:29<00:08, 1641.02it/s] 77% 47659/61865 [00:30<00:08, 1644.75it/s] 77% 47824/61865 [00:30<00:08, 1633.10it/s] 78% 47988/61865 [00:30<00:08, 1626.40it/s] 78% 48151/61865 [00:31<00:41, 334.35it/s]  78% 48314/61865 [00:31<00:30, 438.91it/s] 78% 48476/61865 [00:31<00:23, 561.50it/s] 79% 48631/61865 [00:31<00:19, 694.29it/s] 79% 48795/61865 [00:32<00:15, 838.40it/s] 79% 48959/61865 [00:32<00:13, 981.53it/s] 79% 49123/61865 [00:32<00:11, 1114.91it/s] 80% 49282/61865 [00:32<00:10, 1224.10it/s] 80% 49443/61865 [00:32<00:09, 1317.46it/s] 80% 49607/61865 [00:32<00:08, 1398.12it/s] 80% 49767/61865 [00:32<00:08, 1448.36it/s] 81% 49927/61865 [00:32<00:08, 1489.76it/s] 81% 50087/61865 [00:32<00:07, 1511.97it/s] 81% 50249/61865 [00:32<00:07, 1542.58it/s] 81% 50412/61865 [00:33<00:07, 1566.51it/s] 82% 50573/61865 [00:33<00:07, 1572.71it/s] 82% 50733/61865 [00:33<00:07, 1575.93it/s] 82% 50894/61865 [00:33<00:06, 1584.14it/s] 83% 51054/61865 [00:33<00:06, 1578.27it/s] 83% 51216/61865 [00:33<00:06, 1589.73it/s] 83% 51376/61865 [00:33<00:06, 1583.82it/s] 83% 51536/61865 [00:33<00:06, 1585.98it/s] 84% 51695/61865 [00:33<00:06, 1577.84it/s] 84% 51854/61865 [00:33<00:06, 1579.91it/s] 84% 52015/61865 [00:34<00:06, 1586.04it/s] 84% 52174/61865 [00:34<00:06, 1586.68it/s] 85% 52336/61865 [00:34<00:05, 1595.11it/s] 85% 52496/61865 [00:34<00:05, 1579.87it/s] 85% 52658/61865 [00:34<00:05, 1589.81it/s] 85% 52818/61865 [00:34<00:05, 1590.36it/s] 86% 52980/61865 [00:34<00:05, 1598.61it/s] 86% 53140/61865 [00:34<00:05, 1576.74it/s] 86% 53301/61865 [00:34<00:05, 1583.63it/s] 86% 53465/61865 [00:34<00:05, 1598.01it/s] 87% 53627/61865 [00:35<00:05, 1603.62it/s] 87% 53792/61865 [00:35<00:04, 1615.05it/s] 87% 53954/61865 [00:35<00:04, 1609.53it/s] 87% 54116/61865 [00:35<00:04, 1610.25it/s] 88% 54278/61865 [00:35<00:04, 1591.22it/s] 88% 54442/61865 [00:35<00:04, 1601.79it/s] 88% 54609/61865 [00:35<00:04, 1619.56it/s] 89% 54773/61865 [00:35<00:04, 1624.01it/s] 89% 54936/61865 [00:35<00:04, 1610.49it/s] 89% 55098/61865 [00:35<00:04, 1603.39it/s] 89% 55260/61865 [00:36<00:04, 1608.18it/s] 90% 55421/61865 [00:36<00:04, 1546.04it/s] 90% 55580/61865 [00:36<00:04, 1556.81it/s] 90% 55741/61865 [00:36<00:03, 1571.71it/s] 90% 55902/61865 [00:36<00:03, 1581.95it/s] 91% 56067/61865 [00:36<00:03, 1599.64it/s] 91% 56232/61865 [00:36<00:03, 1613.81it/s] 91% 56394/61865 [00:36<00:03, 1614.69it/s] 91% 56558/61865 [00:36<00:03, 1619.65it/s] 92% 56721/61865 [00:36<00:03, 1575.81it/s] 92% 56879/61865 [00:37<00:03, 1559.02it/s] 92% 57036/61865 [00:37<00:03, 1519.27it/s] 92% 57189/61865 [00:37<00:03, 1510.06it/s] 93% 57341/61865 [00:37<00:03, 1471.25it/s] 93% 57489/61865 [00:37<00:03, 1419.69it/s] 93% 57632/61865 [00:37<00:03, 1398.18it/s] 93% 57773/61865 [00:37<00:02, 1376.43it/s] 94% 57912/61865 [00:37<00:02, 1368.49it/s] 94% 58050/61865 [00:37<00:02, 1356.69it/s] 94% 58186/61865 [00:38<00:02, 1349.91it/s] 94% 58323/61865 [00:38<00:02, 1354.07it/s] 94% 58459/61865 [00:38<00:02, 1347.44it/s] 95% 58596/61865 [00:38<00:02, 1354.01it/s] 95% 58753/61865 [00:38<00:02, 1410.10it/s] 95% 58920/61865 [00:38<00:01, 1478.10it/s] 96% 59085/61865 [00:38<00:01, 1523.52it/s] 96% 59255/61865 [00:38<00:01, 1571.11it/s] 96% 59424/61865 [00:38<00:01, 1603.37it/s] 96% 59593/61865 [00:38<00:01, 1626.90it/s] 97% 59757/61865 [00:39<00:01, 1629.50it/s] 97% 59921/61865 [00:39<00:01, 1570.36it/s] 97% 60079/61865 [00:39<00:01, 1554.32it/s] 97% 60237/61865 [00:39<00:01, 1561.19it/s] 98% 60402/61865 [00:39<00:00, 1586.72it/s] 98% 60567/61865 [00:39<00:00, 1603.25it/s] 98% 60737/61865 [00:39<00:00, 1630.21it/s] 98% 60906/61865 [00:39<00:00, 1645.98it/s] 99% 61074/61865 [00:39<00:00, 1655.35it/s] 99% 61241/61865 [00:39<00:00, 1656.84it/s] 99% 61411/61865 [00:40<00:00, 1667.96it/s]100% 61581/61865 [00:40<00:00, 1675.87it/s]100% 61749/61865 [00:40<00:00, 1676.58it/s]100% 61865/61865 [00:40<00:00, 1532.96it/s]
  0% 0/61865 [00:00<?, ?it/s] 18% 11047/61865 [00:00<00:00, 110467.21it/s] 30% 18788/61865 [00:00<00:00, 97920.71it/s]  51% 31505/61865 [00:00<00:00, 105177.08it/s] 75% 46450/61865 [00:00<00:00, 115435.59it/s] 97% 60312/61865 [00:00<00:00, 121532.33it/s]100% 61865/61865 [00:00<00:00, 121915.58it/s]
Number of tasks = 645
Splitting data with seed 0
  0% 0/61865 [00:00<?, ?it/s]  1% 607/61865 [00:00<00:10, 6067.53it/s]  2% 1185/61865 [00:00<00:10, 5973.47it/s]  3% 1732/61865 [00:00<00:10, 5812.10it/s]  4% 2252/61865 [00:00<00:10, 5611.06it/s]  4% 2761/61865 [00:00<00:10, 5440.78it/s]  5% 3369/61865 [00:00<00:10, 5616.95it/s]  6% 3890/61865 [00:00<00:10, 5485.93it/s]  7% 4392/61865 [00:00<00:10, 5287.99it/s]  8% 4918/61865 [00:00<00:10, 5278.93it/s]  9% 5424/61865 [00:01<00:11, 5108.16it/s] 10% 5921/61865 [00:01<00:11, 4959.94it/s] 10% 6409/61865 [00:01<00:11, 4881.02it/s] 11% 6899/61865 [00:01<00:11, 4885.93it/s] 12% 7396/61865 [00:01<00:11, 4908.64it/s] 13% 7884/61865 [00:01<00:11, 4882.56it/s] 14% 8371/61865 [00:01<00:11, 4636.94it/s] 14% 8846/61865 [00:01<00:11, 4664.82it/s] 15% 9350/61865 [00:01<00:11, 4770.62it/s] 16% 9848/61865 [00:01<00:10, 4830.75it/s] 17% 10345/61865 [00:02<00:10, 4870.43it/s] 18% 10833/61865 [00:02<00:10, 4861.60it/s] 18% 11337/61865 [00:02<00:10, 4912.99it/s] 19% 11829/61865 [00:02<00:10, 4861.68it/s] 20% 12344/61865 [00:02<00:10, 4944.16it/s] 21% 12852/61865 [00:02<00:09, 4983.30it/s] 22% 13372/61865 [00:02<00:09, 5045.42it/s] 22% 13890/61865 [00:02<00:09, 5084.69it/s] 23% 14399/61865 [00:02<00:09, 4995.18it/s] 24% 14900/61865 [00:02<00:09, 4914.30it/s] 25% 15399/61865 [00:03<00:09, 4934.48it/s] 26% 15894/61865 [00:03<00:09, 4931.19it/s] 26% 16393/61865 [00:03<00:09, 4947.81it/s] 27% 16913/61865 [00:03<00:08, 5018.05it/s] 28% 17418/61865 [00:03<00:08, 5026.99it/s] 29% 17938/61865 [00:03<00:08, 5076.89it/s] 30% 18452/61865 [00:03<00:08, 5095.51it/s] 31% 18962/61865 [00:03<00:08, 5063.22it/s] 31% 19469/61865 [00:03<00:08, 5031.14it/s] 32% 19976/61865 [00:03<00:08, 5040.97it/s] 33% 20481/61865 [00:04<00:08, 4959.05it/s] 34% 20989/61865 [00:04<00:08, 4993.02it/s] 35% 21489/61865 [00:04<00:08, 4967.97it/s] 36% 22002/61865 [00:04<00:07, 5012.76it/s] 36% 22522/61865 [00:04<00:07, 5065.14it/s] 37% 23038/61865 [00:04<00:07, 5092.32it/s] 38% 23553/61865 [00:04<00:07, 5108.76it/s] 39% 24073/61865 [00:04<00:07, 5134.57it/s] 40% 24592/61865 [00:04<00:07, 5150.69it/s] 41% 25108/61865 [00:04<00:07, 5133.58it/s] 41% 25622/61865 [00:05<00:07, 5111.59it/s] 42% 26134/61865 [00:05<00:07, 5091.53it/s] 43% 26644/61865 [00:05<00:06, 5085.31it/s] 44% 27166/61865 [00:05<00:06, 5124.85it/s] 45% 27683/61865 [00:05<00:06, 5136.40it/s] 46% 28197/61865 [00:05<00:06, 5093.87it/s] 46% 28707/61865 [00:05<00:06, 5057.36it/s] 47% 29213/61865 [00:05<00:06, 4993.23it/s] 48% 29732/61865 [00:05<00:06, 5049.08it/s] 49% 30244/61865 [00:05<00:06, 5069.10it/s] 50% 30755/61865 [00:06<00:06, 5078.39it/s] 51% 31264/61865 [00:06<00:06, 5081.76it/s] 51% 31788/61865 [00:06<00:05, 5127.46it/s] 52% 32301/61865 [00:06<00:05, 5081.73it/s] 53% 32810/61865 [00:06<00:05, 5057.89it/s] 54% 33326/61865 [00:06<00:05, 5086.22it/s] 55% 33835/61865 [00:06<00:05, 5082.48it/s] 56% 34360/61865 [00:06<00:05, 5131.59it/s] 56% 34874/61865 [00:06<00:05, 5096.70it/s] 57% 35384/61865 [00:07<00:05, 5002.12it/s] 58% 35885/61865 [00:07<00:05, 4980.01it/s] 59% 36384/61865 [00:07<00:05, 4982.48it/s] 60% 36906/61865 [00:07<00:04, 5048.48it/s] 60% 37425/61865 [00:07<00:04, 5088.53it/s] 61% 37935/61865 [00:07<00:04, 4984.77it/s] 62% 38453/61865 [00:07<00:04, 5040.34it/s] 63% 38958/61865 [00:07<00:04, 5017.73it/s] 64% 39480/61865 [00:07<00:04, 5075.28it/s] 65% 39992/61865 [00:07<00:04, 5085.85it/s] 65% 40501/61865 [00:08<00:04, 5046.60it/s] 66% 41006/61865 [00:08<00:04, 5024.58it/s] 67% 41518/61865 [00:08<00:04, 5050.29it/s] 68% 42027/61865 [00:08<00:03, 5059.03it/s] 69% 42534/61865 [00:08<00:03, 4985.24it/s] 70% 43049/61865 [00:08<00:03, 5032.93it/s] 70% 43560/61865 [00:08<00:03, 5054.20it/s] 71% 44066/61865 [00:08<00:03, 5049.12it/s] 72% 44590/61865 [00:08<00:03, 5104.71it/s] 73% 45101/61865 [00:08<00:03, 5097.70it/s] 74% 45611/61865 [00:09<00:03, 5092.89it/s] 75% 46121/61865 [00:09<00:03, 5040.23it/s] 75% 46626/61865 [00:09<00:03, 5011.61it/s] 76% 47138/61865 [00:09<00:02, 5043.34it/s] 77% 47648/61865 [00:09<00:02, 5059.72it/s] 78% 48155/61865 [00:09<00:02, 4992.59it/s] 79% 48655/61865 [00:09<00:02, 4897.69it/s] 79% 49146/61865 [00:09<00:02, 4843.56it/s] 80% 49631/61865 [00:09<00:02, 4797.32it/s] 81% 50112/61865 [00:09<00:02, 4702.37it/s] 82% 50584/61865 [00:10<00:02, 4631.20it/s] 83% 51048/61865 [00:10<00:02, 4615.77it/s] 83% 51511/61865 [00:10<00:02, 4582.75it/s] 84% 51970/61865 [00:10<00:02, 4517.39it/s] 85% 52423/61865 [00:10<00:02, 4482.81it/s] 85% 52890/61865 [00:10<00:01, 4536.20it/s] 86% 53345/61865 [00:10<00:01, 4301.10it/s] 87% 53824/61865 [00:10<00:01, 4435.31it/s] 88% 54280/61865 [00:10<00:01, 4469.20it/s] 89% 54764/61865 [00:10<00:01, 4574.27it/s] 89% 55226/61865 [00:11<00:01, 4584.21it/s] 90% 55686/61865 [00:11<00:01, 4405.55it/s] 91% 56157/61865 [00:11<00:01, 4491.19it/s] 92% 56612/61865 [00:11<00:01, 4505.94it/s] 92% 57065/61865 [00:11<00:01, 4280.06it/s] 93% 57497/61865 [00:11<00:01, 3839.66it/s] 94% 57892/61865 [00:11<00:01, 3483.49it/s] 94% 58255/61865 [00:11<00:01, 3235.09it/s] 95% 58592/61865 [00:12<00:01, 3210.77it/s] 96% 59087/61865 [00:12<00:00, 3588.42it/s] 96% 59627/61865 [00:12<00:00, 3988.10it/s] 97% 60055/61865 [00:12<00:00, 3989.74it/s] 98% 60533/61865 [00:12<00:00, 4197.16it/s] 99% 61072/61865 [00:12<00:00, 4493.56it/s]100% 61621/61865 [00:12<00:00, 4750.82it/s]100% 61865/61865 [00:12<00:00, 4873.60it/s]
Total scaffolds = 30,615 | train scaffolds = 24,639 | val scaffolds = 3,133 | test scaffolds = 2,843
/home/apappu/thesis/molecule-metalearning/chemprop/chemprop/data/scaffold.py:152: RuntimeWarning: Mean of empty slice
  target_avgs.append(np.nanmean(targets, axis=0))
Label averages per scaffold, in decreasing order of scaffold frequency,capped at 10 scaffolds and 20 labels: [(array([nan, nan, nan, nan, nan, nan, nan, nan, nan, nan, nan, nan, nan,
       nan, nan, nan, nan, nan, nan, nan]), array([0, 0, 0, 0, 0, 0, 0, 0, 0, 0, 0, 0, 0, 0, 0, 0, 0, 0, 0, 0])), (array([nan, nan, nan, nan, nan, nan, nan, nan, nan, nan, nan, nan, nan,
       nan, nan, 0.5, nan, nan, nan, nan]), array([0, 0, 0, 0, 0, 0, 0, 0, 0, 0, 0, 0, 0, 0, 0, 2, 0, 0, 0, 0])), (array([nan, nan, nan, nan, nan, nan, nan, nan, nan, nan, nan, nan, nan,
       nan, nan, nan, nan, nan, nan, nan]), array([0, 0, 0, 0, 0, 0, 0, 0, 0, 0, 0, 0, 0, 0, 0, 0, 0, 0, 0, 0])), (array([nan, nan, nan, nan, nan, nan, nan, nan, nan, nan, nan, nan, nan,
       nan, nan, nan, nan, nan, nan, nan]), array([0, 0, 0, 0, 0, 0, 0, 0, 0, 0, 0, 0, 0, 0, 0, 0, 0, 0, 0, 0])), (array([nan, nan, nan, nan, nan, nan, nan, nan, nan, nan, nan, nan, nan,
       nan, nan, nan, nan, nan, nan, nan]), array([0, 0, 0, 0, 0, 0, 0, 0, 0, 0, 0, 0, 0, 0, 0, 0, 0, 0, 0, 0])), (array([nan, nan, nan, nan, nan, nan, nan, nan, nan, nan, nan, nan, nan,
       nan, nan, nan, nan, nan, nan, nan]), array([0, 0, 0, 0, 0, 0, 0, 0, 0, 0, 0, 0, 0, 0, 0, 0, 0, 0, 0, 0])), (array([nan, nan, nan, nan, nan, nan, nan, nan, nan, nan, nan, nan, nan,
       nan, nan, nan, nan, nan, nan, nan]), array([0, 0, 0, 0, 0, 0, 0, 0, 0, 0, 0, 0, 0, 0, 0, 0, 0, 0, 0, 0])), (array([nan, nan, nan, nan, nan, nan, nan, nan, nan, nan, nan, nan, nan,
       nan, nan, nan, nan, nan, nan, nan]), array([0, 0, 0, 0, 0, 0, 0, 0, 0, 0, 0, 0, 0, 0, 0, 0, 0, 0, 0, 0])), (array([nan, nan, nan, nan, nan, nan, nan, nan, nan, nan, nan, nan, nan,
       nan, nan, nan, nan, nan, nan, nan]), array([0, 0, 0, 0, 0, 0, 0, 0, 0, 0, 0, 0, 0, 0, 0, 0, 0, 0, 0, 0])), (array([nan, nan, nan, nan, nan, nan, nan, nan, nan, nan, nan, nan, nan,
       nan, nan, nan, nan, nan, nan, nan]), array([0, 0, 0, 0, 0, 0, 0, 0, 0, 0, 0, 0, 0, 0, 0, 0, 0, 0, 0, 0]))]
Class sizes
CHEMBL1033994 0: 41.98%, 1: 58.02%
CHEMBL1119333 0: 9.59%, 1: 90.41%
CHEMBL1217000 0: 52.41%, 1: 47.59%
CHEMBL1243965 0: 17.11%, 1: 82.89%
CHEMBL1243966 0: 41.96%, 1: 58.04%
CHEMBL1243967 0: 10.17%, 1: 89.83%
CHEMBL1243968 0: 15.06%, 1: 84.94%
CHEMBL1243970 0: 6.91%, 1: 93.09%
CHEMBL1243972 0: 9.92%, 1: 90.08%
CHEMBL1243976 0: 28.99%, 1: 71.01%
CHEMBL1246087 0: 33.88%, 1: 66.12%
CHEMBL1246088 0: 48.37%, 1: 51.63%
CHEMBL1613762 0: 2.45%, 1: 97.55%
CHEMBL1613779 0: 58.47%, 1: 41.53%
CHEMBL1613785 0: 43.22%, 1: 56.78%
CHEMBL1613787 0: 69.08%, 1: 30.92%
CHEMBL1613807 0: 95.99%, 1: 4.01%
CHEMBL1613813 0: 44.20%, 1: 55.80%
CHEMBL1613814 0: 53.85%, 1: 46.15%
CHEMBL1613817 0: 84.86%, 1: 15.14%
CHEMBL1613853 0: 41.86%, 1: 58.14%
CHEMBL1613861 0: 14.47%, 1: 85.53%
CHEMBL1613864 0: 5.19%, 1: 94.81%
CHEMBL1613867 0: 97.13%, 1: 2.87%
CHEMBL1613870 0: 15.80%, 1: 84.20%
CHEMBL1613871 0: 6.15%, 1: 93.85%
CHEMBL1613874 0: 65.78%, 1: 34.22%
CHEMBL1613876 0: 54.35%, 1: 45.65%
CHEMBL1613884 0: 21.51%, 1: 78.49%
CHEMBL1613890 0: 34.85%, 1: 65.15%
CHEMBL1613897 0: 46.64%, 1: 53.36%
CHEMBL1613898 0: 75.45%, 1: 24.55%
CHEMBL1613904 0: 50.77%, 1: 49.23%
CHEMBL1613907 0: 5.34%, 1: 94.66%
CHEMBL1613926 0: 30.15%, 1: 69.85%
CHEMBL1613928 0: 45.90%, 1: 54.10%
CHEMBL1613929 0: 81.25%, 1: 18.75%
CHEMBL1613941 0: 32.58%, 1: 67.42%
CHEMBL1613942 0: 41.43%, 1: 58.57%
CHEMBL1613947 0: 46.01%, 1: 53.99%
CHEMBL1613949 0: 60.13%, 1: 39.87%
CHEMBL1613950 0: 43.05%, 1: 56.95%
CHEMBL1613955 0: 54.04%, 1: 45.96%
CHEMBL1613962 0: 24.26%, 1: 75.74%
CHEMBL1613967 0: 44.59%, 1: 55.41%
CHEMBL1613981 0: 58.85%, 1: 41.15%
CHEMBL1613991 0: 14.98%, 1: 85.02%
CHEMBL1613997 0: 7.73%, 1: 92.27%
CHEMBL1614001 0: 98.28%, 1: 1.72%
CHEMBL1614004 0: 14.66%, 1: 85.34%
CHEMBL1614016 0: 12.22%, 1: 87.78%
CHEMBL1614030 0: 19.96%, 1: 80.04%
CHEMBL1614034 0: 2.63%, 1: 97.37%
CHEMBL1614035 0: 77.14%, 1: 22.86%
CHEMBL1614049 0: 39.63%, 1: 60.37%
CHEMBL1614053 0: 42.48%, 1: 57.52%
CHEMBL1614063 0: 95.18%, 1: 4.82%
CHEMBL1614065 0: 9.71%, 1: 90.29%
CHEMBL1614066 0: 94.74%, 1: 5.26%
CHEMBL1614069 0: 56.82%, 1: 43.18%
CHEMBL1614072 0: 50.36%, 1: 49.64%
CHEMBL1614084 0: 13.26%, 1: 86.74%
CHEMBL1614091 0: 4.43%, 1: 95.57%
CHEMBL1614092 0: 47.50%, 1: 52.50%
CHEMBL1614097 0: 46.99%, 1: 53.01%
CHEMBL1614098 0: 97.25%, 1: 2.75%
CHEMBL1614104 0: 7.74%, 1: 92.26%
CHEMBL1614105 0: 6.12%, 1: 93.88%
CHEMBL1614109 0: 59.87%, 1: 40.13%
CHEMBL1614128 0: 10.35%, 1: 89.65%
CHEMBL1614131 0: 97.14%, 1: 2.86%
CHEMBL1614132 0: 42.07%, 1: 57.93%
CHEMBL1614138 0: 67.83%, 1: 32.17%
CHEMBL1614155 0: 25.40%, 1: 74.60%
CHEMBL1614158 0: 74.52%, 1: 25.48%
CHEMBL1614167 0: 16.17%, 1: 83.83%
CHEMBL1614170 0: 68.86%, 1: 31.14%
CHEMBL1614171 0: 93.77%, 1: 6.23%
CHEMBL1614175 0: 80.66%, 1: 19.34%
CHEMBL1614185 0: 26.17%, 1: 73.83%
CHEMBL1614197 0: 5.26%, 1: 94.74%
CHEMBL1614199 0: 49.66%, 1: 50.34%
CHEMBL1614202 0: 7.32%, 1: 92.68%
CHEMBL1614215 0: 52.76%, 1: 47.24%
CHEMBL1614216 0: 48.52%, 1: 51.48%
CHEMBL1614218 0: 22.36%, 1: 77.64%
CHEMBL1614225 0: 62.50%, 1: 37.50%
CHEMBL1614244 0: 38.85%, 1: 61.15%
CHEMBL1614247 0: 44.34%, 1: 55.66%
CHEMBL1614252 0: 60.11%, 1: 39.89%
CHEMBL1614255 0: 61.26%, 1: 38.74%
CHEMBL1614259 0: 32.82%, 1: 67.18%
CHEMBL1614272 0: 67.71%, 1: 32.29%
CHEMBL1614276 0: 51.74%, 1: 48.26%
CHEMBL1614287 0: 85.53%, 1: 14.47%
CHEMBL1614288 0: 72.51%, 1: 27.49%
CHEMBL1614290 0: 4.51%, 1: 95.49%
CHEMBL1614295 0: 2.29%, 1: 97.71%
CHEMBL1614301 0: 19.74%, 1: 80.26%
CHEMBL1614304 0: 63.76%, 1: 36.24%
CHEMBL1614309 0: 27.66%, 1: 72.34%
CHEMBL1614311 0: 53.76%, 1: 46.24%
CHEMBL1614314 0: 94.70%, 1: 5.30%
CHEMBL1614319 0: 72.16%, 1: 27.84%
CHEMBL1614320 0: 29.79%, 1: 70.21%
CHEMBL1614321 0: 60.16%, 1: 39.84%
CHEMBL1614328 0: 46.64%, 1: 53.36%
CHEMBL1614329 0: 40.69%, 1: 59.31%
CHEMBL1614336 0: 47.01%, 1: 52.99%
CHEMBL1614344 0: 67.72%, 1: 32.28%
CHEMBL1614356 0: 43.90%, 1: 56.10%
CHEMBL1614359 0: 50.26%, 1: 49.74%
CHEMBL1614363 0: 53.19%, 1: 46.81%
CHEMBL1614385 0: 93.27%, 1: 6.73%
CHEMBL1614388 0: 56.19%, 1: 43.81%
CHEMBL1614393 0: 45.00%, 1: 55.00%
CHEMBL1614395 0: 11.32%, 1: 88.68%
CHEMBL1614403 0: 88.15%, 1: 11.85%
CHEMBL1614423 0: 57.84%, 1: 42.16%
CHEMBL1614425 0: 38.24%, 1: 61.76%
CHEMBL1614433 0: 60.77%, 1: 39.23%
CHEMBL1614434 0: 80.25%, 1: 19.75%
CHEMBL1614456 0: 3.36%, 1: 96.64%
CHEMBL1614466 0: 10.32%, 1: 89.68%
CHEMBL1614469 0: 24.90%, 1: 75.10%
CHEMBL1614477 0: 43.75%, 1: 56.25%
CHEMBL1614478 0: 12.50%, 1: 87.50%
CHEMBL1614480 0: 85.71%, 1: 14.29%
CHEMBL1614484 0: 9.01%, 1: 90.99%
CHEMBL1614492 0: 40.54%, 1: 59.46%
CHEMBL1614499 0: 44.47%, 1: 55.53%
CHEMBL1614503 0: 40.30%, 1: 59.70%
CHEMBL1614504 0: 17.80%, 1: 82.20%
CHEMBL1614509 0: 79.43%, 1: 20.57%
CHEMBL1614512 0: 62.79%, 1: 37.21%
CHEMBL1614514 0: 83.07%, 1: 16.93%
CHEMBL1614515 0: 19.61%, 1: 80.39%
CHEMBL1614516 0: 96.81%, 1: 3.19%
CHEMBL1614522 0: 28.55%, 1: 71.45%
CHEMBL1614524 0: 12.98%, 1: 87.02%
CHEMBL1614528 0: 40.91%, 1: 59.09%
CHEMBL1614547 0: 72.51%, 1: 27.49%
CHEMBL1614548 0: 17.95%, 1: 82.05%
CHEMBL1614549 0: 84.25%, 1: 15.75%
CHEMBL1614550 0: 9.30%, 1: 90.70%
CHEMBL1614554 0: 71.64%, 1: 28.36%
CHEMBL1676103 0: 39.85%, 1: 60.15%
CHEMBL1737860 0: 3.60%, 1: 96.40%
CHEMBL1737863 0: 36.27%, 1: 63.73%
CHEMBL1737865 0: 61.01%, 1: 38.99%
CHEMBL1737868 0: 79.41%, 1: 20.59%
CHEMBL1737910 0: 45.71%, 1: 54.29%
CHEMBL1737912 0: 26.51%, 1: 73.49%
CHEMBL1737942 0: 44.52%, 1: 55.48%
CHEMBL1737951 0: 51.83%, 1: 48.17%
CHEMBL1737961 0: 93.34%, 1: 6.66%
CHEMBL1737966 0: 21.36%, 1: 78.64%
CHEMBL1737967 0: 89.17%, 1: 10.83%
CHEMBL1737977 0: 13.87%, 1: 86.13%
CHEMBL1737978 0: 18.18%, 1: 81.82%
CHEMBL1737979 0: 8.94%, 1: 91.06%
CHEMBL1738019 0: 24.85%, 1: 75.15%
CHEMBL1738021 0: 10.87%, 1: 89.13%
CHEMBL1738025 0: 33.80%, 1: 66.20%
CHEMBL1738040 0: 73.48%, 1: 26.52%
CHEMBL1738043 0: 46.43%, 1: 53.57%
CHEMBL1738079 0: 3.88%, 1: 96.12%
CHEMBL1738080 0: 76.43%, 1: 23.57%
CHEMBL1738091 0: 89.77%, 1: 10.23%
CHEMBL1738097 0: 72.41%, 1: 27.59%
CHEMBL1738131 0: 68.59%, 1: 31.41%
CHEMBL1738164 0: 79.79%, 1: 20.21%
CHEMBL1738171 0: 85.45%, 1: 14.55%
CHEMBL1738183 0: 59.62%, 1: 40.38%
CHEMBL1738197 0: 36.90%, 1: 63.10%
CHEMBL1738202 0: 3.47%, 1: 96.53%
CHEMBL1738242 0: 16.55%, 1: 83.45%
CHEMBL1738249 0: 86.53%, 1: 13.47%
CHEMBL1738253 0: 7.33%, 1: 92.67%
CHEMBL1738319 0: 59.17%, 1: 40.83%
CHEMBL1738325 0: 96.86%, 1: 3.14%
CHEMBL1738362 0: 21.43%, 1: 78.57%
CHEMBL1738369 0: 56.34%, 1: 43.66%
CHEMBL1738371 0: 81.97%, 1: 18.03%
CHEMBL1738391 0: 68.38%, 1: 31.62%
CHEMBL1738400 0: 77.86%, 1: 22.14%
CHEMBL1738402 0: 54.19%, 1: 45.81%
CHEMBL1738407 0: 85.58%, 1: 14.42%
CHEMBL1738408 0: 2.18%, 1: 97.82%
CHEMBL1738414 0: 5.11%, 1: 94.89%
CHEMBL1738418 0: 68.85%, 1: 31.15%
CHEMBL1738422 0: 4.29%, 1: 95.71%
CHEMBL1738424 0: 77.50%, 1: 22.50%
CHEMBL1738430 0: 25.54%, 1: 74.46%
CHEMBL1738438 0: 2.76%, 1: 97.24%
CHEMBL1738482 0: 7.69%, 1: 92.31%
CHEMBL1738485 0: 17.65%, 1: 82.35%
CHEMBL1738494 0: 97.26%, 1: 2.74%
CHEMBL1738495 0: 1.70%, 1: 98.30%
CHEMBL1738497 0: 64.50%, 1: 35.50%
CHEMBL1738502 0: 15.20%, 1: 84.80%
CHEMBL1738510 0: 54.41%, 1: 45.59%
CHEMBL1738512 0: 3.05%, 1: 96.95%
CHEMBL1738513 0: 28.64%, 1: 71.36%
CHEMBL1738552 0: 64.70%, 1: 35.30%
CHEMBL1738575 0: 65.65%, 1: 34.35%
CHEMBL1738578 0: 23.30%, 1: 76.70%
CHEMBL1738579 0: 22.79%, 1: 77.21%
CHEMBL1738593 0: 17.65%, 1: 82.35%
CHEMBL1738599 0: 16.07%, 1: 83.93%
CHEMBL1738602 0: 42.70%, 1: 57.30%
CHEMBL1738610 0: 42.07%, 1: 57.93%
CHEMBL1738611 0: 2.23%, 1: 97.77%
CHEMBL1738632 0: 86.32%, 1: 13.68%
CHEMBL1738633 0: 4.05%, 1: 95.95%
CHEMBL1738639 0: 64.47%, 1: 35.53%
CHEMBL1738642 0: 34.82%, 1: 65.18%
CHEMBL1738670 0: 9.18%, 1: 90.82%
CHEMBL1738673 0: 12.98%, 1: 87.02%
CHEMBL1738679 0: 63.95%, 1: 36.05%
CHEMBL1738682 0: 62.45%, 1: 37.55%
CHEMBL1794296 0: 44.02%, 1: 55.98%
CHEMBL1794303 0: 2.71%, 1: 97.29%
CHEMBL1794320 0: 96.68%, 1: 3.32%
CHEMBL1794327 0: 91.59%, 1: 8.41%
CHEMBL1794336 0: 53.07%, 1: 46.93%
CHEMBL1794350 0: 3.44%, 1: 96.56%
CHEMBL1794355 0: 5.26%, 1: 94.74%
CHEMBL1794356 0: 13.92%, 1: 86.08%
CHEMBL1794358 0: 94.14%, 1: 5.86%
CHEMBL1794365 0: 7.12%, 1: 92.88%
CHEMBL1794383 0: 6.90%, 1: 93.10%
CHEMBL1794387 0: 65.04%, 1: 34.96%
CHEMBL1794393 0: 67.55%, 1: 32.45%
CHEMBL1794396 0: 3.96%, 1: 96.04%
CHEMBL1794410 0: 23.98%, 1: 76.02%
CHEMBL1794413 0: 6.02%, 1: 93.98%
CHEMBL1794438 0: 40.17%, 1: 59.83%
CHEMBL1794445 0: 87.84%, 1: 12.16%
CHEMBL1794452 0: 94.30%, 1: 5.70%
CHEMBL1794457 0: 92.98%, 1: 7.02%
CHEMBL1794460 0: 28.63%, 1: 71.37%
CHEMBL1794467 0: 18.39%, 1: 81.61%
CHEMBL1794475 0: 56.02%, 1: 43.98%
CHEMBL1794484 0: 44.93%, 1: 55.07%
CHEMBL1794494 0: 5.33%, 1: 94.67%
CHEMBL1794497 0: 8.47%, 1: 91.53%
CHEMBL1794499 0: 73.90%, 1: 26.10%
CHEMBL1794508 0: 94.63%, 1: 5.37%
CHEMBL1794516 0: 3.21%, 1: 96.79%
CHEMBL1794522 0: 58.65%, 1: 41.35%
CHEMBL1794528 0: 79.86%, 1: 20.14%
CHEMBL1794531 0: 92.03%, 1: 7.97%
CHEMBL1794548 0: 88.74%, 1: 11.26%
CHEMBL1794566 0: 6.05%, 1: 93.95%
CHEMBL1794567 0: 9.61%, 1: 90.39%
CHEMBL1794570 0: 92.79%, 1: 7.21%
CHEMBL1794571 0: 53.55%, 1: 46.45%
CHEMBL1794573 0: 10.54%, 1: 89.46%
CHEMBL1794574 0: 1.09%, 1: 98.91%
CHEMBL1794578 0: 46.99%, 1: 53.01%
CHEMBL1794581 0: 19.65%, 1: 80.35%
CHEMBL1863510 0: 2.14%, 1: 97.86%
CHEMBL1863512 0: 2.79%, 1: 97.21%
CHEMBL1909084 0: 99.28%, 1: 0.72%
CHEMBL1909085 0: 92.10%, 1: 7.90%
CHEMBL1909086 0: 91.52%, 1: 8.48%
CHEMBL1909087 0: 91.86%, 1: 8.14%
CHEMBL1909088 0: 87.97%, 1: 12.03%
CHEMBL1909089 0: 88.69%, 1: 11.31%
CHEMBL1909090 0: 90.81%, 1: 9.19%
CHEMBL1909091 0: 97.24%, 1: 2.76%
CHEMBL1909092 0: 97.14%, 1: 2.86%
CHEMBL1909093 0: 98.42%, 1: 1.58%
CHEMBL1909094 0: 90.85%, 1: 9.15%
CHEMBL1909095 0: 98.56%, 1: 1.44%
CHEMBL1909097 0: 99.28%, 1: 0.72%
CHEMBL1909102 0: 92.94%, 1: 7.06%
CHEMBL1909103 0: 97.23%, 1: 2.77%
CHEMBL1909104 0: 87.06%, 1: 12.94%
CHEMBL1909105 0: 88.70%, 1: 11.30%
CHEMBL1909106 0: 98.57%, 1: 1.43%
CHEMBL1909107 0: 97.86%, 1: 2.14%
CHEMBL1909108 0: 93.04%, 1: 6.96%
CHEMBL1909109 0: 90.35%, 1: 9.65%
CHEMBL1909110 0: 92.47%, 1: 7.53%
