wandb: Tracking run with wandb version 0.9.3
wandb: Wandb version 0.9.4 is available!  To upgrade, please run:
wandb:  $ pip install wandb --upgrade
wandb: Run data is saved locally in wandb/run-20200808_065741-2w6ykg3e
wandb: Syncing run pretraining_pretraining_1
wandb: ⭐️ View project at https://app.wandb.ai/apappu97/molecule-metalearning
wandb: 🚀 View run at https://app.wandb.ai/apappu97/molecule-metalearning/runs/2w6ykg3e
wandb: Run `wandb off` to turn off syncing.

Fold 0
Command line
python chemprop/pretrain.py --data_path ../../molecule-metalearning/filtered_chembl/chembl_1024_pretraining_train_val_tasks.csv --dataset_type classification --split_type scaffold_balanced --save_dir checkpoints/ --results_save_dir results/pretraining/ --experiment_name pretraining_1
Args
{'activation': 'ReLU',
 'atom_messages': False,
 'batch_size': 32,
 'bias': False,
 'cache_cutoff': 10000,
 'checkpoint_dir': None,
 'checkpoint_path': None,
 'checkpoint_paths': None,
 'class_balance': False,
 'config_path': None,
 'crossval_index_dir': None,
 'crossval_index_file': None,
 'crossval_index_sets': None,
 'data_path': '../../molecule-metalearning/filtered_chembl/chembl_1024_pretraining_train_val_tasks.csv',
 'dataset_type': 'classification',
 'depth': 3,
 'dropout': 0.2,
 'ensemble_size': 1,
 'epochs': 32,
 'experiment_name': 'pretraining_1',
 'features_generator': None,
 'features_only': False,
 'features_path': None,
 'features_size': None,
 'ffn_hidden_size': 400,
 'ffn_num_layers': 2,
 'final_lr': 0.0001,
 'folds_file': None,
 'gpu': None,
 'hidden_size': 300,
 'init_lr': 0.0001,
 'log_frequency': 10,
 'max_data_size': None,
 'max_lr': 0.001,
 'metric': 'prc-auc',
 'minimize_score': False,
 'multiclass_num_classes': 3,
 'no_cuda': False,
 'no_features_scaling': False,
 'num_folds': 1,
 'num_lrs': 1,
 'num_tasks': None,
 'num_workers': 8,
 'pytorch_seed': 0,
 'quiet': False,
 'results_save_dir': 'results/pretraining/',
 'save_dir': 'checkpoints/fold_0',
 'save_smiles_splits': False,
 'seed': 0,
 'seeds': None,
 'separate_test_features_path': None,
 'separate_test_path': None,
 'separate_val_features_path': None,
 'separate_val_path': None,
 'show_individual_scores': False,
 'smiles_column': None,
 'split_sizes': (0.8, 0.2, 0),
 'split_type': 'scaffold_balanced',
 'target_columns': None,
 'task_names': None,
 'test': False,
 'test_fold_index': None,
 'test_time_lr': 0.0001,
 'train_data_size': None,
 'undirected': False,
 'use_input_features': False,
 'val_fold_index': None,
 'warmup_epochs': 2.0}
Loading data
0it [00:00, ?it/s]501it [00:00, 5007.52it/s]1011it [00:00, 5033.36it/s]1466it [00:00, 4876.37it/s]1783it [00:00, 2255.36it/s]2199it [00:00, 2613.77it/s]2720it [00:00, 3072.79it/s]3232it [00:00, 3491.12it/s]3764it [00:01, 3891.05it/s]4280it [00:01, 4199.65it/s]4817it [00:01, 4492.22it/s]5337it [00:01, 4683.38it/s]5835it [00:01, 4277.65it/s]6364it [00:01, 4537.25it/s]6939it [00:01, 4843.13it/s]7531it [00:01, 5122.46it/s]8101it [00:01, 5282.94it/s]8679it [00:01, 5419.70it/s]9277it [00:02, 5576.11it/s]9844it [00:02, 5044.27it/s]10426it [00:02, 5253.65it/s]11027it [00:02, 5458.94it/s]11603it [00:02, 5545.06it/s]12178it [00:02, 5602.37it/s]12781it [00:02, 5723.29it/s]13359it [00:02, 5678.95it/s]13931it [00:02, 5089.47it/s]14520it [00:03, 5305.54it/s]15098it [00:03, 5437.18it/s]15677it [00:03, 5536.66it/s]16258it [00:03, 5614.61it/s]16836it [00:03, 5660.82it/s]17411it [00:03, 5686.09it/s]18007it [00:03, 5764.75it/s]18586it [00:03, 5149.64it/s]19158it [00:03, 5306.82it/s]19746it [00:03, 5464.48it/s]20320it [00:04, 5543.82it/s]20897it [00:04, 5608.18it/s]21494it [00:04, 5711.08it/s]22069it [00:04, 5704.12it/s]22643it [00:04, 5113.26it/s]23234it [00:04, 5328.39it/s]23806it [00:04, 5437.89it/s]24391it [00:04, 5553.38it/s]24978it [00:04, 5643.25it/s]25557it [00:05, 5684.61it/s]26134it [00:05, 5709.23it/s]26708it [00:05, 5162.30it/s]27294it [00:05, 5352.43it/s]27874it [00:05, 5455.76it/s]28455it [00:05, 5556.95it/s]29033it [00:05, 5619.20it/s]29619it [00:05, 5651.43it/s]30211it [00:05, 5728.05it/s]30787it [00:06, 5091.94it/s]31311it [00:06, 2108.78it/s]31887it [00:06, 2603.89it/s]32453it [00:06, 3106.60it/s]33049it [00:06, 3627.15it/s]33619it [00:06, 4070.93it/s]34194it [00:07, 4461.48it/s]34790it [00:07, 4824.01it/s]35351it [00:07, 4562.62it/s]35930it [00:07, 4870.38it/s]36522it [00:07, 5143.25it/s]37103it [00:07, 5324.18it/s]37687it [00:07, 5468.86it/s]38280it [00:07, 5598.67it/s]38866it [00:07, 5673.17it/s]39444it [00:08, 5084.31it/s]40040it [00:08, 5317.22it/s]40618it [00:08, 5447.61it/s]41189it [00:08, 5521.53it/s]41785it [00:08, 5645.56it/s]42360it [00:08, 5673.59it/s]42933it [00:08, 5681.02it/s]43528it [00:08, 5758.63it/s]44107it [00:08, 5100.96it/s]44688it [00:09, 5294.06it/s]45278it [00:09, 5460.25it/s]45857it [00:09, 5553.89it/s]46436it [00:09, 5620.62it/s]47004it [00:09, 5274.60it/s]47540it [00:09, 4591.84it/s]48021it [00:09, 4032.02it/s]48537it [00:09, 4314.88it/s]49070it [00:09, 4575.32it/s]49585it [00:10, 4732.76it/s]50118it [00:10, 4895.81it/s]50637it [00:10, 4978.23it/s]51169it [00:10, 5074.73it/s]51720it [00:10, 5196.80it/s]52246it [00:10, 4776.95it/s]52803it [00:10, 4989.98it/s]53360it [00:10, 5149.03it/s]53939it [00:10, 5323.82it/s]54501it [00:10, 5407.31it/s]55060it [00:11, 5459.82it/s]55647it [00:11, 5574.91it/s]56208it [00:11, 5017.95it/s]56792it [00:11, 5230.86it/s]57390it [00:11, 5433.18it/s]57968it [00:11, 5532.51it/s]58546it [00:11, 5603.66it/s]59142it [00:11, 5704.23it/s]59717it [00:11, 5697.67it/s]60290it [00:12, 5114.96it/s]60512it [00:12, 5003.33it/s]
Number of examples remaining: 60512
  0% 0/60512 [00:00<?, ?it/s] 28% 16960/60512 [00:01<00:03, 13990.33it/s]100% 60512/60512 [00:01<00:00, 47583.00it/s]
  0% 0/60512 [00:00<?, ?it/s]  1% 564/60512 [00:00<00:10, 5638.12it/s]  2% 1110/60512 [00:00<00:10, 5582.12it/s]  3% 1634/60512 [00:00<00:10, 5469.41it/s]  4% 2126/60512 [00:00<00:11, 5292.06it/s]  4% 2607/60512 [00:00<00:11, 5137.09it/s]  5% 3198/60512 [00:00<00:10, 5344.74it/s]  6% 3695/60512 [00:00<00:10, 5218.75it/s]  7% 4208/60512 [00:00<00:10, 5187.51it/s]  8% 4718/60512 [00:00<00:10, 5160.11it/s]  9% 5213/60512 [00:01<00:11, 5016.43it/s]  9% 5701/60512 [00:01<00:11, 4942.76it/s] 10% 6186/60512 [00:01<00:11, 4873.83it/s] 11% 6671/60512 [00:01<00:11, 4865.94it/s] 12% 7154/60512 [00:01<00:11, 4815.44it/s] 13% 7645/60512 [00:01<00:10, 4841.64it/s] 13% 8128/60512 [00:01<00:11, 4753.03it/s] 14% 8633/60512 [00:01<00:10, 4836.45it/s] 15% 9119/60512 [00:01<00:10, 4842.77it/s] 16% 9605/60512 [00:01<00:10, 4846.16it/s] 17% 10090/60512 [00:02<00:10, 4833.27it/s] 17% 10574/60512 [00:02<00:10, 4803.50it/s] 18% 11073/60512 [00:02<00:10, 4857.92it/s] 19% 11564/60512 [00:02<00:10, 4872.57it/s] 20% 12054/60512 [00:02<00:09, 4880.43it/s] 21% 12546/60512 [00:02<00:09, 4889.28it/s] 22% 13056/60512 [00:02<00:09, 4948.32it/s] 22% 13552/60512 [00:02<00:09, 4933.91it/s] 23% 14046/60512 [00:02<00:09, 4880.24it/s] 24% 14535/60512 [00:02<00:09, 4843.59it/s] 25% 15024/60512 [00:03<00:09, 4857.39it/s] 26% 15517/60512 [00:03<00:09, 4878.25it/s] 26% 16008/60512 [00:03<00:09, 4887.36it/s] 27% 16533/60512 [00:03<00:08, 4989.78it/s] 28% 17033/60512 [00:03<00:08, 4982.68it/s] 29% 17545/60512 [00:03<00:08, 5021.96it/s] 30% 18048/60512 [00:03<00:08, 5018.11it/s] 31% 18551/60512 [00:03<00:08, 4957.88it/s] 31% 19048/60512 [00:03<00:08, 4955.73it/s] 32% 19544/60512 [00:03<00:08, 4932.98it/s] 33% 20038/60512 [00:04<00:08, 4902.23it/s] 34% 20529/60512 [00:04<00:08, 4898.54it/s] 35% 21019/60512 [00:04<00:08, 4872.37it/s] 36% 21519/60512 [00:04<00:07, 4908.79it/s] 36% 22021/60512 [00:04<00:07, 4940.88it/s] 37% 22516/60512 [00:04<00:07, 4928.97it/s] 38% 23021/60512 [00:04<00:07, 4964.42it/s] 39% 23526/60512 [00:04<00:07, 4988.84it/s] 40% 24028/60512 [00:04<00:07, 4996.24it/s] 41% 24528/60512 [00:04<00:07, 4977.43it/s] 41% 25026/60512 [00:05<00:07, 4963.22it/s] 42% 25523/60512 [00:05<00:07, 4935.85it/s] 43% 26017/60512 [00:05<00:06, 4933.84it/s] 44% 26523/60512 [00:05<00:06, 4967.48it/s] 45% 27028/60512 [00:05<00:06, 4991.49it/s] 45% 27528/60512 [00:05<00:06, 4971.68it/s] 46% 28026/60512 [00:05<00:06, 4927.75it/s] 47% 28519/60512 [00:05<00:06, 4893.01it/s] 48% 29022/60512 [00:05<00:06, 4932.72it/s] 49% 29518/60512 [00:05<00:06, 4940.76it/s] 50% 30018/60512 [00:06<00:06, 4957.11it/s] 50% 30514/60512 [00:06<00:06, 4940.61it/s] 51% 31018/60512 [00:06<00:05, 4965.91it/s] 52% 31515/60512 [00:06<00:05, 4957.59it/s] 53% 32011/60512 [00:06<00:05, 4926.48it/s] 54% 32508/60512 [00:06<00:05, 4939.31it/s] 55% 33003/60512 [00:06<00:05, 4932.46it/s] 55% 33501/60512 [00:06<00:05, 4946.40it/s] 56% 33998/60512 [00:06<00:05, 4951.87it/s] 57% 34494/60512 [00:06<00:05, 4906.29it/s] 58% 34985/60512 [00:07<00:05, 4856.89it/s] 59% 35474/60512 [00:07<00:05, 4862.91it/s] 59% 35966/60512 [00:07<00:05, 4877.34it/s] 60% 36469/60512 [00:07<00:04, 4919.81it/s] 61% 36980/60512 [00:07<00:04, 4972.52it/s] 62% 37484/60512 [00:07<00:04, 4989.99it/s] 63% 37984/60512 [00:07<00:04, 4953.35it/s] 64% 38480/60512 [00:07<00:04, 4953.17it/s] 64% 38985/60512 [00:07<00:04, 4981.81it/s] 65% 39484/60512 [00:07<00:04, 4955.41it/s] 66% 39980/60512 [00:08<00:04, 4913.38it/s] 67% 40475/60512 [00:08<00:04, 4924.18it/s] 68% 40971/60512 [00:08<00:03, 4934.23it/s] 69% 41465/60512 [00:08<00:03, 4931.99it/s] 69% 41959/60512 [00:08<00:03, 4889.47it/s] 70% 42457/60512 [00:08<00:03, 4912.52it/s] 71% 42955/60512 [00:08<00:03, 4929.88it/s] 72% 43453/60512 [00:08<00:03, 4942.58it/s] 73% 43958/60512 [00:08<00:03, 4972.61it/s] 73% 44458/60512 [00:08<00:03, 4979.87it/s] 74% 44957/60512 [00:09<00:03, 4925.43it/s] 75% 45450/60512 [00:09<00:03, 4903.42it/s] 76% 45941/60512 [00:09<00:02, 4900.43it/s] 77% 46433/60512 [00:09<00:02, 4906.25it/s] 78% 46924/60512 [00:09<00:02, 4898.59it/s] 78% 47414/60512 [00:09<00:02, 4874.54it/s] 79% 47902/60512 [00:09<00:02, 4855.42it/s] 80% 48388/60512 [00:09<00:02, 4803.22it/s] 81% 48869/60512 [00:09<00:02, 4779.15it/s] 82% 49348/60512 [00:10<00:02, 4741.13it/s] 82% 49823/60512 [00:10<00:02, 4727.02it/s] 83% 50296/60512 [00:10<00:02, 4680.01it/s] 84% 50765/60512 [00:10<00:02, 4627.01it/s] 85% 51232/60512 [00:10<00:02, 4639.43it/s] 85% 51697/60512 [00:10<00:01, 4617.60it/s] 86% 52159/60512 [00:10<00:01, 4563.66it/s] 87% 52645/60512 [00:10<00:01, 4647.11it/s] 88% 53116/60512 [00:10<00:01, 4663.36it/s] 89% 53592/60512 [00:10<00:01, 4690.51it/s] 89% 54065/60512 [00:11<00:01, 4701.51it/s] 90% 54536/60512 [00:11<00:01, 4546.55it/s] 91% 55005/60512 [00:11<00:01, 4587.26it/s] 92% 55465/60512 [00:11<00:01, 4513.83it/s] 92% 55918/60512 [00:11<00:01, 4317.75it/s] 93% 56353/60512 [00:11<00:01, 3973.12it/s] 94% 56758/60512 [00:11<00:01, 3736.57it/s] 94% 57140/60512 [00:11<00:00, 3612.36it/s] 95% 57585/60512 [00:11<00:00, 3828.21it/s] 96% 58107/60512 [00:12<00:00, 4159.27it/s] 97% 58573/60512 [00:12<00:00, 4294.79it/s] 98% 59021/60512 [00:12<00:00, 4348.04it/s] 98% 59541/60512 [00:12<00:00, 4570.65it/s] 99% 60067/60512 [00:12<00:00, 4757.29it/s]100% 60512/60512 [00:12<00:00, 4840.01it/s]
Number of tasks = 619
Splitting data with seed 0
  0% 0/60512 [00:00<?, ?it/s]  1% 418/60512 [00:00<00:14, 4179.43it/s]  1% 824/60512 [00:00<00:14, 4140.85it/s]  2% 1242/60512 [00:00<00:14, 4150.34it/s]  3% 1704/60512 [00:00<00:13, 4279.28it/s]  4% 2157/60512 [00:00<00:13, 4351.48it/s]  4% 2587/60512 [00:00<00:13, 4335.66it/s]  5% 3142/60512 [00:00<00:12, 4637.70it/s]  6% 3578/60512 [00:00<00:12, 4467.55it/s]  7% 4007/60512 [00:00<00:13, 4324.41it/s]  7% 4456/60512 [00:01<00:12, 4370.64it/s]  8% 4892/60512 [00:01<00:12, 4349.21it/s]  9% 5322/60512 [00:01<00:12, 4255.19it/s] 10% 5762/60512 [00:01<00:12, 4296.09it/s] 10% 6190/60512 [00:01<00:12, 4266.52it/s] 11% 6631/60512 [00:01<00:12, 4308.53it/s] 12% 7071/60512 [00:01<00:12, 4334.53it/s] 12% 7504/60512 [00:01<00:12, 4315.91it/s] 13% 7936/60512 [00:01<00:12, 4140.59it/s] 14% 8352/60512 [00:01<00:12, 4035.48it/s] 15% 8806/60512 [00:02<00:12, 4173.73it/s] 15% 9257/60512 [00:02<00:12, 4267.29it/s] 16% 9704/60512 [00:02<00:11, 4325.03it/s] 17% 10144/60512 [00:02<00:11, 4342.61it/s] 17% 10580/60512 [00:02<00:11, 4310.65it/s] 18% 11039/60512 [00:02<00:11, 4389.25it/s] 19% 11479/60512 [00:04<00:56, 868.64it/s]  20% 11940/60512 [00:04<00:42, 1148.16it/s] 20% 12388/60512 [00:04<00:32, 1477.62it/s] 21% 12855/60512 [00:04<00:25, 1858.71it/s] 22% 13319/60512 [00:04<00:20, 2265.29it/s] 23% 13762/60512 [00:04<00:17, 2653.46it/s] 23% 14193/60512 [00:04<00:15, 2989.61it/s] 24% 14637/60512 [00:04<00:13, 3314.40it/s] 25% 15090/60512 [00:04<00:12, 3602.13it/s] 26% 15543/60512 [00:04<00:11, 3837.55it/s] 26% 15994/60512 [00:05<00:11, 4016.81it/s] 27% 16478/60512 [00:05<00:10, 4231.34it/s] 28% 16937/60512 [00:05<00:10, 4331.43it/s] 29% 17414/60512 [00:05<00:09, 4454.21it/s] 30% 17880/60512 [00:05<00:09, 4512.87it/s] 30% 18344/60512 [00:05<00:09, 4510.95it/s] 31% 18804/60512 [00:05<00:09, 4528.24it/s] 32% 19269/60512 [00:05<00:09, 4563.32it/s] 33% 19730/60512 [00:05<00:09, 4510.30it/s] 33% 20185/60512 [00:05<00:08, 4520.35it/s] 34% 20640/60512 [00:06<00:08, 4497.19it/s] 35% 21092/60512 [00:06<00:08, 4469.56it/s] 36% 21555/60512 [00:06<00:08, 4515.92it/s] 36% 22021/60512 [00:06<00:08, 4557.87it/s] 37% 22488/60512 [00:06<00:08, 4590.90it/s] 38% 22957/60512 [00:06<00:08, 4618.93it/s] 39% 23427/60512 [00:06<00:07, 4641.04it/s] 39% 23896/60512 [00:06<00:07, 4654.83it/s] 40% 24362/60512 [00:06<00:07, 4642.44it/s] 41% 24827/60512 [00:06<00:07, 4624.80it/s] 42% 25290/60512 [00:07<00:07, 4590.22it/s] 43% 25750/60512 [00:07<00:07, 4576.67it/s] 43% 26208/60512 [00:07<00:07, 4570.89it/s] 44% 26668/60512 [00:07<00:07, 4577.46it/s] 45% 27138/60512 [00:07<00:07, 4612.39it/s] 46% 27600/60512 [00:07<00:07, 4567.93it/s] 46% 28057/60512 [00:07<00:07, 4540.94it/s] 47% 28512/60512 [00:07<00:07, 4520.51it/s] 48% 28978/60512 [00:07<00:06, 4561.36it/s] 49% 29444/60512 [00:07<00:06, 4590.35it/s] 49% 29904/60512 [00:08<00:06, 4591.98it/s] 50% 30369/60512 [00:08<00:06, 4608.69it/s] 51% 30830/60512 [00:08<00:06, 4600.60it/s] 52% 31298/60512 [00:08<00:06, 4622.27it/s] 52% 31761/60512 [00:08<00:06, 4561.53it/s] 53% 32218/60512 [00:08<00:06, 4558.07it/s] 54% 32682/60512 [00:08<00:06, 4581.31it/s] 55% 33141/60512 [00:08<00:05, 4580.20it/s] 56% 33612/60512 [00:08<00:05, 4616.69it/s] 56% 34074/60512 [00:08<00:05, 4601.23it/s] 57% 34535/60512 [00:09<00:05, 4544.56it/s] 58% 34990/60512 [00:09<00:05, 4490.35it/s] 59% 35444/60512 [00:09<00:05, 4502.10it/s] 59% 35895/60512 [00:09<00:05, 4501.91it/s] 60% 36367/60512 [00:09<00:05, 4563.77it/s] 61% 36839/60512 [00:09<00:05, 4607.10it/s] 62% 37307/60512 [00:09<00:05, 4628.06it/s] 62% 37772/60512 [00:09<00:04, 4630.83it/s] 63% 38236/60512 [00:09<00:04, 4582.36it/s] 64% 38710/60512 [00:09<00:04, 4628.26it/s] 65% 39174/60512 [00:10<00:04, 4621.22it/s] 66% 39637/60512 [00:10<00:04, 4575.27it/s] 66% 40095/60512 [00:10<00:04, 4510.60it/s] 67% 40563/60512 [00:10<00:04, 4559.31it/s] 68% 41020/60512 [00:10<00:04, 4557.90it/s] 69% 41477/60512 [00:10<00:04, 4536.79it/s] 69% 41931/60512 [00:10<00:04, 4480.99it/s] 70% 42397/60512 [00:10<00:03, 4531.30it/s] 71% 42857/60512 [00:10<00:03, 4550.98it/s] 72% 43317/60512 [00:10<00:03, 4564.45it/s] 72% 43787/60512 [00:11<00:03, 4604.12it/s] 73% 44248/60512 [00:11<00:03, 4582.75it/s] 74% 44707/60512 [00:11<00:03, 4574.78it/s] 75% 45165/60512 [00:11<00:03, 4523.28it/s] 75% 45618/60512 [00:11<00:03, 4511.95it/s] 76% 46078/60512 [00:11<00:03, 4537.09it/s] 77% 46534/60512 [00:11<00:03, 4542.72it/s] 78% 46989/60512 [00:11<00:03, 4486.90it/s] 78% 47438/60512 [00:11<00:02, 4437.97it/s] 79% 47883/60512 [00:11<00:02, 4365.58it/s] 80% 48321/60512 [00:12<00:02, 4324.17it/s] 81% 48754/60512 [00:12<00:02, 4281.18it/s] 81% 49183/60512 [00:12<00:02, 4178.77it/s] 82% 49602/60512 [00:12<00:02, 4156.13it/s] 83% 50019/60512 [00:12<00:02, 4157.67it/s] 83% 50436/60512 [00:12<00:02, 4107.05it/s] 84% 50848/60512 [00:12<00:02, 4058.83it/s] 85% 51265/60512 [00:12<00:02, 4085.79it/s] 85% 51674/60512 [00:12<00:02, 4016.94it/s] 86% 52085/60512 [00:13<00:02, 4040.28it/s] 87% 52490/60512 [00:13<00:02, 3832.23it/s] 87% 52903/60512 [00:13<00:01, 3916.29it/s] 88% 53305/60512 [00:13<00:01, 3935.04it/s] 89% 53749/60512 [00:13<00:01, 4073.94it/s] 90% 54160/60512 [00:13<00:01, 4084.24it/s] 90% 54571/60512 [00:13<00:01, 3878.67it/s] 91% 54989/60512 [00:13<00:01, 3963.60it/s] 92% 55389/60512 [00:13<00:01, 3884.41it/s] 92% 55780/60512 [00:13<00:01, 3726.41it/s] 93% 56156/60512 [00:14<00:01, 3358.51it/s] 93% 56501/60512 [00:14<00:01, 3064.57it/s] 94% 56819/60512 [00:14<00:01, 2866.46it/s] 94% 57117/60512 [00:14<00:01, 2774.64it/s] 95% 57472/60512 [00:14<00:01, 2969.08it/s] 96% 57955/60512 [00:14<00:00, 3354.73it/s] 97% 58430/60512 [00:14<00:00, 3677.24it/s] 97% 58824/60512 [00:14<00:00, 3578.55it/s] 98% 59285/60512 [00:15<00:00, 3834.03it/s] 99% 59771/60512 [00:15<00:00, 4090.79it/s]100% 60259/60512 [00:15<00:00, 4296.54it/s]100% 60512/60512 [00:15<00:00, 3960.51it/s]
Total scaffolds = 30,024 | train scaffolds = 23,832 | val scaffolds = 6,192 | test scaffolds = 0
/home/apappu/thesis/molecule-metalearning-finetuning/molecule-metalearning/chemprop/chemprop/data/scaffold.py:150: RuntimeWarning: Mean of empty slice
  target_avgs.append(np.nanmean(targets, axis=0))
Label averages per scaffold, in decreasing order of scaffold frequency,capped at 10 scaffolds and 20 labels: [(array([nan, nan, nan, nan, nan, nan, nan, nan, nan, nan, nan, nan, nan,
       nan, nan, nan, nan, nan, nan, nan]), array([0, 0, 0, 0, 0, 0, 0, 0, 0, 0, 0, 0, 0, 0, 0, 0, 0, 0, 0, 0])), (array([nan, nan, nan, nan, nan, nan, nan, nan, nan, nan, nan, nan, nan,
       nan, nan, nan, nan, nan, nan, nan]), array([0, 0, 0, 0, 0, 0, 0, 0, 0, 0, 0, 0, 0, 0, 0, 0, 0, 0, 0, 0])), (array([nan, nan, nan, nan, nan, nan, nan, nan, nan, nan, nan, nan, nan,
       nan, nan, nan, nan, nan, nan, nan]), array([0, 0, 0, 0, 0, 0, 0, 0, 0, 0, 0, 0, 0, 0, 0, 0, 0, 0, 0, 0])), (array([nan, nan, nan, nan, nan, nan, nan, nan, nan, nan, nan, nan, nan,
       nan, nan, nan, nan, nan, nan, nan]), array([0, 0, 0, 0, 0, 0, 0, 0, 0, 0, 0, 0, 0, 0, 0, 0, 0, 0, 0, 0])), (array([nan, nan, nan, nan, nan, nan, nan, nan, nan, nan, nan, nan, nan,
       nan, nan, nan, nan, nan, nan, nan]), array([0, 0, 0, 0, 0, 0, 0, 0, 0, 0, 0, 0, 0, 0, 0, 0, 0, 0, 0, 0])), (array([nan, nan, nan, nan, nan, nan, nan, nan, nan, nan, nan, nan, nan,
       nan, nan, nan, nan, nan, nan, nan]), array([0, 0, 0, 0, 0, 0, 0, 0, 0, 0, 0, 0, 0, 0, 0, 0, 0, 0, 0, 0])), (array([nan, nan, nan, nan, nan, nan, nan, nan, nan, nan, nan, nan, nan,
       nan, nan, nan, nan, nan, nan, nan]), array([0, 0, 0, 0, 0, 0, 0, 0, 0, 0, 0, 0, 0, 0, 0, 0, 0, 0, 0, 0])), (array([nan, nan, nan, nan, nan, nan, nan, nan, nan, nan, nan, nan, nan,
       nan, nan, nan, nan, nan, nan, nan]), array([0, 0, 0, 0, 0, 0, 0, 0, 0, 0, 0, 0, 0, 0, 0, 0, 0, 0, 0, 0])), (array([nan, nan, nan, nan, nan, nan, nan, nan, nan, nan, nan, nan, nan,
       nan, nan, nan, nan, nan, nan, nan]), array([0, 0, 0, 0, 0, 0, 0, 0, 0, 0, 0, 0, 0, 0, 0, 0, 0, 0, 0, 0])), (array([nan, nan, nan, nan, nan, nan, nan, nan, nan, nan, nan, nan, nan,
       nan, nan, nan, nan, nan, nan, nan]), array([0, 0, 0, 0, 0, 0, 0, 0, 0, 0, 0, 0, 0, 0, 0, 0, 0, 0, 0, 0]))]
Class sizes
CHEMBL1033994 0: 41.98%, 1: 58.02%
CHEMBL1119333 0: 9.59%, 1: 90.41%
CHEMBL1217000 0: 52.41%, 1: 47.59%
CHEMBL1243965 0: 17.11%, 1: 82.89%
CHEMBL1243966 0: 41.96%, 1: 58.04%
CHEMBL1243967 0: 10.17%, 1: 89.83%
CHEMBL1243968 0: 15.06%, 1: 84.94%
CHEMBL1243970 0: 6.91%, 1: 93.09%
CHEMBL1243972 0: 9.92%, 1: 90.08%
CHEMBL1243976 0: 28.99%, 1: 71.01%
CHEMBL1246087 0: 33.88%, 1: 66.12%
CHEMBL1246088 0: 48.37%, 1: 51.63%
CHEMBL1613762 0: 2.45%, 1: 97.55%
CHEMBL1613779 0: 58.47%, 1: 41.53%
CHEMBL1613785 0: 43.22%, 1: 56.78%
CHEMBL1613787 0: 69.08%, 1: 30.92%
CHEMBL1613807 0: 95.99%, 1: 4.01%
CHEMBL1613813 0: 44.20%, 1: 55.80%
CHEMBL1613814 0: 53.85%, 1: 46.15%
CHEMBL1613817 0: 84.86%, 1: 15.14%
CHEMBL1613853 0: 41.86%, 1: 58.14%
CHEMBL1613861 0: 14.47%, 1: 85.53%
CHEMBL1613864 0: 5.19%, 1: 94.81%
CHEMBL1613867 0: 97.13%, 1: 2.87%
CHEMBL1613870 0: 15.80%, 1: 84.20%
CHEMBL1613871 0: 6.15%, 1: 93.85%
CHEMBL1613874 0: 65.78%, 1: 34.22%
CHEMBL1613876 0: 54.35%, 1: 45.65%
CHEMBL1613884 0: 21.51%, 1: 78.49%
CHEMBL1613890 0: 34.85%, 1: 65.15%
CHEMBL1613897 0: 46.64%, 1: 53.36%
CHEMBL1613898 0: 75.45%, 1: 24.55%
CHEMBL1613904 0: 50.77%, 1: 49.23%
CHEMBL1613907 0: 5.34%, 1: 94.66%
CHEMBL1613926 0: 30.15%, 1: 69.85%
CHEMBL1613928 0: 45.90%, 1: 54.10%
CHEMBL1613929 0: 81.25%, 1: 18.75%
CHEMBL1613941 0: 32.58%, 1: 67.42%
CHEMBL1613942 0: 41.43%, 1: 58.57%
CHEMBL1613947 0: 46.01%, 1: 53.99%
CHEMBL1613949 0: 60.13%, 1: 39.87%
CHEMBL1613950 0: 43.05%, 1: 56.95%
CHEMBL1613955 0: 54.04%, 1: 45.96%
CHEMBL1613962 0: 24.26%, 1: 75.74%
CHEMBL1613967 0: 44.59%, 1: 55.41%
CHEMBL1613981 0: 58.85%, 1: 41.15%
CHEMBL1613991 0: 14.98%, 1: 85.02%
CHEMBL1613997 0: 7.73%, 1: 92.27%
CHEMBL1614001 0: 98.28%, 1: 1.72%
CHEMBL1614004 0: 14.66%, 1: 85.34%
CHEMBL1614016 0: 12.22%, 1: 87.78%
CHEMBL1614030 0: 19.96%, 1: 80.04%
CHEMBL1614034 0: 2.63%, 1: 97.37%
CHEMBL1614035 0: 77.14%, 1: 22.86%
CHEMBL1614049 0: 39.63%, 1: 60.37%
CHEMBL1614053 0: 42.48%, 1: 57.52%
CHEMBL1614063 0: 95.18%, 1: 4.82%
CHEMBL1614065 0: 9.71%, 1: 90.29%
CHEMBL1614066 0: 94.74%, 1: 5.26%
CHEMBL1614069 0: 56.82%, 1: 43.18%
CHEMBL1614072 0: 50.36%, 1: 49.64%
CHEMBL1614084 0: 13.26%, 1: 86.74%
CHEMBL1614091 0: 4.43%, 1: 95.57%
CHEMBL1614092 0: 47.50%, 1: 52.50%
CHEMBL1614097 0: 46.99%, 1: 53.01%
CHEMBL1614098 0: 97.25%, 1: 2.75%
CHEMBL1614104 0: 7.74%, 1: 92.26%
CHEMBL1614105 0: 6.12%, 1: 93.88%
CHEMBL1614109 0: 59.87%, 1: 40.13%
CHEMBL1614128 0: 10.35%, 1: 89.65%
CHEMBL1614131 0: 97.14%, 1: 2.86%
CHEMBL1614132 0: 42.07%, 1: 57.93%
CHEMBL1614138 0: 67.83%, 1: 32.17%
CHEMBL1614155 0: 25.40%, 1: 74.60%
CHEMBL1614158 0: 74.52%, 1: 25.48%
CHEMBL1614167 0: 16.17%, 1: 83.83%
CHEMBL1614171 0: 93.77%, 1: 6.23%
CHEMBL1614175 0: 80.66%, 1: 19.34%
CHEMBL1614185 0: 26.17%, 1: 73.83%
CHEMBL1614197 0: 5.26%, 1: 94.74%
CHEMBL1614199 0: 49.66%, 1: 50.34%
CHEMBL1614215 0: 52.76%, 1: 47.24%
CHEMBL1614216 0: 48.52%, 1: 51.48%
CHEMBL1614218 0: 22.36%, 1: 77.64%
CHEMBL1614225 0: 62.50%, 1: 37.50%
CHEMBL1614244 0: 38.85%, 1: 61.15%
CHEMBL1614247 0: 44.34%, 1: 55.66%
CHEMBL1614252 0: 60.11%, 1: 39.89%
CHEMBL1614255 0: 61.26%, 1: 38.74%
CHEMBL1614259 0: 32.82%, 1: 67.18%
CHEMBL1614272 0: 67.71%, 1: 32.29%
CHEMBL1614276 0: 51.74%, 1: 48.26%
CHEMBL1614287 0: 85.53%, 1: 14.47%
CHEMBL1614288 0: 72.51%, 1: 27.49%
CHEMBL1614290 0: 4.51%, 1: 95.49%
CHEMBL1614295 0: 2.29%, 1: 97.71%
CHEMBL1614301 0: 19.74%, 1: 80.26%
CHEMBL1614304 0: 63.76%, 1: 36.24%
CHEMBL1614309 0: 27.66%, 1: 72.34%
CHEMBL1614311 0: 53.76%, 1: 46.24%
CHEMBL1614314 0: 94.70%, 1: 5.30%
CHEMBL1614319 0: 72.16%, 1: 27.84%
CHEMBL1614320 0: 29.79%, 1: 70.21%
CHEMBL1614321 0: 60.16%, 1: 39.84%
CHEMBL1614328 0: 46.64%, 1: 53.36%
CHEMBL1614329 0: 40.69%, 1: 59.31%
CHEMBL1614336 0: 47.01%, 1: 52.99%
CHEMBL1614344 0: 67.72%, 1: 32.28%
CHEMBL1614356 0: 43.90%, 1: 56.10%
CHEMBL1614363 0: 53.19%, 1: 46.81%
CHEMBL1614385 0: 93.27%, 1: 6.73%
CHEMBL1614388 0: 56.19%, 1: 43.81%
CHEMBL1614393 0: 45.00%, 1: 55.00%
CHEMBL1614395 0: 11.32%, 1: 88.68%
CHEMBL1614403 0: 88.15%, 1: 11.85%
CHEMBL1614423 0: 57.84%, 1: 42.16%
CHEMBL1614425 0: 38.24%, 1: 61.76%
CHEMBL1614433 0: 60.77%, 1: 39.23%
CHEMBL1614434 0: 80.25%, 1: 19.75%
CHEMBL1614456 0: 3.36%, 1: 96.64%
CHEMBL1614466 0: 10.32%, 1: 89.68%
CHEMBL1614469 0: 24.90%, 1: 75.10%
CHEMBL1614477 0: 43.75%, 1: 56.25%
CHEMBL1614478 0: 12.50%, 1: 87.50%
CHEMBL1614480 0: 85.71%, 1: 14.29%
CHEMBL1614484 0: 9.01%, 1: 90.99%
CHEMBL1614492 0: 40.54%, 1: 59.46%
CHEMBL1614499 0: 44.47%, 1: 55.53%
CHEMBL1614503 0: 40.30%, 1: 59.70%
CHEMBL1614504 0: 17.80%, 1: 82.20%
CHEMBL1614509 0: 79.43%, 1: 20.57%
CHEMBL1614512 0: 62.79%, 1: 37.21%
CHEMBL1614514 0: 83.07%, 1: 16.93%
CHEMBL1614515 0: 19.61%, 1: 80.39%
CHEMBL1614516 0: 96.81%, 1: 3.19%
CHEMBL1614522 0: 28.55%, 1: 71.45%
CHEMBL1614524 0: 12.98%, 1: 87.02%
CHEMBL1614528 0: 40.91%, 1: 59.09%
CHEMBL1614547 0: 72.51%, 1: 27.49%
CHEMBL1614548 0: 17.95%, 1: 82.05%
CHEMBL1614549 0: 84.25%, 1: 15.75%
CHEMBL1614550 0: 9.30%, 1: 90.70%
CHEMBL1614554 0: 71.64%, 1: 28.36%
CHEMBL1676103 0: 39.85%, 1: 60.15%
CHEMBL1737860 0: 3.60%, 1: 96.40%
CHEMBL1737863 0: 36.27%, 1: 63.73%
CHEMBL1737865 0: 61.01%, 1: 38.99%
CHEMBL1737868 0: 79.41%, 1: 20.59%
CHEMBL1737910 0: 45.71%, 1: 54.29%
CHEMBL1737912 0: 26.51%, 1: 73.49%
CHEMBL1737942 0: 44.52%, 1: 55.48%
CHEMBL1737951 0: 51.83%, 1: 48.17%
CHEMBL1737961 0: 93.34%, 1: 6.66%
CHEMBL1737966 0: 21.36%, 1: 78.64%
CHEMBL1737967 0: 89.17%, 1: 10.83%
CHEMBL1737977 0: 13.87%, 1: 86.13%
CHEMBL1737978 0: 18.18%, 1: 81.82%
CHEMBL1737979 0: 8.94%, 1: 91.06%
CHEMBL1738025 0: 33.80%, 1: 66.20%
CHEMBL1738040 0: 73.48%, 1: 26.52%
CHEMBL1738043 0: 46.43%, 1: 53.57%
CHEMBL1738079 0: 3.88%, 1: 96.12%
CHEMBL1738080 0: 76.43%, 1: 23.57%
CHEMBL1738091 0: 89.77%, 1: 10.23%
CHEMBL1738097 0: 72.41%, 1: 27.59%
CHEMBL1738164 0: 79.79%, 1: 20.21%
CHEMBL1738171 0: 85.45%, 1: 14.55%
CHEMBL1738183 0: 59.62%, 1: 40.38%
CHEMBL1738197 0: 36.90%, 1: 63.10%
CHEMBL1738242 0: 16.55%, 1: 83.45%
CHEMBL1738249 0: 86.53%, 1: 13.47%
CHEMBL1738253 0: 7.33%, 1: 92.67%
CHEMBL1738319 0: 59.17%, 1: 40.83%
CHEMBL1738325 0: 96.86%, 1: 3.14%
CHEMBL1738362 0: 21.43%, 1: 78.57%
CHEMBL1738369 0: 56.34%, 1: 43.66%
CHEMBL1738371 0: 81.97%, 1: 18.03%
CHEMBL1738391 0: 68.38%, 1: 31.62%
CHEMBL1738400 0: 77.86%, 1: 22.14%
CHEMBL1738402 0: 54.19%, 1: 45.81%
CHEMBL1738407 0: 85.58%, 1: 14.42%
CHEMBL1738408 0: 2.18%, 1: 97.82%
CHEMBL1738414 0: 5.11%, 1: 94.89%
CHEMBL1738418 0: 68.85%, 1: 31.15%
CHEMBL1738422 0: 4.29%, 1: 95.71%
CHEMBL1738424 0: 77.50%, 1: 22.50%
CHEMBL1738430 0: 25.54%, 1: 74.46%
CHEMBL1738438 0: 2.76%, 1: 97.24%
CHEMBL1738482 0: 7.69%, 1: 92.31%
CHEMBL1738485 0: 17.65%, 1: 82.35%
CHEMBL1738494 0: 97.26%, 1: 2.74%
CHEMBL1738495 0: 1.70%, 1: 98.30%
CHEMBL1738497 0: 64.50%, 1: 35.50%
CHEMBL1738502 0: 15.20%, 1: 84.80%
CHEMBL1738510 0: 54.41%, 1: 45.59%
CHEMBL1738512 0: 3.05%, 1: 96.95%
CHEMBL1738513 0: 28.64%, 1: 71.36%
CHEMBL1738552 0: 64.70%, 1: 35.30%
CHEMBL1738575 0: 65.65%, 1: 34.35%
CHEMBL1738578 0: 23.30%, 1: 76.70%
CHEMBL1738579 0: 22.79%, 1: 77.21%
CHEMBL1738593 0: 17.65%, 1: 82.35%
CHEMBL1738599 0: 16.07%, 1: 83.93%
CHEMBL1738602 0: 42.70%, 1: 57.30%
CHEMBL1738610 0: 42.07%, 1: 57.93%
CHEMBL1738611 0: 2.23%, 1: 97.77%
CHEMBL1738632 0: 86.32%, 1: 13.68%
CHEMBL1738633 0: 4.05%, 1: 95.95%
CHEMBL1738639 0: 64.47%, 1: 35.53%
CHEMBL1738642 0: 34.82%, 1: 65.18%
CHEMBL1738670 0: 9.18%, 1: 90.82%
CHEMBL1738673 0: 12.98%, 1: 87.02%
CHEMBL1738679 0: 63.95%, 1: 36.05%
CHEMBL1738682 0: 62.45%, 1: 37.55%
CHEMBL1794296 0: 44.02%, 1: 55.98%
CHEMBL1794303 0: 2.71%, 1: 97.29%
CHEMBL1794320 0: 96.68%, 1: 3.32%
CHEMBL1794327 0: 91.59%, 1: 8.41%
CHEMBL1794336 0: 53.07%, 1: 46.93%
CHEMBL1794350 0: 3.44%, 1: 96.56%
CHEMBL1794356 0: 13.92%, 1: 86.08%
CHEMBL1794365 0: 7.12%, 1: 92.88%
CHEMBL1794383 0: 6.90%, 1: 93.10%
CHEMBL1794387 0: 65.04%, 1: 34.96%
CHEMBL1794393 0: 67.55%, 1: 32.45%
CHEMBL1794396 0: 3.96%, 1: 96.04%
CHEMBL1794410 0: 23.98%, 1: 76.02%
CHEMBL1794413 0: 6.02%, 1: 93.98%
CHEMBL1794438 0: 40.17%, 1: 59.83%
CHEMBL1794445 0: 87.84%, 1: 12.16%
CHEMBL1794452 0: 94.30%, 1: 5.70%
CHEMBL1794457 0: 92.98%, 1: 7.02%
CHEMBL1794460 0: 28.63%, 1: 71.37%
CHEMBL1794467 0: 18.39%, 1: 81.61%
CHEMBL1794475 0: 56.02%, 1: 43.98%
CHEMBL1794484 0: 44.93%, 1: 55.07%
CHEMBL1794494 0: 5.33%, 1: 94.67%
CHEMBL1794497 0: 8.47%, 1: 91.53%
CHEMBL1794499 0: 73.90%, 1: 26.10%
CHEMBL1794508 0: 94.63%, 1: 5.37%
CHEMBL1794516 0: 3.21%, 1: 96.79%
CHEMBL1794522 0: 58.65%, 1: 41.35%
CHEMBL1794528 0: 79.86%, 1: 20.14%
CHEMBL1794531 0: 92.03%, 1: 7.97%
CHEMBL1794548 0: 88.74%, 1: 11.26%
CHEMBL1794566 0: 6.05%, 1: 93.95%
CHEMBL1794570 0: 92.79%, 1: 7.21%
CHEMBL1794571 0: 53.55%, 1: 46.45%
CHEMBL1794573 0: 10.54%, 1: 89.46%
CHEMBL1794574 0: 1.09%, 1: 98.91%
CHEMBL1794578 0: 46.99%, 1: 53.01%
CHEMBL1794581 0: 19.65%, 1: 80.35%
CHEMBL1863510 0: 2.14%, 1: 97.86%
CHEMBL1863512 0: 2.79%, 1: 97.21%
CHEMBL1909084 0: 99.28%, 1: 0.72%
CHEMBL1909086 0: 91.52%, 1: 8.48%
CHEMBL1909087 0: 91.86%, 1: 8.14%
CHEMBL1909088 0: 87.97%, 1: 12.03%
CHEMBL1909089 0: 88.69%, 1: 11.31%
CHEMBL1909090 0: 90.81%, 1: 9.19%
CHEMBL1909091 0: 97.24%, 1: 2.76%
CHEMBL1909093 0: 98.42%, 1: 1.58%
CHEMBL1909094 0: 90.85%, 1: 9.15%
CHEMBL1909095 0: 98.56%, 1: 1.44%
CHEMBL1909097 0: 99.28%, 1: 0.72%
CHEMBL1909102 0: 92.94%, 1: 7.06%
CHEMBL1909103 0: 97.23%, 1: 2.77%
CHEMBL1909104 0: 87.06%, 1: 12.94%
CHEMBL1909105 0: 88.70%, 1: 11.30%
CHEMBL1909106 0: 98.57%, 1: 1.43%
CHEMBL1909107 0: 97.86%, 1: 2.14%
CHEMBL1909108 0: 93.04%, 1: 6.96%
CHEMBL1909109 0: 90.35%, 1: 9.65%
CHEMBL1909110 0: 92.47%, 1: 7.53%
CHEMBL1909111 0: 94.03%, 1: 5.97%
CHEMBL1909112 0: 90.91%, 1: 9.09%
CHEMBL1909114 0: 96.50%, 1: 3.50%
CHEMBL1909115 0: 96.00%, 1: 4.00%
CHEMBL1909116 0: 96.98%, 1: 3.02%
CHEMBL1909121 0: 92.80%, 1: 7.20%
CHEMBL1909123 0: 99.16%, 1: 0.84%
CHEMBL1909124 0: 99.40%, 1: 0.60%
CHEMBL1909130 0: 95.56%, 1: 4.44%
CHEMBL1909131 0: 97.01%, 1: 2.99%
CHEMBL1909132 0: 96.15%, 1: 3.85%
CHEMBL1909134 0: 95.19%, 1: 4.81%
CHEMBL1909135 0: 95.76%, 1: 4.24%
CHEMBL1909136 0: 93.20%, 1: 6.80%
CHEMBL1909138 0: 96.16%, 1: 3.84%
CHEMBL1909139 0: 93.84%, 1: 6.16%
CHEMBL1909140 0: 93.87%, 1: 6.13%
CHEMBL1909141 0: 89.73%, 1: 10.27%
CHEMBL1909142 0: 99.04%, 1: 0.96%
CHEMBL1909143 0: 93.01%, 1: 6.99%
CHEMBL1909145 0: 97.97%, 1: 2.03%
CHEMBL1909148 0: 98.57%, 1: 1.43%
CHEMBL1909150 0: 95.10%, 1: 4.90%
CHEMBL1909156 0: 94.28%, 1: 5.72%
CHEMBL1909157 0: 96.38%, 1: 3.62%
CHEMBL1909158 0: 99.05%, 1: 0.95%
CHEMBL1909159 0: 93.18%, 1: 6.82%
CHEMBL1909165 0: 97.79%, 1: 2.21%
CHEMBL1909169 0: 98.32%, 1: 1.68%
CHEMBL1909170 0: 92.35%, 1: 7.65%
CHEMBL1909171 0: 93.29%, 1: 6.71%
CHEMBL1909172 0: 92.82%, 1: 7.18%
CHEMBL1909173 0: 92.38%, 1: 7.62%
CHEMBL1909174 0: 92.71%, 1: 7.29%
CHEMBL1909180 0: 98.20%, 1: 1.80%
CHEMBL1909181 0: 97.71%, 1: 2.29%
CHEMBL1909182 0: 96.99%, 1: 3.01%
CHEMBL1909184 0: 98.93%, 1: 1.07%
CHEMBL1909186 0: 99.52%, 1: 0.48%
CHEMBL1909190 0: 98.66%, 1: 1.34%
CHEMBL1909191 0: 94.99%, 1: 5.01%
CHEMBL1909200 0: 97.97%, 1: 2.03%
CHEMBL1909201 0: 97.72%, 1: 2.28%
CHEMBL1909203 0: 98.05%, 1: 1.95%
CHEMBL1909204 0: 97.17%, 1: 2.83%
CHEMBL1909205 0: 98.67%, 1: 1.33%
CHEMBL1909206 0: 99.16%, 1: 0.84%
CHEMBL1909210 0: 96.05%, 1: 3.95%
CHEMBL1909213 0: 99.28%, 1: 0.72%
CHEMBL1909214 0: 98.79%, 1: 1.21%
CHEMBL1909215 0: 95.61%, 1: 4.39%
CHEMBL1963686 0: 61.95%, 1: 38.05%
CHEMBL1963687 0: 64.42%, 1: 35.58%
CHEMBL1963688 0: 62.52%, 1: 37.48%
CHEMBL1963689 0: 89.69%, 1: 10.31%
CHEMBL1963690 0: 57.36%, 1: 42.64%
CHEMBL1963691 0: 49.33%, 1: 50.67%
CHEMBL1963692 0: 53.73%, 1: 46.27%
CHEMBL1963693 0: 71.00%, 1: 29.00%
CHEMBL1963694 0: 91.05%, 1: 8.95%
CHEMBL1963695 0: 74.90%, 1: 25.10%
CHEMBL1963696 0: 77.85%, 1: 22.15%
CHEMBL1963697 0: 74.06%, 1: 25.94%
CHEMBL1963698 0: 74.60%, 1: 25.40%
CHEMBL1963699 0: 83.18%, 1: 16.82%
CHEMBL1963701 0: 67.32%, 1: 32.68%
CHEMBL1963702 0: 83.82%, 1: 16.18%
CHEMBL1963703 0: 68.65%, 1: 31.35%
CHEMBL1963704 0: 65.28%, 1: 34.72%
CHEMBL1963706 0: 53.38%, 1: 46.62%
CHEMBL1963707 0: 53.25%, 1: 46.75%
CHEMBL1963708 0: 48.77%, 1: 51.23%
CHEMBL1963710 0: 63.21%, 1: 36.79%
CHEMBL1963711 0: 94.72%, 1: 5.28%
CHEMBL1963712 0: 75.76%, 1: 24.24%
CHEMBL1963714 0: 74.21%, 1: 25.79%
CHEMBL1963715 0: 50.28%, 1: 49.72%
CHEMBL1963716 0: 91.91%, 1: 8.09%
CHEMBL1963717 0: 55.50%, 1: 44.50%
CHEMBL1963718 0: 65.45%, 1: 34.55%
CHEMBL1963719 0: 63.39%, 1: 36.61%
CHEMBL1963720 0: 69.73%, 1: 30.27%
CHEMBL1963721 0: 56.94%, 1: 43.06%
CHEMBL1963722 0: 49.40%, 1: 50.60%
CHEMBL1963723 0: 53.82%, 1: 46.18%
CHEMBL1963724 0: 67.32%, 1: 32.68%
CHEMBL1963725 0: 69.97%, 1: 30.03%
CHEMBL1963727 0: 56.59%, 1: 43.41%
CHEMBL1963728 0: 92.02%, 1: 7.98%
CHEMBL1963729 0: 84.64%, 1: 15.36%
CHEMBL1963731 0: 61.35%, 1: 38.65%
CHEMBL1963733 0: 79.77%, 1: 20.23%
CHEMBL1963734 0: 79.51%, 1: 20.49%
CHEMBL1963735 0: 71.66%, 1: 28.34%
CHEMBL1963736 0: 78.32%, 1: 21.68%
CHEMBL1963737 0: 86.79%, 1: 13.21%
CHEMBL1963738 0: 61.18%, 1: 38.82%
CHEMBL1963739 0: 84.32%, 1: 15.68%
CHEMBL1963740 0: 64.30%, 1: 35.70%
CHEMBL1963742 0: 73.47%, 1: 26.53%
CHEMBL1963743 0: 66.24%, 1: 33.76%
CHEMBL1963744 0: 71.97%, 1: 28.03%
CHEMBL1963745 0: 67.16%, 1: 32.84%
CHEMBL1963746 0: 66.34%, 1: 33.66%
CHEMBL1963747 0: 81.33%, 1: 18.67%
CHEMBL1963748 0: 58.75%, 1: 41.25%
CHEMBL1963749 0: 55.02%, 1: 44.98%
CHEMBL1963750 0: 58.61%, 1: 41.39%
CHEMBL1963751 0: 70.90%, 1: 29.10%
CHEMBL1963752 0: 64.78%, 1: 35.22%
CHEMBL1963753 0: 88.02%, 1: 11.98%
CHEMBL1963754 0: 59.12%, 1: 40.88%
CHEMBL1963756 0: 61.66%, 1: 38.34%
CHEMBL1963757 0: 73.28%, 1: 26.72%
CHEMBL1963758 0: 82.56%, 1: 17.44%
CHEMBL1963759 0: 81.38%, 1: 18.62%
CHEMBL1963760 0: 86.36%, 1: 13.64%
CHEMBL1963761 0: 83.63%, 1: 16.37%
CHEMBL1963763 0: 72.14%, 1: 27.86%
CHEMBL1963764 0: 62.50%, 1: 37.50%
CHEMBL1963765 0: 86.41%, 1: 13.59%
CHEMBL1963766 0: 81.38%, 1: 18.62%
CHEMBL1963767 0: 77.76%, 1: 22.24%
CHEMBL1963768 0: 77.63%, 1: 22.37%
CHEMBL1963770 0: 89.44%, 1: 10.56%
CHEMBL1963771 0: 53.53%, 1: 46.47%
CHEMBL1963772 0: 48.99%, 1: 51.01%
CHEMBL1963773 0: 59.00%, 1: 41.00%
CHEMBL1963775 0: 76.92%, 1: 23.08%
CHEMBL1963776 0: 87.71%, 1: 12.29%
CHEMBL1963777 0: 63.92%, 1: 36.08%
CHEMBL1963778 0: 51.70%, 1: 48.30%
CHEMBL1963779 0: 54.69%, 1: 45.31%
CHEMBL1963780 0: 89.06%, 1: 10.94%
CHEMBL1963781 0: 94.31%, 1: 5.69%
CHEMBL1963782 0: 75.86%, 1: 24.14%
CHEMBL1963783 0: 57.36%, 1: 42.64%
CHEMBL1963785 0: 70.10%, 1: 29.90%
CHEMBL1963786 0: 50.08%, 1: 49.92%
CHEMBL1963787 0: 66.39%, 1: 33.61%
CHEMBL1963789 0: 67.34%, 1: 32.66%
CHEMBL1963790 0: 57.93%, 1: 42.07%
CHEMBL1963791 0: 82.08%, 1: 17.92%
CHEMBL1963792 0: 85.73%, 1: 14.27%
CHEMBL1963793 0: 65.48%, 1: 34.52%
CHEMBL1963794 0: 77.53%, 1: 22.47%
CHEMBL1963795 0: 46.98%, 1: 53.02%
CHEMBL1963796 0: 69.76%, 1: 30.24%
CHEMBL1963797 0: 83.64%, 1: 16.36%
CHEMBL1963798 0: 89.45%, 1: 10.55%
CHEMBL1963799 0: 43.54%, 1: 56.46%
CHEMBL1963800 0: 64.88%, 1: 35.12%
CHEMBL1963801 0: 75.90%, 1: 24.10%
CHEMBL1963802 0: 61.41%, 1: 38.59%
CHEMBL1963803 0: 87.44%, 1: 12.56%
CHEMBL1963804 0: 65.90%, 1: 34.10%
CHEMBL1963805 0: 53.77%, 1: 46.23%
CHEMBL1963806 0: 41.19%, 1: 58.81%
CHEMBL1963807 0: 36.83%, 1: 63.17%
CHEMBL1963808 0: 68.82%, 1: 31.18%
CHEMBL1963809 0: 79.97%, 1: 20.03%
CHEMBL1963810 0: 43.69%, 1: 56.31%
CHEMBL1963811 0: 73.98%, 1: 26.02%
CHEMBL1963812 0: 53.08%, 1: 46.92%
CHEMBL1963813 0: 79.19%, 1: 20.81%
CHEMBL1963814 0: 51.10%, 1: 48.90%
CHEMBL1963815 0: 71.80%, 1: 28.20%
CHEMBL1963816 0: 89.64%, 1: 10.36%
CHEMBL1963817 0: 71.90%, 1: 28.10%
CHEMBL1963818 0: 55.13%, 1: 44.87%
CHEMBL1963819 0: 62.64%, 1: 37.36%
CHEMBL1963820 0: 84.46%, 1: 15.54%
CHEMBL1963821 0: 79.31%, 1: 20.69%
CHEMBL1963822 0: 90.91%, 1: 9.09%
CHEMBL1963823 0: 76.61%, 1: 23.39%
CHEMBL1963824 0: 39.57%, 1: 60.43%
CHEMBL1963825 0: 51.12%, 1: 48.88%
CHEMBL1963826 0: 59.25%, 1: 40.75%
CHEMBL1963827 0: 50.74%, 1: 49.26%
CHEMBL1963828 0: 80.86%, 1: 19.14%
CHEMBL1963829 0: 86.41%, 1: 13.59%
CHEMBL1963831 0: 52.56%, 1: 47.44%
CHEMBL1963832 0: 72.98%, 1: 27.02%
CHEMBL1963833 0: 87.13%, 1: 12.87%
CHEMBL1963834 0: 59.69%, 1: 40.31%
CHEMBL1963836 0: 85.18%, 1: 14.82%
CHEMBL1963837 0: 26.01%, 1: 73.99%
CHEMBL1963838 0: 75.83%, 1: 24.17%
CHEMBL1963846 0: 85.07%, 1: 14.93%
CHEMBL1963867 0: 73.13%, 1: 26.87%
CHEMBL1963893 0: 85.61%, 1: 14.39%
CHEMBL1963898 0: 75.62%, 1: 24.38%
CHEMBL1963907 0: 64.35%, 1: 35.65%
CHEMBL1963910 0: 10.50%, 1: 89.50%
CHEMBL1963915 0: 15.00%, 1: 85.00%
CHEMBL1963916 0: 40.48%, 1: 59.52%
CHEMBL1963918 0: 73.35%, 1: 26.65%
CHEMBL1963930 0: 3.64%, 1: 96.36%
CHEMBL1963933 0: 93.91%, 1: 6.09%
CHEMBL1963937 0: 39.27%, 1: 60.73%
CHEMBL1963938 0: 65.85%, 1: 34.15%
CHEMBL1963940 0: 33.79%, 1: 66.21%
CHEMBL1963947 0: 6.25%, 1: 93.75%
CHEMBL1963966 0: 3.29%, 1: 96.71%
CHEMBL1963968 0: 51.52%, 1: 48.48%
CHEMBL1963969 0: 25.83%, 1: 74.17%
CHEMBL1963971 0: 10.20%, 1: 89.80%
CHEMBL1963974 0: 88.26%, 1: 11.74%
CHEMBL1963983 0: 76.39%, 1: 23.61%
CHEMBL1964000 0: 76.77%, 1: 23.23%
CHEMBL1964005 0: 6.67%, 1: 93.33%
CHEMBL1964010 0: 76.06%, 1: 23.94%
CHEMBL1964015 0: 73.77%, 1: 26.23%
CHEMBL1964022 0: 76.61%, 1: 23.39%
CHEMBL1964023 0: 73.75%, 1: 26.25%
CHEMBL1964081 0: 47.98%, 1: 52.02%
CHEMBL1964095 0: 65.41%, 1: 34.59%
CHEMBL1964096 0: 11.36%, 1: 88.64%
CHEMBL1964100 0: 79.62%, 1: 20.38%
CHEMBL1964101 0: 34.62%, 1: 65.38%
CHEMBL1964102 0: 71.54%, 1: 28.46%
CHEMBL1964103 0: 51.58%, 1: 48.42%
CHEMBL1964104 0: 63.88%, 1: 36.12%
CHEMBL1964105 0: 64.53%, 1: 35.47%
CHEMBL1964106 0: 57.96%, 1: 42.04%
CHEMBL1964108 0: 69.62%, 1: 30.38%
CHEMBL1964111 0: 73.41%, 1: 26.59%
CHEMBL1964112 0: 87.59%, 1: 12.41%
CHEMBL1964114 0: 61.11%, 1: 38.89%
CHEMBL1964115 0: 43.36%, 1: 56.64%
CHEMBL1964116 0: 70.55%, 1: 29.45%
CHEMBL1964117 0: 63.66%, 1: 36.34%
CHEMBL1964118 0: 60.33%, 1: 39.67%
CHEMBL1964119 0: 57.23%, 1: 42.77%
CHEMBL2028073 0: 76.99%, 1: 23.01%
CHEMBL2028074 0: 74.88%, 1: 25.12%
CHEMBL2028075 0: 56.46%, 1: 43.54%
CHEMBL2028076 0: 85.04%, 1: 14.96%
CHEMBL2114715 0: 60.31%, 1: 39.69%
CHEMBL2114716 0: 12.27%, 1: 87.73%
CHEMBL2114719 0: 77.41%, 1: 22.59%
CHEMBL2114725 0: 51.74%, 1: 48.26%
CHEMBL2114727 0: 16.96%, 1: 83.04%
CHEMBL2114728 0: 9.82%, 1: 90.18%
CHEMBL2114737 0: 87.93%, 1: 12.07%
CHEMBL2114742 0: 33.90%, 1: 66.10%
CHEMBL2114748 0: 59.44%, 1: 40.56%
CHEMBL2114752 0: 15.02%, 1: 84.98%
CHEMBL2114753 0: 8.36%, 1: 91.64%
CHEMBL2114761 0: 78.40%, 1: 21.60%
CHEMBL2114764 0: 42.92%, 1: 57.08%
CHEMBL2114771 0: 64.02%, 1: 35.98%
CHEMBL2114791 0: 1.99%, 1: 98.01%
CHEMBL2114811 0: 10.16%, 1: 89.84%
CHEMBL2114814 0: 44.98%, 1: 55.02%
CHEMBL2114816 0: 37.94%, 1: 62.06%
CHEMBL2114818 0: 4.15%, 1: 95.85%
CHEMBL2114820 0: 16.31%, 1: 83.69%
CHEMBL2114821 0: 18.77%, 1: 81.23%
CHEMBL2114823 0: 20.90%, 1: 79.10%
CHEMBL2114825 0: 18.62%, 1: 81.38%
CHEMBL2114827 0: 93.80%, 1: 6.20%
CHEMBL2114829 0: 25.17%, 1: 74.83%
CHEMBL2114830 0: 20.17%, 1: 79.83%
CHEMBL2114839 0: 28.69%, 1: 71.31%
CHEMBL2114842 0: 62.00%, 1: 38.00%
CHEMBL2114844 0: 32.59%, 1: 67.41%
CHEMBL2114847 0: 13.84%, 1: 86.16%
CHEMBL2114850 0: 8.62%, 1: 91.38%
CHEMBL2114852 0: 3.84%, 1: 96.16%
CHEMBL2114857 0: 50.00%, 1: 50.00%
CHEMBL2114858 0: 32.36%, 1: 67.64%
CHEMBL2114863 0: 33.55%, 1: 66.45%
CHEMBL2114865 0: 3.43%, 1: 96.57%
CHEMBL2114872 0: 9.51%, 1: 90.49%
CHEMBL2114874 0: 28.03%, 1: 71.97%
CHEMBL2114882 0: 92.25%, 1: 7.75%
CHEMBL2114896 0: 51.22%, 1: 48.78%
CHEMBL2114899 0: 87.76%, 1: 12.24%
CHEMBL2114909 0: 1.94%, 1: 98.06%
CHEMBL2114916 0: 42.50%, 1: 57.50%
CHEMBL2114926 0: 41.57%, 1: 58.43%
CHEMBL2114928 0: 86.06%, 1: 13.94%
CHEMBL2114930 0: 4.68%, 1: 95.32%
CHEMBL2114931 0: 97.44%, 1: 2.56%
CHEMBL2114932 0: 4.35%, 1: 95.65%
CHEMBL2354206 0: 93.86%, 1: 6.14%
CHEMBL2354207 0: 15.46%, 1: 84.54%
CHEMBL2354217 0: 20.69%, 1: 79.31%
CHEMBL2354227 0: 21.70%, 1: 78.30%
CHEMBL2354228 0: 59.88%, 1: 40.12%
CHEMBL2354248 0: 96.55%, 1: 3.45%
CHEMBL2354256 0: 7.85%, 1: 92.15%
CHEMBL2354269 0: 9.42%, 1: 90.58%
CHEMBL2354274 0: 5.26%, 1: 94.74%
CHEMBL2354276 0: 75.30%, 1: 24.70%
CHEMBL2354289 0: 34.38%, 1: 65.62%
CHEMBL2354292 0: 77.91%, 1: 22.09%
CHEMBL2354303 0: 86.76%, 1: 13.24%
CHEMBL2354305 0: 14.37%, 1: 85.63%
CHEMBL2354308 0: 9.09%, 1: 90.91%
CHEMBL2378059 0: 2.84%, 1: 97.16%
CHEMBL2449559 0: 17.37%, 1: 82.63%
CHEMBL3214794 0: 64.60%, 1: 35.40%
CHEMBL3214801 0: 28.46%, 1: 71.54%
CHEMBL3214812 0: 33.19%, 1: 66.81%
CHEMBL3214816 0: 25.43%, 1: 74.57%
CHEMBL3214851 0: 77.02%, 1: 22.98%
CHEMBL3214906 0: 61.72%, 1: 38.28%
CHEMBL3214907 0: 48.12%, 1: 51.88%
CHEMBL3214929 0: 44.25%, 1: 55.75%
CHEMBL3214930 0: 79.15%, 1: 20.85%
CHEMBL3214944 0: 32.70%, 1: 67.30%
