wandb: Tracking run with wandb version 0.9.3
wandb: Wandb version 0.9.4 is available!  To upgrade, please run:
wandb:  $ pip install wandb --upgrade
wandb: Run data is saved locally in wandb/run-20200808_171200-20pi8q2n
wandb: Syncing run less_256_random_split
wandb: ⭐️ View project at https://app.wandb.ai/apappu97/molecule-metalearning
wandb: 🚀 View run at https://app.wandb.ai/apappu97/molecule-metalearning/runs/20pi8q2n
wandb: Run `wandb off` to turn off syncing.

Fold 0
Command line
python chemprop/train.py --data_path filtered_chembl/chembl_less_256_instances.csv --dataset_type classification --split_type random --dropout 0.2 --num_folds 1 --epochs 30 --results_save_dir results/motivational/chemprop/ --experiment_name less_256_random_split
Args
{'activation': 'ReLU',
 'atom_messages': False,
 'batch_size': 50,
 'bias': False,
 'cache_cutoff': 10000,
 'checkpoint_dir': None,
 'checkpoint_path': None,
 'checkpoint_paths': None,
 'chembl_assay_metadata_pickle_path': None,
 'class_balance': False,
 'config_path': None,
 'crossval_index_dir': None,
 'crossval_index_file': None,
 'crossval_index_sets': None,
 'data_path': 'filtered_chembl/chembl_less_256_instances.csv',
 'dataset_type': 'classification',
 'depth': 3,
 'dropout': 0.2,
 'ensemble_size': 1,
 'epochs': 30,
 'experiment_name': 'less_256_random_split',
 'features_generator': None,
 'features_only': False,
 'features_path': None,
 'features_size': None,
 'ffn_hidden_size': 400,
 'ffn_num_layers': 2,
 'final_lr': 0.0001,
 'folds_file': None,
 'gpu': None,
 'hidden_size': 300,
 'init_lr': 0.0001,
 'log_frequency': 10,
 'max_data_size': None,
 'max_lr': 0.001,
 'meta_split_sizes_BF': (10, 10),
 'metric': 'auc',
 'minimize_score': False,
 'multiclass_num_classes': 3,
 'no_cuda': False,
 'no_features_scaling': False,
 'num_folds': 1,
 'num_lrs': 1,
 'num_tasks': None,
 'num_workers': 8,
 'pytorch_seed': 0,
 'quiet': False,
 'results_save_dir': 'results/motivational/chemprop/',
 'save_dir': '/tmp/2321739.3.gpu.q/tmpqa4ec0xg/fold_0',
 'save_smiles_splits': False,
 'seed': 0,
 'seeds': None,
 'separate_test_features_path': None,
 'separate_test_path': None,
 'separate_val_features_path': None,
 'separate_val_path': None,
 'show_individual_scores': False,
 'smiles_column': None,
 'split_sizes': (0.8, 0.1, 0.1),
 'split_type': 'random',
 'target_columns': None,
 'task_names': None,
 'test': False,
 'test_fold_index': None,
 'train_data_size': None,
 'undirected': False,
 'use_input_features': False,
 'val_fold_index': None,
 'warmup_epochs': 2.0}
Loading data
0it [00:00, ?it/s]585it [00:00, 5846.34it/s]1174it [00:00, 5859.20it/s]1699it [00:00, 5619.89it/s]2310it [00:00, 5757.99it/s]2897it [00:00, 5788.56it/s]3481it [00:00, 5802.67it/s]4090it [00:00, 5885.11it/s]4674it [00:00, 5870.99it/s]5246it [00:00, 5823.58it/s]5806it [00:01, 5009.00it/s]6349it [00:01, 5126.02it/s]6922it [00:01, 5291.77it/s]7455it [00:01, 5296.37it/s]8009it [00:01, 5366.18it/s]8592it [00:01, 5495.37it/s]9162it [00:01, 5552.62it/s]9725it [00:01, 4869.77it/s]10322it [00:01, 5154.12it/s]10891it [00:02, 5302.10it/s]11470it [00:02, 5411.82it/s]12069it [00:02, 5572.13it/s]12636it [00:02, 5600.76it/s]13215it [00:02, 5610.83it/s]13802it [00:02, 5685.32it/s]14374it [00:02, 4940.49it/s]14960it [00:02, 5150.90it/s]15537it [00:02, 5321.58it/s]16100it [00:02, 5408.06it/s]16669it [00:03, 5488.43it/s]17225it [00:03, 5484.79it/s]17783it [00:03, 5511.50it/s]18338it [00:03, 4830.01it/s]18890it [00:03, 5015.93it/s]19471it [00:03, 5229.68it/s]20036it [00:03, 5347.15it/s]20594it [00:03, 5413.12it/s]21176it [00:03, 5528.15it/s]21735it [00:04, 5529.39it/s]22292it [00:04, 4784.81it/s]22872it [00:04, 5048.05it/s]23429it [00:04, 5193.83it/s]24025it [00:04, 5401.05it/s]24577it [00:04, 5406.55it/s]25126it [00:04, 4781.56it/s]25624it [00:04, 3966.15it/s]26058it [00:05, 3436.97it/s]26450it [00:05, 3568.81it/s]26835it [00:05, 3455.87it/s]27375it [00:05, 3873.40it/s]27793it [00:05, 3941.12it/s]28222it [00:05, 4026.65it/s]28698it [00:05, 4221.73it/s]29134it [00:05, 3981.31it/s]29385it [00:05, 5017.07it/s]
  0% 0/29385 [00:00<?, ?it/s]  4% 1307/29385 [00:00<00:02, 12382.72it/s]  6% 1679/29385 [00:01<00:29, 925.78it/s]  100% 29385/29385 [00:01<00:00, 20845.22it/s]
  0% 0/29385 [00:00<?, ?it/s]  1% 185/29385 [00:00<00:18, 1573.00it/s]  1% 419/29385 [00:00<00:16, 1744.51it/s]  3% 799/29385 [00:00<00:13, 2082.03it/s]  4% 1065/29385 [00:00<00:12, 2226.13it/s]  4% 1275/29385 [00:00<00:12, 2176.61it/s]  5% 1567/29385 [00:00<00:11, 2356.55it/s]  6% 1860/29385 [00:00<00:11, 2465.22it/s]  8% 2260/29385 [00:00<00:09, 2785.46it/s]  9% 2697/29385 [00:00<00:08, 3123.42it/s] 11% 3189/29385 [00:01<00:07, 3492.68it/s] 12% 3579/29385 [00:01<00:07, 3605.27it/s] 14% 4088/29385 [00:01<00:06, 3949.14it/s] 16% 4636/29385 [00:01<00:05, 4306.97it/s] 17% 5095/29385 [00:01<00:05, 4271.23it/s] 19% 5600/29385 [00:01<00:05, 4475.46it/s] 21% 6107/29385 [00:01<00:05, 4636.80it/s] 22% 6584/29385 [00:01<00:06, 3574.02it/s] 24% 6988/29385 [00:01<00:06, 3250.01it/s] 26% 7503/29385 [00:02<00:05, 3652.78it/s] 27% 8016/29385 [00:02<00:05, 3997.33it/s] 29% 8456/29385 [00:02<00:05, 3517.71it/s] 30% 8847/29385 [00:02<00:05, 3525.64it/s] 31% 9227/29385 [00:02<00:05, 3597.11it/s] 33% 9700/29385 [00:02<00:05, 3875.08it/s] 34% 10108/29385 [00:02<00:05, 3526.80it/s] 36% 10481/29385 [00:02<00:05, 3498.90it/s] 37% 10887/29385 [00:03<00:05, 3647.71it/s] 38% 11264/29385 [00:03<00:05, 3184.70it/s] 39% 11601/29385 [00:03<00:05, 3214.15it/s] 41% 11936/29385 [00:03<00:05, 2939.91it/s] 42% 12432/29385 [00:03<00:05, 3347.75it/s] 44% 12796/29385 [00:03<00:04, 3368.45it/s] 45% 13253/29385 [00:03<00:04, 3655.66it/s] 47% 13749/29385 [00:03<00:03, 3968.08it/s] 49% 14255/29385 [00:03<00:03, 4239.87it/s] 50% 14779/29385 [00:04<00:03, 4496.56it/s] 52% 15269/29385 [00:04<00:03, 4609.72it/s] 54% 15744/29385 [00:04<00:02, 4589.85it/s] 55% 16248/29385 [00:04<00:02, 4714.61it/s] 57% 16759/29385 [00:04<00:02, 4825.69it/s] 59% 17280/29385 [00:04<00:02, 4932.15it/s] 61% 17795/29385 [00:04<00:02, 4994.31it/s] 62% 18298/29385 [00:04<00:02, 4241.30it/s] 64% 18839/29385 [00:04<00:02, 4534.66it/s] 66% 19354/29385 [00:04<00:02, 4701.82it/s] 68% 19875/29385 [00:05<00:01, 4841.74it/s] 69% 20374/29385 [00:05<00:01, 4883.19it/s] 71% 20872/29385 [00:05<00:01, 4849.12it/s] 73% 21395/29385 [00:05<00:01, 4957.33it/s] 75% 21896/29385 [00:05<00:02, 3154.14it/s] 76% 22298/29385 [00:06<00:03, 1951.68it/s] 77% 22611/29385 [00:06<00:04, 1566.56it/s] 78% 22934/29385 [00:06<00:03, 1852.21it/s] 79% 23207/29385 [00:06<00:03, 1832.16it/s] 80% 23452/29385 [00:06<00:03, 1882.73it/s] 81% 23692/29385 [00:06<00:02, 1954.11it/s] 82% 23974/29385 [00:06<00:02, 2152.32it/s] 83% 24359/29385 [00:07<00:02, 2474.78it/s] 84% 24807/29385 [00:07<00:01, 2858.21it/s] 86% 25193/29385 [00:07<00:01, 3099.49it/s] 87% 25543/29385 [00:07<00:01, 3135.18it/s] 88% 25884/29385 [00:07<00:01, 3188.76it/s] 89% 26223/29385 [00:07<00:01, 2644.97it/s] 90% 26517/29385 [00:07<00:01, 2579.90it/s] 91% 26796/29385 [00:08<00:01, 1639.88it/s] 92% 27018/29385 [00:08<00:01, 1570.60it/s] 93% 27217/29385 [00:08<00:01, 1530.72it/s] 93% 27400/29385 [00:08<00:01, 1357.35it/s] 94% 27560/29385 [00:08<00:01, 1110.20it/s] 94% 27755/29385 [00:08<00:01, 1266.14it/s] 96% 28213/29385 [00:08<00:00, 1557.60it/s] 97% 28478/29385 [00:09<00:00, 1638.93it/s] 98% 28679/29385 [00:09<00:00, 1632.78it/s] 98% 28869/29385 [00:09<00:00, 1460.09it/s] 99% 29134/29385 [00:09<00:00, 1617.61it/s]100% 29383/29385 [00:09<00:00, 1807.38it/s]100% 29385/29385 [00:09<00:00, 3050.39it/s]
Warning: 1 SMILES are invalid.
Number of tasks = 622
Splitting data with seed 0
Class sizes
CHEMBL1002712 0: 27.00%, 1: 73.00%
CHEMBL1022010 0: 6.90%, 1: 93.10%
CHEMBL1024480 0: 89.58%, 1: 10.42%
CHEMBL1026933 0: 40.85%, 1: 59.15%
CHEMBL1026934 0: 5.61%, 1: 94.39%
CHEMBL1031359 0: 4.00%, 1: 96.00%
CHEMBL1033994 0: 41.98%, 1: 58.02%
CHEMBL1034533 0: 17.31%, 1: 82.69%
CHEMBL1034535 0: 46.15%, 1: 53.85%
CHEMBL1167052 0: 17.78%, 1: 82.22%
CHEMBL1169087 0: 77.78%, 1: 22.22%
CHEMBL1243965 0: 17.11%, 1: 82.89%
CHEMBL1243966 0: 41.96%, 1: 58.04%
CHEMBL1243967 0: 10.17%, 1: 89.83%
CHEMBL1243968 0: 15.06%, 1: 84.94%
CHEMBL1243969 0: 20.17%, 1: 79.83%
CHEMBL1243970 0: 6.91%, 1: 93.09%
CHEMBL1243971 0: 48.89%, 1: 51.11%
CHEMBL1243972 0: 9.92%, 1: 90.08%
CHEMBL1243975 0: 51.38%, 1: 48.62%
CHEMBL1243976 0: 28.99%, 1: 71.01%
CHEMBL1243977 0: 31.19%, 1: 68.81%
CHEMBL1243978 0: 27.12%, 1: 72.88%
CHEMBL1246088 0: 48.37%, 1: 51.63%
CHEMBL1613775 0: 40.78%, 1: 59.22%
CHEMBL1613785 0: 43.22%, 1: 56.78%
CHEMBL1613787 0: 69.08%, 1: 30.92%
CHEMBL1613806 0: 49.11%, 1: 50.89%
CHEMBL1613812 0: 7.35%, 1: 92.65%
CHEMBL1613813 0: 44.20%, 1: 55.80%
CHEMBL1613814 0: 53.85%, 1: 46.15%
CHEMBL1613817 0: 84.86%, 1: 15.14%
CHEMBL1613821 0: 13.79%, 1: 86.21%
CHEMBL1613853 0: 41.86%, 1: 58.14%
CHEMBL1613859 0: 72.94%, 1: 27.06%
CHEMBL1613861 0: 14.47%, 1: 85.53%
CHEMBL1613871 0: 6.15%, 1: 93.85%
CHEMBL1613876 0: 54.35%, 1: 45.65%
CHEMBL1613890 0: 34.85%, 1: 65.15%
CHEMBL1613893 0: 74.40%, 1: 25.60%
CHEMBL1613898 0: 75.45%, 1: 24.55%
CHEMBL1613903 0: 56.44%, 1: 43.56%
CHEMBL1613904 0: 50.77%, 1: 49.23%
CHEMBL1613907 0: 5.34%, 1: 94.66%
CHEMBL1613926 0: 30.15%, 1: 69.85%
CHEMBL1613941 0: 32.58%, 1: 67.42%
CHEMBL1613942 0: 41.43%, 1: 58.57%
CHEMBL1613947 0: 46.01%, 1: 53.99%
CHEMBL1613949 0: 60.13%, 1: 39.87%
CHEMBL1613950 0: 43.05%, 1: 56.95%
CHEMBL1613955 0: 54.04%, 1: 45.96%
CHEMBL1613956 0: 37.82%, 1: 62.18%
CHEMBL1613962 0: 24.26%, 1: 75.74%
CHEMBL1613967 0: 44.59%, 1: 55.41%
CHEMBL1613980 0: 84.92%, 1: 15.08%
CHEMBL1613981 0: 58.85%, 1: 41.15%
CHEMBL1613991 0: 14.98%, 1: 85.02%
CHEMBL1613998 0: 15.74%, 1: 84.26%
CHEMBL1614007 0: 13.33%, 1: 86.67%
CHEMBL1614008 0: 38.40%, 1: 61.60%
CHEMBL1614034 0: 2.63%, 1: 97.37%
CHEMBL1614035 0: 77.14%, 1: 22.86%
CHEMBL1614044 0: 23.88%, 1: 76.12%
CHEMBL1614049 0: 39.63%, 1: 60.37%
CHEMBL1614053 0: 42.48%, 1: 57.52%
CHEMBL1614056 0: 81.19%, 1: 18.81%
CHEMBL1614065 0: 9.71%, 1: 90.29%
CHEMBL1614066 0: 94.74%, 1: 5.26%
CHEMBL1614070 0: 18.75%, 1: 81.25%
CHEMBL1614072 0: 50.36%, 1: 49.64%
CHEMBL1614083 0: 94.44%, 1: 5.56%
CHEMBL1614086 0: 5.94%, 1: 94.06%
CHEMBL1614091 0: 4.43%, 1: 95.57%
CHEMBL1614092 0: 47.50%, 1: 52.50%
CHEMBL1614097 0: 46.99%, 1: 53.01%
CHEMBL1614109 0: 59.87%, 1: 40.13%
CHEMBL1614117 0: 16.35%, 1: 83.65%
CHEMBL1614132 0: 42.07%, 1: 57.93%
CHEMBL1614138 0: 67.83%, 1: 32.17%
CHEMBL1614147 0: 7.78%, 1: 92.22%
CHEMBL1614154 0: 9.52%, 1: 90.48%
CHEMBL1614167 0: 16.17%, 1: 83.83%
CHEMBL1614177 0: 94.85%, 1: 5.15%
CHEMBL1614197 0: 5.26%, 1: 94.74%
CHEMBL1614210 0: 60.16%, 1: 39.84%
CHEMBL1614215 0: 52.76%, 1: 47.24%
CHEMBL1614216 0: 48.52%, 1: 51.48%
CHEMBL1614218 0: 22.36%, 1: 77.64%
CHEMBL1614220 0: 32.80%, 1: 67.20%
CHEMBL1614225 0: 62.50%, 1: 37.50%
CHEMBL1614226 0: 81.15%, 1: 18.85%
CHEMBL1614231 0: 46.96%, 1: 53.04%
CHEMBL1614244 0: 38.85%, 1: 61.15%
CHEMBL1614255 0: 61.26%, 1: 38.74%
CHEMBL1614259 0: 32.82%, 1: 67.18%
CHEMBL1614265 0: 26.51%, 1: 73.49%
CHEMBL1614267 0: 29.46%, 1: 70.54%
CHEMBL1614272 0: 67.71%, 1: 32.29%
CHEMBL1614273 0: 51.97%, 1: 48.03%
CHEMBL1614283 0: 52.89%, 1: 47.11%
CHEMBL1614287 0: 85.53%, 1: 14.47%
CHEMBL1614290 0: 4.51%, 1: 95.49%
CHEMBL1614295 0: 2.29%, 1: 97.71%
CHEMBL1614301 0: 19.74%, 1: 80.26%
CHEMBL1614308 0: 50.82%, 1: 49.18%
CHEMBL1614309 0: 27.66%, 1: 72.34%
CHEMBL1614310 0: 51.81%, 1: 48.19%
CHEMBL1614311 0: 53.76%, 1: 46.24%
CHEMBL1614319 0: 72.16%, 1: 27.84%
CHEMBL1614321 0: 60.16%, 1: 39.84%
CHEMBL1614329 0: 40.69%, 1: 59.31%
CHEMBL1614338 0: 15.00%, 1: 85.00%
CHEMBL1614344 0: 67.72%, 1: 32.28%
CHEMBL1614345 0: 39.50%, 1: 60.50%
CHEMBL1614355 0: 4.11%, 1: 95.89%
CHEMBL1614356 0: 43.90%, 1: 56.10%
CHEMBL1614362 0: 19.17%, 1: 80.83%
CHEMBL1614363 0: 53.19%, 1: 46.81%
CHEMBL1614373 0: 30.84%, 1: 69.16%
CHEMBL1614376 0: 4.07%, 1: 95.93%
CHEMBL1614380 0: 78.10%, 1: 21.90%
CHEMBL1614388 0: 56.19%, 1: 43.81%
CHEMBL1614393 0: 45.00%, 1: 55.00%
CHEMBL1614395 0: 11.32%, 1: 88.68%
CHEMBL1614405 0: 50.94%, 1: 49.06%
CHEMBL1614408 0: 33.33%, 1: 66.67%
CHEMBL1614417 0: 27.19%, 1: 72.81%
CHEMBL1614425 0: 38.24%, 1: 61.76%
CHEMBL1614433 0: 60.77%, 1: 39.23%
CHEMBL1614450 0: 10.32%, 1: 89.68%
CHEMBL1614462 0: 65.35%, 1: 34.65%
CHEMBL1614463 0: 49.61%, 1: 50.39%
CHEMBL1614465 0: 20.00%, 1: 80.00%
CHEMBL1614477 0: 43.75%, 1: 56.25%
CHEMBL1614478 0: 12.50%, 1: 87.50%
CHEMBL1614479 0: 8.49%, 1: 91.51%
CHEMBL1614480 0: 85.71%, 1: 14.29%
CHEMBL1614482 0: 59.82%, 1: 40.18%
CHEMBL1614484 0: 9.01%, 1: 90.99%
CHEMBL1614486 0: 40.48%, 1: 59.52%
CHEMBL1614492 0: 40.54%, 1: 59.46%
CHEMBL1614503 0: 40.30%, 1: 59.70%
CHEMBL1614509 0: 79.43%, 1: 20.57%
CHEMBL1614512 0: 62.79%, 1: 37.21%
CHEMBL1614514 0: 83.07%, 1: 16.93%
CHEMBL1614515 0: 19.61%, 1: 80.39%
CHEMBL1614516 0: 96.81%, 1: 3.19%
CHEMBL1614518 0: 45.69%, 1: 54.31%
CHEMBL1614525 0: 52.00%, 1: 48.00%
CHEMBL1614528 0: 40.91%, 1: 59.09%
CHEMBL1614539 0: 14.12%, 1: 85.88%
CHEMBL1614548 0: 17.95%, 1: 82.05%
CHEMBL1614550 0: 9.30%, 1: 90.70%
CHEMBL1670561 0: 15.13%, 1: 84.87%
CHEMBL1676103 0: 39.85%, 1: 60.15%
CHEMBL1737862 0: 25.69%, 1: 74.31%
CHEMBL1737863 0: 36.27%, 1: 63.73%
CHEMBL1737868 0: 79.41%, 1: 20.59%
CHEMBL1737910 0: 45.71%, 1: 54.29%
CHEMBL1737951 0: 51.83%, 1: 48.17%
CHEMBL1737977 0: 13.87%, 1: 86.13%
CHEMBL1737978 0: 18.18%, 1: 81.82%
CHEMBL1737979 0: 8.94%, 1: 91.06%
CHEMBL1738019 0: 24.85%, 1: 75.15%
CHEMBL1738021 0: 10.87%, 1: 89.13%
CHEMBL1738040 0: 73.48%, 1: 26.52%
CHEMBL1738043 0: 46.43%, 1: 53.57%
CHEMBL1738079 0: 3.88%, 1: 96.12%
CHEMBL1738080 0: 76.43%, 1: 23.57%
CHEMBL1738091 0: 89.77%, 1: 10.23%
CHEMBL1738092 0: 13.76%, 1: 86.24%
CHEMBL1738097 0: 72.41%, 1: 27.59%
CHEMBL1738192 0: 83.17%, 1: 16.83%
CHEMBL1738197 0: 36.90%, 1: 63.10%
CHEMBL1738202 0: 3.47%, 1: 96.53%
CHEMBL1738246 0: 14.52%, 1: 85.48%
CHEMBL1738313 0: 57.69%, 1: 42.31%
CHEMBL1738319 0: 59.17%, 1: 40.83%
CHEMBL1738325 0: 96.86%, 1: 3.14%
CHEMBL1738362 0: 21.43%, 1: 78.57%
CHEMBL1738371 0: 81.97%, 1: 18.03%
CHEMBL1738400 0: 77.86%, 1: 22.14%
CHEMBL1738418 0: 68.85%, 1: 31.15%
CHEMBL1738422 0: 4.29%, 1: 95.71%
CHEMBL1738423 0: 76.15%, 1: 23.85%
CHEMBL1738430 0: 25.54%, 1: 74.46%
CHEMBL1738438 0: 2.76%, 1: 97.24%
CHEMBL1738482 0: 7.69%, 1: 92.31%
CHEMBL1738514 0: 26.73%, 1: 73.27%
CHEMBL1738575 0: 65.65%, 1: 34.35%
CHEMBL1738579 0: 22.79%, 1: 77.21%
CHEMBL1738599 0: 16.07%, 1: 83.93%
CHEMBL1738602 0: 42.70%, 1: 57.30%
CHEMBL1738619 0: 83.17%, 1: 16.83%
CHEMBL1738633 0: 4.05%, 1: 95.95%
CHEMBL1738642 0: 34.82%, 1: 65.18%
CHEMBL1738679 0: 63.95%, 1: 36.05%
CHEMBL1738684 0: 13.21%, 1: 86.79%
CHEMBL1794296 0: 44.02%, 1: 55.98%
CHEMBL1794320 0: 96.68%, 1: 3.32%
CHEMBL1794358 0: 94.14%, 1: 5.86%
CHEMBL1794367 0: 42.52%, 1: 57.48%
CHEMBL1794393 0: 67.55%, 1: 32.45%
CHEMBL1794400 0: 35.59%, 1: 64.41%
CHEMBL1794420 0: 54.46%, 1: 45.54%
CHEMBL1794438 0: 40.17%, 1: 59.83%
CHEMBL1794445 0: 87.84%, 1: 12.16%
CHEMBL1794452 0: 94.30%, 1: 5.70%
CHEMBL1794455 0: 52.48%, 1: 47.52%
CHEMBL1794457 0: 92.98%, 1: 7.02%
CHEMBL1794460 0: 28.63%, 1: 71.37%
CHEMBL1794484 0: 44.93%, 1: 55.07%
CHEMBL1794497 0: 8.47%, 1: 91.53%
CHEMBL1794498 0: 53.47%, 1: 46.53%
CHEMBL1794508 0: 94.63%, 1: 5.37%
CHEMBL1794548 0: 88.74%, 1: 11.26%
CHEMBL1794566 0: 6.05%, 1: 93.95%
CHEMBL1794570 0: 92.79%, 1: 7.21%
CHEMBL1794581 0: 19.65%, 1: 80.35%
CHEMBL1804798 0: 71.83%, 1: 28.17%
CHEMBL1820680 0: 46.81%, 1: 53.19%
CHEMBL1827362 0: 25.62%, 1: 74.38%
CHEMBL1963813 0: 79.19%, 1: 20.81%
CHEMBL1963838 0: 75.83%, 1: 24.17%
CHEMBL1963846 0: 85.07%, 1: 14.93%
CHEMBL1963849 0: 21.77%, 1: 78.23%
CHEMBL1963857 0: 39.45%, 1: 60.55%
CHEMBL1963867 0: 73.13%, 1: 26.87%
CHEMBL1963898 0: 75.62%, 1: 24.38%
CHEMBL1963899 0: 24.19%, 1: 75.81%
CHEMBL1963907 0: 64.35%, 1: 35.65%
CHEMBL1963910 0: 10.50%, 1: 89.50%
CHEMBL1963915 0: 15.00%, 1: 85.00%
CHEMBL1963930 0: 3.64%, 1: 96.36%
CHEMBL1963933 0: 93.91%, 1: 6.09%
CHEMBL1963934 0: 3.64%, 1: 96.36%
CHEMBL1963940 0: 33.79%, 1: 66.21%
CHEMBL1963968 0: 51.52%, 1: 48.48%
CHEMBL1963969 0: 25.83%, 1: 74.17%
CHEMBL1963974 0: 88.26%, 1: 11.74%
CHEMBL1963983 0: 76.39%, 1: 23.61%
CHEMBL1964005 0: 6.67%, 1: 93.33%
CHEMBL1964010 0: 76.06%, 1: 23.94%
CHEMBL1964023 0: 73.75%, 1: 26.25%
CHEMBL1964046 0: 36.29%, 1: 63.71%
CHEMBL1964055 0: 10.00%, 1: 90.00%
CHEMBL2028073 0: 76.99%, 1: 23.01%
CHEMBL2028074 0: 74.88%, 1: 25.12%
CHEMBL2028075 0: 56.46%, 1: 43.54%
CHEMBL2028076 0: 85.04%, 1: 14.96%
CHEMBL2045986 0: 7.37%, 1: 92.63%
CHEMBL2091156 0: 19.10%, 1: 80.90%
CHEMBL2098499 0: 74.45%, 1: 25.55%
CHEMBL2114715 0: 60.31%, 1: 39.69%
CHEMBL2114717 0: 69.29%, 1: 30.71%
CHEMBL2114718 0: 16.81%, 1: 83.19%
CHEMBL2114727 0: 16.96%, 1: 83.04%
CHEMBL2114728 0: 9.82%, 1: 90.18%
CHEMBL2114742 0: 33.90%, 1: 66.10%
CHEMBL2114748 0: 59.44%, 1: 40.56%
CHEMBL2114752 0: 15.02%, 1: 84.98%
CHEMBL2114764 0: 42.92%, 1: 57.08%
CHEMBL2114771 0: 64.02%, 1: 35.98%
CHEMBL2114791 0: 1.99%, 1: 98.01%
CHEMBL2114797 0: 42.41%, 1: 57.59%
CHEMBL2114803 0: 22.86%, 1: 77.14%
CHEMBL2114811 0: 10.16%, 1: 89.84%
CHEMBL2114814 0: 44.98%, 1: 55.02%
CHEMBL2114820 0: 16.31%, 1: 83.69%
CHEMBL2114823 0: 20.90%, 1: 79.10%
CHEMBL2114826 0: 50.79%, 1: 49.21%
CHEMBL2114827 0: 93.80%, 1: 6.20%
CHEMBL2114830 0: 20.17%, 1: 79.83%
CHEMBL2114839 0: 28.69%, 1: 71.31%
CHEMBL2114844 0: 32.59%, 1: 67.41%
CHEMBL2114847 0: 13.84%, 1: 86.16%
CHEMBL2114863 0: 33.55%, 1: 66.45%
CHEMBL2114874 0: 28.03%, 1: 71.97%
CHEMBL2114883 0: 44.95%, 1: 55.05%
CHEMBL2114914 0: 20.72%, 1: 79.28%
CHEMBL2114927 0: 84.11%, 1: 15.89%
CHEMBL2114928 0: 86.06%, 1: 13.94%
CHEMBL2114930 0: 4.68%, 1: 95.32%
CHEMBL2155446 0: 5.83%, 1: 94.17%
CHEMBL2303649 0: 68.09%, 1: 31.91%
CHEMBL2354206 0: 93.86%, 1: 6.14%
CHEMBL2354207 0: 15.46%, 1: 84.54%
CHEMBL2354217 0: 20.69%, 1: 79.31%
CHEMBL2354227 0: 21.70%, 1: 78.30%
CHEMBL2354228 0: 59.88%, 1: 40.12%
CHEMBL2354248 0: 96.55%, 1: 3.45%
CHEMBL2354260 0: 54.63%, 1: 45.37%
CHEMBL2354274 0: 5.26%, 1: 94.74%
CHEMBL2354276 0: 75.30%, 1: 24.70%
CHEMBL2354292 0: 77.91%, 1: 22.09%
CHEMBL2354303 0: 86.76%, 1: 13.24%
CHEMBL2354305 0: 14.37%, 1: 85.63%
CHEMBL2354307 0: 9.17%, 1: 90.83%
CHEMBL2363140 0: 68.70%, 1: 31.30%
CHEMBL2363141 0: 76.19%, 1: 23.81%
CHEMBL2363142 0: 60.20%, 1: 39.80%
CHEMBL2363146 0: 67.68%, 1: 32.32%
CHEMBL2363148 0: 67.68%, 1: 32.32%
CHEMBL2363152 0: 41.86%, 1: 58.14%
CHEMBL2363153 0: 34.07%, 1: 65.93%
CHEMBL2363154 0: 89.66%, 1: 10.34%
CHEMBL2363160 0: 68.69%, 1: 31.31%
CHEMBL2363165 0: 64.38%, 1: 35.62%
CHEMBL2363166 0: 62.50%, 1: 37.50%
CHEMBL2363167 0: 68.32%, 1: 31.68%
CHEMBL2363168 0: 59.76%, 1: 40.24%
CHEMBL2363169 0: 65.48%, 1: 34.52%
CHEMBL2363171 0: 74.75%, 1: 25.25%
CHEMBL2363174 0: 55.79%, 1: 44.21%
CHEMBL2363176 0: 36.67%, 1: 63.33%
CHEMBL2363178 0: 70.41%, 1: 29.59%
CHEMBL2363180 0: 72.57%, 1: 27.43%
CHEMBL2363184 0: 79.79%, 1: 20.21%
CHEMBL2363185 0: 49.02%, 1: 50.98%
CHEMBL2363187 0: 62.00%, 1: 38.00%
CHEMBL2363189 0: 42.57%, 1: 57.43%
CHEMBL2363197 0: 76.29%, 1: 23.71%
CHEMBL2363207 0: 67.31%, 1: 32.69%
CHEMBL2363208 0: 38.24%, 1: 61.76%
CHEMBL2363210 0: 50.00%, 1: 50.00%
CHEMBL2363211 0: 60.64%, 1: 39.36%
CHEMBL2363212 0: 48.57%, 1: 51.43%
CHEMBL2363213 0: 67.71%, 1: 32.29%
CHEMBL2363214 0: 50.52%, 1: 49.48%
CHEMBL2363215 0: 56.00%, 1: 44.00%
CHEMBL2363216 0: 46.53%, 1: 53.47%
CHEMBL2363218 0: 48.04%, 1: 51.96%
CHEMBL2363220 0: 54.21%, 1: 45.79%
CHEMBL2363221 0: 71.96%, 1: 28.04%
CHEMBL2363223 0: 57.30%, 1: 42.70%
CHEMBL2363224 0: 43.00%, 1: 57.00%
CHEMBL2363225 0: 62.89%, 1: 37.11%
CHEMBL2363227 0: 67.42%, 1: 32.58%
CHEMBL2363228 0: 51.22%, 1: 48.78%
CHEMBL2363230 0: 28.12%, 1: 71.88%
CHEMBL2363236 0: 69.44%, 1: 30.56%
CHEMBL2363238 0: 51.92%, 1: 48.08%
CHEMBL2363239 0: 53.61%, 1: 46.39%
CHEMBL2363242 0: 49.48%, 1: 50.52%
CHEMBL2363243 0: 50.00%, 1: 50.00%
CHEMBL2363245 0: 60.82%, 1: 39.18%
CHEMBL2363247 0: 58.06%, 1: 41.94%
CHEMBL2363248 0: 55.56%, 1: 44.44%
CHEMBL2363252 0: 46.24%, 1: 53.76%
CHEMBL2363253 0: 46.67%, 1: 53.33%
CHEMBL2363255 0: 73.20%, 1: 26.80%
CHEMBL2363263 0: 58.90%, 1: 41.10%
CHEMBL2363264 0: 58.76%, 1: 41.24%
CHEMBL2363265 0: 57.47%, 1: 42.53%
CHEMBL2363268 0: 57.14%, 1: 42.86%
CHEMBL2363269 0: 58.10%, 1: 41.90%
CHEMBL2363272 0: 56.73%, 1: 43.27%
CHEMBL2363273 0: 68.32%, 1: 31.68%
CHEMBL2363275 0: 56.19%, 1: 43.81%
CHEMBL2363277 0: 51.06%, 1: 48.94%
CHEMBL2363278 0: 44.44%, 1: 55.56%
CHEMBL2363283 0: 43.53%, 1: 56.47%
CHEMBL2363290 0: 65.05%, 1: 34.95%
CHEMBL2363294 0: 46.08%, 1: 53.92%
CHEMBL2363299 0: 46.51%, 1: 53.49%
CHEMBL2363307 0: 55.17%, 1: 44.83%
CHEMBL2363313 0: 54.26%, 1: 45.74%
CHEMBL2363314 0: 65.69%, 1: 34.31%
CHEMBL2363315 0: 63.89%, 1: 36.11%
CHEMBL2363317 0: 54.55%, 1: 45.45%
CHEMBL2363319 0: 70.18%, 1: 29.82%
CHEMBL2363321 0: 77.89%, 1: 22.11%
CHEMBL2363322 0: 68.27%, 1: 31.73%
CHEMBL2363324 0: 67.35%, 1: 32.65%
CHEMBL2363326 0: 50.94%, 1: 49.06%
CHEMBL2363327 0: 57.29%, 1: 42.71%
CHEMBL2363328 0: 71.43%, 1: 28.57%
CHEMBL2363330 0: 40.91%, 1: 59.09%
CHEMBL2363332 0: 51.43%, 1: 48.57%
CHEMBL2363333 0: 51.04%, 1: 48.96%
CHEMBL2363334 0: 48.21%, 1: 51.79%
CHEMBL2363335 0: 63.00%, 1: 37.00%
CHEMBL2363336 0: 63.04%, 1: 36.96%
CHEMBL2363337 0: 66.99%, 1: 33.01%
CHEMBL2363338 0: 48.11%, 1: 51.89%
CHEMBL2363339 0: 55.26%, 1: 44.74%
CHEMBL2363341 0: 70.75%, 1: 29.25%
CHEMBL2363343 0: 68.63%, 1: 31.37%
CHEMBL2363348 0: 66.32%, 1: 33.68%
CHEMBL2363349 0: 40.59%, 1: 59.41%
CHEMBL2363351 0: 38.64%, 1: 61.36%
CHEMBL2363352 0: 59.80%, 1: 40.20%
CHEMBL2363353 0: 59.41%, 1: 40.59%
CHEMBL2363363 0: 49.00%, 1: 51.00%
CHEMBL2363364 0: 71.70%, 1: 28.30%
CHEMBL2363366 0: 34.00%, 1: 66.00%
CHEMBL2363367 0: 69.52%, 1: 30.48%
CHEMBL2363368 0: 38.95%, 1: 61.05%
CHEMBL2363369 0: 46.94%, 1: 53.06%
CHEMBL2363370 0: 61.68%, 1: 38.32%
CHEMBL2363371 0: 66.29%, 1: 33.71%
CHEMBL2363373 0: 62.75%, 1: 37.25%
CHEMBL2363374 0: 57.55%, 1: 42.45%
CHEMBL2363375 0: 50.00%, 1: 50.00%
CHEMBL2363377 0: 45.00%, 1: 55.00%
CHEMBL2363383 0: 71.84%, 1: 28.16%
CHEMBL2363385 0: 52.43%, 1: 47.57%
CHEMBL2363387 0: 70.54%, 1: 29.46%
CHEMBL2363388 0: 62.89%, 1: 37.11%
CHEMBL2363389 0: 55.14%, 1: 44.86%
CHEMBL2363390 0: 65.74%, 1: 34.26%
CHEMBL2363391 0: 58.00%, 1: 42.00%
CHEMBL2363393 0: 63.74%, 1: 36.26%
CHEMBL2363395 0: 70.65%, 1: 29.35%
CHEMBL2363397 0: 42.86%, 1: 57.14%
CHEMBL2363403 0: 55.00%, 1: 45.00%
CHEMBL2363414 0: 42.11%, 1: 57.89%
CHEMBL2363420 0: 53.26%, 1: 46.74%
CHEMBL2363421 0: 83.78%, 1: 16.22%
CHEMBL2363425 0: 58.59%, 1: 41.41%
CHEMBL2363426 0: 50.57%, 1: 49.43%
CHEMBL2363432 0: 40.00%, 1: 60.00%
CHEMBL2363433 0: 54.37%, 1: 45.63%
CHEMBL2363434 0: 65.96%, 1: 34.04%
CHEMBL2363435 0: 60.82%, 1: 39.18%
CHEMBL2363437 0: 44.57%, 1: 55.43%
CHEMBL2363438 0: 47.25%, 1: 52.75%
CHEMBL2363440 0: 60.00%, 1: 40.00%
CHEMBL2363442 0: 62.92%, 1: 37.08%
CHEMBL2363443 0: 72.32%, 1: 27.68%
CHEMBL2363444 0: 24.00%, 1: 76.00%
CHEMBL2363445 0: 53.68%, 1: 46.32%
CHEMBL2363446 0: 54.64%, 1: 45.36%
CHEMBL2363447 0: 62.73%, 1: 37.27%
CHEMBL2363449 0: 84.47%, 1: 15.53%
CHEMBL2363452 0: 61.00%, 1: 39.00%
CHEMBL2363453 0: 67.44%, 1: 32.56%
CHEMBL2363454 0: 58.00%, 1: 42.00%
CHEMBL2363457 0: 58.25%, 1: 41.75%
CHEMBL2363458 0: 65.74%, 1: 34.26%
CHEMBL2363459 0: 48.15%, 1: 51.85%
CHEMBL2363464 0: 67.68%, 1: 32.32%
CHEMBL2363465 0: 69.61%, 1: 30.39%
CHEMBL2363467 0: 59.52%, 1: 40.48%
CHEMBL2363468 0: 66.67%, 1: 33.33%
CHEMBL2363469 0: 52.53%, 1: 47.47%
CHEMBL2363470 0: 77.48%, 1: 22.52%
CHEMBL2363477 0: 62.38%, 1: 37.62%
CHEMBL2363480 0: 52.08%, 1: 47.92%
CHEMBL2363481 0: 70.71%, 1: 29.29%
CHEMBL2363489 0: 61.54%, 1: 38.46%
CHEMBL2363492 0: 85.32%, 1: 14.68%
CHEMBL2363504 0: 59.80%, 1: 40.20%
CHEMBL2363507 0: 65.05%, 1: 34.95%
CHEMBL2363514 0: 75.00%, 1: 25.00%
CHEMBL2363516 0: 69.16%, 1: 30.84%
CHEMBL2363529 0: 71.70%, 1: 28.30%
CHEMBL2363531 0: 63.10%, 1: 36.90%
CHEMBL2363535 0: 55.10%, 1: 44.90%
CHEMBL2363541 0: 65.96%, 1: 34.04%
CHEMBL2363544 0: 60.82%, 1: 39.18%
CHEMBL2363546 0: 53.85%, 1: 46.15%
CHEMBL2363549 0: 73.40%, 1: 26.60%
CHEMBL2363552 0: 68.35%, 1: 31.65%
CHEMBL2363553 0: 47.42%, 1: 52.58%
CHEMBL2363555 0: 65.71%, 1: 34.29%
CHEMBL2363556 0: 52.53%, 1: 47.47%
CHEMBL2363557 0: 60.75%, 1: 39.25%
CHEMBL2363558 0: 34.95%, 1: 65.05%
CHEMBL2363559 0: 56.25%, 1: 43.75%
CHEMBL2363560 0: 56.57%, 1: 43.43%
CHEMBL2363561 0: 33.71%, 1: 66.29%
CHEMBL2363562 0: 48.04%, 1: 51.96%
CHEMBL2363568 0: 56.67%, 1: 43.33%
CHEMBL2363569 0: 52.43%, 1: 47.57%
CHEMBL2363572 0: 66.67%, 1: 33.33%
CHEMBL2363573 0: 52.34%, 1: 47.66%
CHEMBL2363575 0: 47.52%, 1: 52.48%
CHEMBL2363577 0: 54.55%, 1: 45.45%
CHEMBL2363581 0: 62.11%, 1: 37.89%
CHEMBL2363592 0: 51.72%, 1: 48.28%
CHEMBL2363593 0: 34.44%, 1: 65.56%
CHEMBL2363594 0: 73.63%, 1: 26.37%
CHEMBL2363599 0: 66.09%, 1: 33.91%
CHEMBL2363601 0: 48.62%, 1: 51.38%
CHEMBL2363609 0: 53.76%, 1: 46.24%
CHEMBL2363611 0: 71.96%, 1: 28.04%
CHEMBL2363612 0: 35.23%, 1: 64.77%
CHEMBL2363616 0: 55.14%, 1: 44.86%
CHEMBL2363618 0: 47.83%, 1: 52.17%
CHEMBL2363621 0: 58.95%, 1: 41.05%
CHEMBL2363623 0: 65.05%, 1: 34.95%
CHEMBL2363628 0: 81.25%, 1: 18.75%
CHEMBL2363630 0: 50.00%, 1: 50.00%
CHEMBL2363631 0: 54.26%, 1: 45.74%
CHEMBL2363633 0: 57.58%, 1: 42.42%
CHEMBL2363634 0: 49.07%, 1: 50.93%
CHEMBL2363635 0: 78.50%, 1: 21.50%
CHEMBL2363639 0: 53.77%, 1: 46.23%
CHEMBL2363642 0: 56.18%, 1: 43.82%
CHEMBL2363644 0: 75.76%, 1: 24.24%
CHEMBL2363645 0: 63.21%, 1: 36.79%
CHEMBL2363655 0: 55.66%, 1: 44.34%
CHEMBL2363656 0: 74.04%, 1: 25.96%
CHEMBL2363657 0: 39.78%, 1: 60.22%
CHEMBL2363659 0: 53.76%, 1: 46.24%
CHEMBL2363660 0: 53.40%, 1: 46.60%
CHEMBL2363664 0: 60.58%, 1: 39.42%
CHEMBL2363671 0: 60.22%, 1: 39.78%
CHEMBL2363688 0: 79.82%, 1: 20.18%
CHEMBL2363692 0: 53.64%, 1: 46.36%
CHEMBL2363695 0: 46.73%, 1: 53.27%
CHEMBL2363696 0: 55.67%, 1: 44.33%
CHEMBL2363697 0: 37.93%, 1: 62.07%
CHEMBL2363707 0: 54.26%, 1: 45.74%
CHEMBL2363713 0: 30.85%, 1: 69.15%
CHEMBL2363716 0: 51.55%, 1: 48.45%
CHEMBL2363719 0: 41.00%, 1: 59.00%
CHEMBL2363723 0: 64.10%, 1: 35.90%
CHEMBL2363725 0: 46.15%, 1: 53.85%
CHEMBL2363727 0: 52.63%, 1: 47.37%
CHEMBL2363728 0: 45.71%, 1: 54.29%
CHEMBL2363731 0: 67.96%, 1: 32.04%
CHEMBL2363734 0: 52.87%, 1: 47.13%
CHEMBL2363737 0: 42.86%, 1: 57.14%
CHEMBL2363739 0: 37.08%, 1: 62.92%
CHEMBL2363740 0: 70.19%, 1: 29.81%
CHEMBL2363743 0: 55.77%, 1: 44.23%
CHEMBL2363747 0: 41.67%, 1: 58.33%
CHEMBL2363748 0: 67.01%, 1: 32.99%
CHEMBL2363749 0: 48.45%, 1: 51.55%
CHEMBL2363753 0: 47.47%, 1: 52.53%
CHEMBL2363764 0: 73.21%, 1: 26.79%
CHEMBL2363766 0: 32.67%, 1: 67.33%
CHEMBL2363767 0: 55.79%, 1: 44.21%
CHEMBL2363771 0: 60.19%, 1: 39.81%
CHEMBL2363774 0: 76.92%, 1: 23.08%
CHEMBL2363788 0: 53.61%, 1: 46.39%
CHEMBL2363789 0: 51.96%, 1: 48.04%
CHEMBL2363790 0: 42.11%, 1: 57.89%
CHEMBL2363793 0: 64.95%, 1: 35.05%
CHEMBL2363794 0: 66.02%, 1: 33.98%
CHEMBL2363795 0: 45.71%, 1: 54.29%
CHEMBL2363796 0: 57.89%, 1: 42.11%
CHEMBL2363798 0: 67.00%, 1: 33.00%
CHEMBL2363799 0: 57.89%, 1: 42.11%
CHEMBL2363800 0: 63.29%, 1: 36.71%
CHEMBL2363803 0: 50.49%, 1: 49.51%
CHEMBL2363809 0: 65.38%, 1: 34.62%
CHEMBL2363811 0: 73.53%, 1: 26.47%
CHEMBL2363814 0: 63.92%, 1: 36.08%
CHEMBL2363820 0: 47.12%, 1: 52.88%
CHEMBL2363830 0: 65.69%, 1: 34.31%
CHEMBL2363831 0: 70.10%, 1: 29.90%
CHEMBL2363834 0: 64.65%, 1: 35.35%
CHEMBL2363836 0: 58.00%, 1: 42.00%
CHEMBL2363839 0: 50.00%, 1: 50.00%
CHEMBL2363846 0: 65.98%, 1: 34.02%
CHEMBL2363847 0: 68.81%, 1: 31.19%
CHEMBL2363851 0: 57.47%, 1: 42.53%
CHEMBL2378059 0: 2.84%, 1: 97.16%
CHEMBL2449559 0: 17.37%, 1: 82.63%
CHEMBL3079731 0: 11.76%, 1: 88.24%
CHEMBL3111191 0: 87.27%, 1: 12.73%
CHEMBL3111192 0: 90.00%, 1: 10.00%
CHEMBL3111194 0: 87.27%, 1: 12.73%
CHEMBL3111195 0: 74.55%, 1: 25.45%
CHEMBL3111197 0: 87.27%, 1: 12.73%
CHEMBL3111198 0: 74.55%, 1: 25.45%
CHEMBL3214782 0: 16.53%, 1: 83.47%
CHEMBL3214794 0: 64.60%, 1: 35.40%
CHEMBL3214801 0: 28.46%, 1: 71.54%
CHEMBL3214806 0: 9.62%, 1: 90.38%
CHEMBL3214812 0: 33.19%, 1: 66.81%
CHEMBL3214816 0: 25.43%, 1: 74.57%
CHEMBL3214828 0: 52.68%, 1: 47.32%
CHEMBL3214851 0: 77.02%, 1: 22.98%
CHEMBL3214907 0: 48.12%, 1: 51.88%
CHEMBL3214930 0: 79.15%, 1: 20.85%
CHEMBL3214958 0: 69.31%, 1: 30.69%
CHEMBL3214959 0: 31.09%, 1: 68.91%
CHEMBL3214965 0: 62.10%, 1: 37.90%
CHEMBL3214981 0: 10.62%, 1: 89.38%
CHEMBL3214985 0: 74.42%, 1: 25.58%
CHEMBL3214997 0: 27.27%, 1: 72.73%
CHEMBL3215006 0: 73.18%, 1: 26.82%
CHEMBL3215034 0: 39.87%, 1: 60.13%
CHEMBL3215078 0: 41.84%, 1: 58.16%
CHEMBL3215092 0: 57.98%, 1: 42.02%
CHEMBL3215112 0: 7.48%, 1: 92.52%
CHEMBL3215116 0: 83.87%, 1: 16.13%
CHEMBL3215128 0: 14.05%, 1: 85.95%
CHEMBL3215132 0: 12.28%, 1: 87.72%
CHEMBL3215144 0: 18.35%, 1: 81.65%
CHEMBL3215154 0: 44.44%, 1: 55.56%
CHEMBL3215158 0: 12.59%, 1: 87.41%
CHEMBL3215171 0: 97.98%, 1: 2.02%
CHEMBL3215176 0: 91.72%, 1: 8.28%
CHEMBL3215216 0: 15.79%, 1: 84.21%
CHEMBL3215228 0: 88.71%, 1: 11.29%
CHEMBL3215266 0: 9.17%, 1: 90.83%
CHEMBL3215276 0: 7.46%, 1: 92.54%
CHEMBL618396 0: 13.51%, 1: 86.49%
CHEMBL641707 0: 64.29%, 1: 35.71%
CHEMBL648337 0: 25.86%, 1: 74.14%
CHEMBL653167 0: 11.76%, 1: 88.24%
CHEMBL663474 0: 14.74%, 1: 85.26%
CHEMBL681296 0: 5.56%, 1: 94.44%
CHEMBL687330 0: 52.70%, 1: 47.30%
CHEMBL698689 0: 6.48%, 1: 93.52%
CHEMBL763093 0: 26.53%, 1: 73.47%
CHEMBL772766 0: 71.25%, 1: 28.75%
CHEMBL806152 0: 48.08%, 1: 51.92%
CHEMBL829401 0: 10.53%, 1: 89.47%
CHEMBL830839 0: 3.07%, 1: 96.93%
CHEMBL830842 0: 10.53%, 1: 89.47%
CHEMBL856174 0: 2.44%, 1: 97.56%
CHEMBL864855 0: 8.99%, 1: 91.01%
CHEMBL872182 0: 63.29%, 1: 36.71%
CHEMBL914418 0: 14.93%, 1: 85.07%
CHEMBL918058 0: 93.33%, 1: 6.67%
CHEMBL938648 0: 14.42%, 1: 85.58%
Total size = 29,384 | train size = 23,507 | val size = 2,938 | test size = 2,939
Building model 0
MoleculeModel(
  (sigmoid): Sigmoid()
  (encoder): MPN(
    (encoder): MPNEncoder(
      (dropout_layer): Dropout(p=0.2, inplace=False)
      (act_func): ReLU()
      (W_i): Linear(in_features=147, out_features=300, bias=False)
      (W_h): Linear(in_features=300, out_features=300, bias=False)
      (W_o): Linear(in_features=433, out_features=300, bias=True)
    )
  )
  (ffn): Sequential(
    (0): Dropout(p=0.2, inplace=False)
    (1): Linear(in_features=300, out_features=400, bias=True)
    (2): ReLU()
    (3): Dropout(p=0.2, inplace=False)
    (4): Linear(in_features=400, out_features=622, bias=True)
  )
)
Number of parameters = 634,122
Moving model to cuda
  0% 0/30 [00:00<?, ?it/s]Epoch 0

  0% 0/471 [00:00<?, ?it/s][A
  0% 1/471 [00:11<1:26:36, 11.06s/it][A
  0% 2/471 [00:11<1:00:46,  7.78s/it][A
  1% 7/471 [00:11<42:09,  5.45s/it]  [ALoss = 1.3987e-02, PNorm = 40.9481, GNorm = 0.2668, lr_0 = 1.1053e-04

  2% 10/471 [00:13<30:49,  4.01s/it][A
  3% 16/471 [00:13<21:20,  2.82s/it][A
  4% 19/471 [00:15<16:07,  2.14s/it][ALoss = 1.3787e-02, PNorm = 40.9483, GNorm = 0.2376, lr_0 = 1.2011e-04

  5% 23/471 [00:15<11:16,  1.51s/it][A
  5% 25/471 [00:15<08:36,  1.16s/it][A
  6% 27/471 [00:16<06:10,  1.20it/s][A
  6% 29/471 [00:16<04:45,  1.55it/s][ALoss = 1.3775e-02, PNorm = 40.9493, GNorm = 0.3784, lr_0 = 1.2968e-04

  7% 34/471 [00:16<03:20,  2.18it/s][A
  8% 37/471 [00:16<02:28,  2.92it/s][ALoss = 1.3582e-02, PNorm = 40.9512, GNorm = 0.4309, lr_0 = 1.3926e-04

  8% 40/471 [00:16<01:48,  3.99it/s][A
  9% 43/471 [00:17<01:21,  5.25it/s][A
 10% 46/471 [00:17<01:06,  6.42it/s][A
 10% 49/471 [00:17<00:51,  8.16it/s][ALoss = 1.3366e-02, PNorm = 40.9541, GNorm = 0.2211, lr_0 = 1.4883e-04

 11% 51/471 [00:17<00:49,  8.51it/s][A
 11% 53/471 [00:17<00:50,  8.21it/s][A
 12% 57/471 [00:18<00:39, 10.51it/s][ALoss = 1.3054e-02, PNorm = 40.9588, GNorm = 0.2965, lr_0 = 1.5840e-04

 13% 60/471 [00:18<00:46,  8.78it/s][A
 13% 62/471 [00:18<00:39, 10.41it/s][A
 14% 64/471 [00:18<00:33, 12.00it/s][A
 14% 66/471 [00:18<00:31, 12.95it/s][A
 14% 68/471 [00:19<00:38, 10.58it/s][ALoss = 1.2565e-02, PNorm = 40.9657, GNorm = 0.6964, lr_0 = 1.6798e-04

 15% 70/471 [00:19<00:32, 12.16it/s][A
 15% 73/471 [00:19<00:28, 14.07it/s][A
 16% 75/471 [00:19<00:27, 14.52it/s][A
 16% 77/471 [00:19<00:34, 11.52it/s][ALoss = 1.2274e-02, PNorm = 40.9739, GNorm = 0.7793, lr_0 = 1.7755e-04

 17% 81/471 [00:19<00:27, 14.33it/s][A
 18% 83/471 [00:20<00:27, 14.08it/s][A
 18% 85/471 [00:20<00:32, 11.74it/s][A
 18% 87/471 [00:20<00:31, 12.26it/s][A
 19% 89/471 [00:20<00:27, 13.76it/s][ALoss = 1.2119e-02, PNorm = 40.9819, GNorm = 0.9132, lr_0 = 1.8713e-04

 19% 91/471 [00:20<00:26, 14.20it/s][A
 20% 93/471 [00:20<00:32, 11.47it/s][A
 20% 95/471 [00:21<00:36, 10.33it/s][A
 21% 98/471 [00:21<00:31, 11.74it/s][ALoss = 1.1297e-02, PNorm = 40.9873, GNorm = 1.0728, lr_0 = 1.9670e-04

 21% 100/471 [00:21<00:34, 10.78it/s][A
 22% 103/471 [00:21<00:37,  9.85it/s][A
 23% 106/471 [00:22<00:30, 12.08it/s][A
 23% 109/471 [00:22<00:26, 13.79it/s][ALoss = 1.2160e-02, PNorm = 40.9893, GNorm = 0.8775, lr_0 = 2.0628e-04

 24% 111/471 [00:22<00:33, 10.60it/s][A
 24% 113/471 [00:22<00:31, 11.40it/s][A
 25% 116/471 [00:22<00:26, 13.59it/s][A
 25% 119/471 [00:22<00:23, 15.27it/s][ALoss = 1.2977e-02, PNorm = 40.9898, GNorm = 0.6574, lr_0 = 2.1585e-04

 26% 121/471 [00:22<00:22, 15.89it/s][A
 26% 124/471 [00:23<00:19, 17.49it/s][A
 27% 127/471 [00:23<00:21, 16.14it/s][ALoss = 1.1304e-02, PNorm = 40.9922, GNorm = 0.7801, lr_0 = 2.2543e-04

 28% 132/471 [00:23<00:17, 19.15it/s][A
 29% 135/471 [00:23<00:21, 15.27it/s][A
 29% 137/471 [00:23<00:20, 15.95it/s][A
 30% 139/471 [00:23<00:20, 16.40it/s][ALoss = 1.1491e-02, PNorm = 40.9996, GNorm = 0.5610, lr_0 = 2.3500e-04

 30% 141/471 [00:24<00:20, 16.36it/s][A
 30% 143/471 [00:24<00:37,  8.76it/s][A
 31% 146/471 [00:24<00:30, 10.54it/s][A
 31% 148/471 [00:24<00:28, 11.34it/s][ALoss = 1.2598e-02, PNorm = 41.0013, GNorm = 0.4841, lr_0 = 2.4457e-04

 32% 150/471 [00:25<00:27, 11.57it/s][A
 32% 152/471 [00:25<00:28, 11.06it/s][A
 33% 155/471 [00:25<00:23, 13.32it/s][A
 34% 158/471 [00:25<00:25, 12.19it/s][ALoss = 1.0345e-02, PNorm = 41.0061, GNorm = 0.7746, lr_0 = 2.5415e-04

 34% 160/471 [00:28<02:19,  2.23it/s][A
 34% 162/471 [00:28<01:44,  2.96it/s][A
 35% 165/471 [00:28<01:16,  4.00it/s][A
 35% 167/471 [00:32<03:49,  1.32it/s][ALoss = 1.1596e-02, PNorm = 41.0126, GNorm = 0.9516, lr_0 = 2.6372e-04

 36% 170/471 [00:32<02:43,  1.84it/s][A
 37% 172/471 [00:32<02:00,  2.49it/s][A
 37% 174/471 [00:35<03:11,  1.55it/s][A
 37% 175/471 [00:36<04:35,  1.08it/s][A
 38% 178/471 [00:36<03:13,  1.51it/s][ALoss = 9.7704e-03, PNorm = 41.0192, GNorm = 0.8620, lr_0 = 2.7330e-04

 38% 181/471 [00:37<02:18,  2.09it/s][A
 39% 183/471 [00:41<04:40,  1.03it/s][A
 39% 185/471 [00:41<03:21,  1.42it/s][A
 40% 187/471 [00:41<02:24,  1.96it/s][ALoss = 1.0823e-02, PNorm = 41.0237, GNorm = 0.9652, lr_0 = 2.8287e-04

 40% 190/471 [00:41<01:45,  2.66it/s][A
 41% 192/471 [00:41<01:23,  3.33it/s][A
 41% 194/471 [00:42<01:05,  4.22it/s][A
 42% 197/471 [00:42<00:49,  5.55it/s][A
 42% 199/471 [00:42<00:44,  6.06it/s][ALoss = 9.9292e-03, PNorm = 41.0285, GNorm = 0.7938, lr_0 = 2.9245e-04

 43% 201/471 [00:42<00:38,  6.96it/s][A
 43% 204/471 [00:42<00:30,  8.69it/s][A
 44% 206/471 [00:42<00:25, 10.30it/s][A
 44% 208/471 [00:43<00:30,  8.75it/s][ALoss = 1.0020e-02, PNorm = 41.0369, GNorm = 0.8232, lr_0 = 3.0202e-04

 45% 210/471 [00:43<00:27,  9.56it/s][A
 45% 213/471 [00:43<00:22, 11.35it/s][A
 46% 215/471 [00:43<00:29,  8.71it/s][A
 46% 217/471 [00:44<00:25,  9.88it/s][ALoss = 1.1245e-02, PNorm = 41.0449, GNorm = 1.4688, lr_0 = 3.1160e-04

 47% 220/471 [00:44<00:21, 11.57it/s][A
 47% 222/471 [00:44<00:20, 12.25it/s][A
 48% 224/471 [00:44<00:23, 10.33it/s][A
 48% 226/471 [00:44<00:22, 10.85it/s][A
 49% 229/471 [00:44<00:19, 12.24it/s][ALoss = 1.0342e-02, PNorm = 41.0441, GNorm = 0.5273, lr_0 = 3.2117e-04

 49% 231/471 [00:45<00:28,  8.42it/s][A
 49% 233/471 [00:45<00:25,  9.50it/s][A
 50% 235/471 [00:45<00:22, 10.71it/s][A
 50% 237/471 [00:45<00:19, 11.87it/s][A
 51% 239/471 [00:46<00:27,  8.55it/s][ALoss = 1.0404e-02, PNorm = 41.0523, GNorm = 0.7378, lr_0 = 3.3074e-04

 51% 241/471 [00:46<00:23,  9.86it/s][A
 52% 243/471 [00:46<00:20, 11.29it/s][A
 52% 245/471 [00:46<00:17, 12.80it/s][A
 52% 247/471 [00:46<00:21, 10.45it/s][A
 53% 249/471 [00:46<00:20, 10.86it/s][ALoss = 1.1183e-02, PNorm = 41.0561, GNorm = 0.7378, lr_0 = 3.4032e-04

 53% 251/471 [00:47<00:18, 11.65it/s][A
 54% 253/471 [00:47<00:17, 12.53it/s][A
 54% 255/471 [00:47<00:23,  9.36it/s][A
 55% 257/471 [00:47<00:21,  9.80it/s][ALoss = 1.1185e-02, PNorm = 41.0593, GNorm = 0.6555, lr_0 = 3.4989e-04

 55% 260/471 [00:47<00:18, 11.57it/s][A
 56% 262/471 [00:48<00:17, 12.04it/s][A
 56% 264/471 [00:48<00:19, 10.50it/s][A
 56% 266/471 [00:48<00:16, 12.24it/s][A
 57% 268/471 [00:48<00:15, 13.34it/s][ALoss = 1.0812e-02, PNorm = 41.0676, GNorm = 0.5400, lr_0 = 3.5947e-04

 57% 270/471 [00:48<00:17, 11.53it/s][A
 58% 272/471 [00:49<00:20,  9.77it/s][A
 58% 274/471 [00:49<00:18, 10.54it/s][A
 59% 276/471 [00:49<00:17, 11.36it/s][A
 59% 278/471 [00:51<01:09,  2.77it/s][ALoss = 1.0210e-02, PNorm = 41.0773, GNorm = 0.8422, lr_0 = 3.6904e-04

 59% 280/471 [00:51<00:52,  3.63it/s][A
 60% 282/471 [00:51<00:41,  4.60it/s][A
 60% 284/471 [00:51<00:31,  5.93it/s][A
 61% 286/471 [00:52<00:28,  6.55it/s][A
 61% 288/471 [00:52<00:22,  8.09it/s][ALoss = 1.1139e-02, PNorm = 41.0790, GNorm = 0.4432, lr_0 = 3.7862e-04

 62% 290/471 [00:52<00:20,  8.68it/s][A
 62% 293/471 [00:52<00:18,  9.71it/s][A
 63% 295/471 [00:52<00:16, 10.41it/s][A
 63% 297/471 [00:52<00:15, 11.06it/s][A
 63% 299/471 [00:53<00:17,  9.92it/s][ALoss = 1.0776e-02, PNorm = 41.0842, GNorm = 0.6124, lr_0 = 3.8819e-04

 64% 301/471 [00:55<01:21,  2.09it/s][A
 64% 303/471 [00:55<00:59,  2.81it/s][A
 65% 305/471 [00:56<00:46,  3.58it/s][A
 65% 307/471 [00:56<00:35,  4.61it/s][A
 66% 309/471 [00:56<00:29,  5.55it/s][ALoss = 1.0222e-02, PNorm = 41.0965, GNorm = 0.6775, lr_0 = 3.9777e-04

 66% 311/471 [00:56<00:22,  7.06it/s][A
 66% 313/471 [00:56<00:20,  7.53it/s][A
 67% 315/471 [00:57<00:19,  8.02it/s][A
 67% 317/471 [00:59<01:04,  2.39it/s][A
 68% 319/471 [00:59<00:48,  3.16it/s][ALoss = 1.1535e-02, PNorm = 41.0982, GNorm = 0.6363, lr_0 = 4.0734e-04

 68% 321/471 [01:00<00:48,  3.10it/s][A
 68% 322/471 [01:02<02:18,  1.07it/s][A
 69% 324/471 [01:02<01:38,  1.49it/s][A
 69% 325/471 [01:02<01:14,  1.97it/s][A
 69% 327/471 [01:02<00:54,  2.65it/s][A
 70% 329/471 [01:04<01:19,  1.79it/s][ALoss = 1.1549e-02, PNorm = 41.1007, GNorm = 0.5938, lr_0 = 4.1691e-04

 70% 330/471 [01:06<01:59,  1.18it/s][A
 71% 333/471 [01:06<01:24,  1.63it/s][A
 71% 335/471 [01:06<01:01,  2.22it/s][A
 72% 337/471 [01:06<00:45,  2.95it/s][A
 72% 339/471 [01:07<00:35,  3.69it/s][ALoss = 1.0987e-02, PNorm = 41.1123, GNorm = 0.4256, lr_0 = 4.2649e-04

 72% 341/471 [01:09<01:16,  1.70it/s][A
 73% 343/471 [01:09<00:55,  2.31it/s][A
 73% 345/471 [01:10<00:41,  3.03it/s][A
 73% 346/471 [01:10<00:34,  3.64it/s][A
 74% 349/471 [01:10<00:25,  4.80it/s][ALoss = 1.1270e-02, PNorm = 41.1184, GNorm = 0.5685, lr_0 = 4.3606e-04

 75% 351/471 [01:10<00:20,  5.79it/s][A
 75% 353/471 [01:10<00:18,  6.51it/s][A
 75% 355/471 [01:10<00:16,  7.08it/s][A
 76% 357/471 [01:11<00:13,  8.55it/s][A
 76% 359/471 [01:11<00:12,  9.13it/s][ALoss = 1.0639e-02, PNorm = 41.1240, GNorm = 0.5529, lr_0 = 4.4564e-04

 77% 361/471 [01:11<00:11,  9.76it/s][A
 77% 363/471 [01:11<00:11,  9.01it/s][A
 77% 365/471 [01:11<00:10, 10.45it/s][A
 78% 367/471 [01:11<00:08, 11.57it/s][A
 78% 369/471 [01:12<00:08, 11.89it/s][ALoss = 1.1889e-02, PNorm = 41.1352, GNorm = 0.6600, lr_0 = 4.5521e-04

 79% 371/471 [01:12<00:08, 11.67it/s][A
 79% 373/471 [01:12<00:08, 11.96it/s][A
 80% 375/471 [01:12<00:08, 11.13it/s][A
 80% 377/471 [01:12<00:08, 10.63it/s][A
 80% 379/471 [01:13<00:08, 10.77it/s][ALoss = 1.1466e-02, PNorm = 41.1408, GNorm = 0.3676, lr_0 = 4.6479e-04

 81% 381/471 [01:13<00:07, 12.11it/s][A
 81% 383/471 [01:13<00:06, 12.73it/s][A
