wandb: Tracking run with wandb version 0.9.3
wandb: Wandb version 0.9.4 is available!  To upgrade, please run:
wandb:  $ pip install wandb --upgrade
wandb: Run data is saved locally in wandb/run-20200809_171048-3hodus4g
wandb: Syncing run less_512_scaffold_balanced_split
wandb: ⭐️ View project at https://app.wandb.ai/apappu97/molecule-metalearning
wandb: 🚀 View run at https://app.wandb.ai/apappu97/molecule-metalearning/runs/3hodus4g
wandb: Run `wandb off` to turn off syncing.

Fold 0
Command line
python chemprop/train.py --data_path filtered_chembl/chembl_less_512_instances.csv --dataset_type classification --split_type scaffold_balanced --dropout 0.2 --num_folds 1 --epochs 30 --results_save_dir results/motivational/chemprop/ --experiment_name less_512_scaffold_balanced_split
Args
{'activation': 'ReLU',
 'atom_messages': False,
 'batch_size': 50,
 'bias': False,
 'cache_cutoff': 10000,
 'checkpoint_dir': None,
 'checkpoint_path': None,
 'checkpoint_paths': None,
 'chembl_assay_metadata_pickle_path': None,
 'class_balance': False,
 'config_path': None,
 'crossval_index_dir': None,
 'crossval_index_file': None,
 'crossval_index_sets': None,
 'data_path': 'filtered_chembl/chembl_less_512_instances.csv',
 'dataset_type': 'classification',
 'depth': 3,
 'dropout': 0.2,
 'ensemble_size': 1,
 'epochs': 30,
 'experiment_name': 'less_512_scaffold_balanced_split',
 'features_generator': None,
 'features_only': False,
 'features_path': None,
 'features_size': None,
 'ffn_hidden_size': 400,
 'ffn_num_layers': 2,
 'final_lr': 0.0001,
 'folds_file': None,
 'gpu': None,
 'hidden_size': 300,
 'init_lr': 0.0001,
 'log_frequency': 10,
 'max_data_size': None,
 'max_lr': 0.001,
 'meta_split_sizes_BF': (10, 10),
 'metric': 'auc',
 'minimize_score': False,
 'multiclass_num_classes': 3,
 'no_cuda': False,
 'no_features_scaling': False,
 'num_folds': 1,
 'num_lrs': 1,
 'num_tasks': None,
 'num_workers': 8,
 'pytorch_seed': 0,
 'quiet': False,
 'results_save_dir': 'results/motivational/chemprop/',
 'save_dir': '/tmp/2321739.11.gpu.q/tmpg1ei8sag/fold_0',
 'save_smiles_splits': False,
 'seed': 0,
 'seeds': None,
 'separate_test_features_path': None,
 'separate_test_path': None,
 'separate_val_features_path': None,
 'separate_val_path': None,
 'show_individual_scores': False,
 'smiles_column': None,
 'split_sizes': (0.8, 0.1, 0.1),
 'split_type': 'scaffold_balanced',
 'target_columns': None,
 'task_names': None,
 'test': False,
 'test_fold_index': None,
 'train_data_size': None,
 'undirected': False,
 'use_input_features': False,
 'val_fold_index': None,
 'warmup_epochs': 2.0}
Loading data
0it [00:00, ?it/s]377it [00:00, 3763.71it/s]490it [00:00, 1400.36it/s]773it [00:00, 1649.81it/s]1137it [00:00, 1973.06it/s]1424it [00:00, 2176.23it/s]1716it [00:00, 2354.59it/s]2024it [00:00, 2533.51it/s]2376it [00:00, 2765.31it/s]2736it [00:01, 2970.63it/s]3094it [00:01, 3107.48it/s]3461it [00:01, 3255.10it/s]3826it [00:01, 3362.46it/s]4193it [00:01, 3447.53it/s]4561it [00:01, 3511.89it/s]4927it [00:01, 3552.88it/s]5294it [00:01, 3587.07it/s]5656it [00:01, 3124.90it/s]6025it [00:01, 3275.11it/s]6394it [00:02, 3387.22it/s]6765it [00:02, 3475.61it/s]7133it [00:02, 3532.72it/s]7502it [00:02, 3577.29it/s]7864it [00:02, 3574.49it/s]8239it [00:02, 3625.10it/s]8604it [00:03, 1025.34it/s]8871it [00:03, 1257.52it/s]9138it [00:03, 1493.46it/s]9406it [00:03, 1721.11it/s]9712it [00:03, 1980.66it/s]9991it [00:04, 1950.70it/s]10364it [00:04, 2276.40it/s]10736it [00:04, 2575.95it/s]11108it [00:04, 2836.93it/s]11470it [00:04, 3018.47it/s]11808it [00:04, 2022.32it/s]12079it [00:04, 2048.35it/s]12450it [00:04, 2365.32it/s]12823it [00:05, 2656.33it/s]13194it [00:05, 2902.97it/s]13564it [00:05, 3078.78it/s]13913it [00:05, 2831.67it/s]14284it [00:05, 3046.35it/s]14659it [00:05, 3226.98it/s]15033it [00:05, 3364.56it/s]15400it [00:05, 3450.05it/s]15758it [00:05, 3487.42it/s]16133it [00:06, 3560.86it/s]16503it [00:06, 3598.79it/s]16867it [00:06, 3578.40it/s]17228it [00:06, 3574.07it/s]17599it [00:06, 3613.72it/s]17970it [00:06, 3641.53it/s]18336it [00:06, 3174.87it/s]18686it [00:06, 3264.87it/s]19022it [00:06, 2862.03it/s]19324it [00:07, 2790.76it/s]19615it [00:07, 2775.13it/s]19901it [00:07, 2764.50it/s]20190it [00:07, 2800.05it/s]20474it [00:07, 2781.04it/s]20828it [00:07, 2971.37it/s]21198it [00:07, 3156.07it/s]21574it [00:07, 3313.59it/s]21940it [00:07, 3370.58it/s]22289it [00:08, 3016.08it/s]22667it [00:08, 3208.96it/s]23041it [00:08, 3351.30it/s]23418it [00:08, 3465.09it/s]23795it [00:08, 3548.92it/s]24170it [00:08, 3606.66it/s]24548it [00:08, 3654.49it/s]24922it [00:08, 3678.75it/s]25296it [00:08, 3694.42it/s]25675it [00:08, 3720.07it/s]26049it [00:09, 3724.52it/s]26424it [00:09, 3731.97it/s]26798it [00:09, 3226.91it/s]27175it [00:09, 3335.71it/s]27550it [00:09, 3448.82it/s]27928it [00:09, 3540.37it/s]28305it [00:09, 3604.13it/s]28679it [00:09, 3642.59it/s]29055it [00:09, 3675.12it/s]29431it [00:09, 3698.30it/s]29805it [00:10, 3710.32it/s]30182it [00:10, 3727.00it/s]30560it [00:10, 3740.41it/s]30935it [00:10, 3232.94it/s]31271it [00:11, 1178.25it/s]31649it [00:11, 1484.62it/s]32022it [00:11, 1811.32it/s]32397it [00:11, 2143.65it/s]32757it [00:11, 2439.09it/s]33135it [00:11, 2729.14it/s]33512it [00:11, 2974.54it/s]33886it [00:11, 3168.76it/s]34263it [00:11, 3327.01it/s]34640it [00:12, 3446.62it/s]35019it [00:12, 3541.47it/s]35392it [00:12, 3113.14it/s]35768it [00:12, 3282.55it/s]36144it [00:12, 3410.44it/s]36519it [00:12, 3505.07it/s]36893it [00:12, 3571.59it/s]37267it [00:12, 3619.76it/s]37635it [00:12, 3615.93it/s]38005it [00:12, 3638.79it/s]38372it [00:13, 3613.01it/s]38736it [00:13, 3594.83it/s]39097it [00:13, 3595.08it/s]39458it [00:13, 3137.71it/s]39833it [00:13, 3297.94it/s]40202it [00:13, 3404.00it/s]40562it [00:13, 3459.11it/s]40916it [00:13, 3480.52it/s]41290it [00:13, 3553.52it/s]41649it [00:14, 3302.56it/s]41986it [00:14, 3072.14it/s]42359it [00:14, 3242.34it/s]42726it [00:14, 3358.90it/s]43093it [00:14, 3445.59it/s]43466it [00:14, 3523.70it/s]43823it [00:14, 3090.58it/s]44188it [00:14, 3238.17it/s]44562it [00:14, 3372.25it/s]44929it [00:15, 3433.08it/s]45286it [00:15, 3470.83it/s]45660it [00:15, 3546.79it/s]46036it [00:15, 3606.68it/s]46409it [00:15, 3641.99it/s]46780it [00:15, 3661.50it/s]47152it [00:15, 3677.26it/s]47526it [00:15, 3695.78it/s]47897it [00:15, 3197.31it/s]48271it [00:16, 3342.50it/s]48646it [00:16, 3454.53it/s]48817it [00:16, 3020.81it/s]
  0% 0/48817 [00:00<?, ?it/s] 59% 28704/48817 [00:00<00:00, 33156.96it/s]100% 48817/48817 [00:00<00:00, 54447.38it/s]
  0% 0/48817 [00:00<?, ?it/s]  1% 486/48817 [00:00<00:09, 4853.74it/s]  2% 979/48817 [00:00<00:09, 4875.66it/s]  3% 1419/48817 [00:00<00:10, 4720.04it/s]  4% 1888/48817 [00:00<00:09, 4709.30it/s]  5% 2327/48817 [00:00<00:10, 4605.76it/s]  6% 2739/48817 [00:00<00:10, 4447.59it/s]  7% 3175/48817 [00:00<00:10, 4419.33it/s]  8% 3680/48817 [00:00<00:09, 4587.99it/s]  9% 4151/48817 [00:00<00:09, 4619.70it/s]  9% 4596/48817 [00:01<00:09, 4504.76it/s] 10% 5043/48817 [00:01<00:09, 4493.21it/s] 11% 5492/48817 [00:01<00:09, 4489.08it/s] 12% 5936/48817 [00:01<00:09, 4432.07it/s] 13% 6376/48817 [00:01<00:09, 4328.06it/s] 14% 6807/48817 [00:01<00:09, 4264.09it/s] 15% 7234/48817 [00:01<00:09, 4264.30it/s] 16% 7660/48817 [00:01<00:09, 4258.38it/s] 17% 8086/48817 [00:01<00:09, 4114.98it/s] 17% 8499/48817 [00:01<00:10, 3969.51it/s] 18% 8898/48817 [00:02<00:10, 3971.68it/s] 19% 9342/48817 [00:02<00:09, 4099.32it/s] 20% 9773/48817 [00:02<00:09, 4160.24it/s] 21% 10193/48817 [00:02<00:09, 4169.53it/s] 22% 10623/48817 [00:02<00:09, 4207.76it/s] 23% 11045/48817 [00:02<00:09, 4173.71it/s] 24% 11476/48817 [00:02<00:08, 4213.41it/s] 24% 11915/48817 [00:02<00:08, 4262.27it/s] 25% 12342/48817 [00:02<00:09, 3727.43it/s] 26% 12728/48817 [00:03<00:09, 3639.57it/s] 27% 13154/48817 [00:03<00:09, 3803.56it/s] 28% 13560/48817 [00:03<00:09, 3876.08it/s] 29% 13954/48817 [00:03<00:08, 3894.78it/s] 29% 14376/48817 [00:03<00:08, 3985.41it/s] 30% 14804/48817 [00:03<00:08, 4069.00it/s] 31% 15247/48817 [00:03<00:08, 4170.38it/s] 32% 15690/48817 [00:03<00:07, 4242.53it/s] 33% 16135/48817 [00:03<00:07, 4299.52it/s] 34% 16574/48817 [00:03<00:07, 4324.57it/s] 35% 17008/48817 [00:04<00:07, 4285.73it/s] 36% 17444/48817 [00:04<00:07, 4307.54it/s] 37% 17876/48817 [00:04<00:07, 4261.96it/s] 38% 18313/48817 [00:04<00:07, 4291.19it/s] 38% 18743/48817 [00:04<00:07, 4252.01it/s] 39% 19169/48817 [00:04<00:06, 4252.55it/s] 40% 19602/48817 [00:04<00:06, 4274.29it/s] 41% 20030/48817 [00:04<00:06, 4273.15it/s] 42% 20458/48817 [00:04<00:06, 4254.10it/s] 43% 20885/48817 [00:04<00:06, 4257.71it/s] 44% 21311/48817 [00:05<00:06, 4240.03it/s] 45% 21737/48817 [00:05<00:06, 4245.29it/s] 45% 22162/48817 [00:05<00:06, 4183.68it/s] 46% 22588/48817 [00:05<00:06, 4202.64it/s] 47% 23015/48817 [00:05<00:06, 4220.99it/s] 48% 23438/48817 [00:05<00:06, 4221.65it/s] 49% 23861/48817 [00:05<00:06, 4158.06it/s] 50% 24279/48817 [00:05<00:05, 4163.23it/s] 51% 24699/48817 [00:05<00:05, 4174.17it/s] 51% 25123/48817 [00:05<00:05, 4193.08it/s] 52% 25543/48817 [00:06<00:05, 4182.47it/s] 53% 25967/48817 [00:06<00:05, 4195.70it/s] 54% 26387/48817 [00:06<00:05, 4163.06it/s] 55% 26810/48817 [00:06<00:05, 4181.17it/s] 56% 27231/48817 [00:06<00:05, 4187.32it/s] 57% 27655/48817 [00:06<00:05, 4202.53it/s] 58% 28076/48817 [00:06<00:04, 4201.73it/s] 58% 28497/48817 [00:06<00:04, 4153.01it/s] 59% 28913/48817 [00:06<00:04, 4135.28it/s] 60% 29327/48817 [00:06<00:04, 4106.11it/s] 61% 29753/48817 [00:07<00:04, 4150.62it/s] 62% 30188/48817 [00:07<00:04, 4205.43it/s] 63% 30615/48817 [00:07<00:04, 4223.59it/s] 64% 31038/48817 [00:07<00:04, 4191.01it/s] 64% 31458/48817 [00:07<00:04, 3859.86it/s] 65% 31873/48817 [00:07<00:04, 3942.22it/s] 66% 32296/48817 [00:07<00:04, 4021.62it/s] 67% 32726/48817 [00:07<00:03, 4100.59it/s] 68% 33157/48817 [00:07<00:03, 4160.83it/s] 69% 33579/48817 [00:07<00:03, 4177.20it/s] 70% 34009/48817 [00:08<00:03, 4211.20it/s] 71% 34449/48817 [00:08<00:03, 4265.27it/s] 71% 34881/48817 [00:08<00:03, 4280.60it/s] 72% 35326/48817 [00:08<00:03, 4329.01it/s] 73% 35771/48817 [00:08<00:02, 4364.34it/s] 74% 36208/48817 [00:08<00:02, 4325.44it/s] 75% 36641/48817 [00:08<00:02, 4289.03it/s] 76% 37075/48817 [00:08<00:02, 4302.54it/s] 77% 37516/48817 [00:08<00:02, 4333.88it/s] 78% 37950/48817 [00:08<00:02, 4304.12it/s] 79% 38381/48817 [00:09<00:02, 4278.50it/s] 80% 38810/48817 [00:09<00:02, 4279.40it/s] 80% 39239/48817 [00:09<00:02, 4229.51it/s] 81% 39663/48817 [00:09<00:02, 4183.63it/s] 82% 40082/48817 [00:09<00:02, 4122.52it/s] 83% 40495/48817 [00:09<00:02, 3938.08it/s] 84% 40891/48817 [00:09<00:02, 3546.91it/s] 85% 41255/48817 [00:09<00:02, 3210.25it/s] 85% 41589/48817 [00:10<00:02, 3038.53it/s] 86% 41904/48817 [00:10<00:02, 2862.55it/s] 87% 42253/48817 [00:10<00:02, 3024.83it/s] 87% 42631/48817 [00:10<00:01, 3216.09it/s] 88% 42980/48817 [00:10<00:01, 3290.51it/s] 89% 43334/48817 [00:10<00:01, 3360.14it/s] 90% 43695/48817 [00:10<00:01, 3429.86it/s] 90% 44043/48817 [00:10<00:01, 3387.60it/s] 91% 44395/48817 [00:10<00:01, 3423.75it/s] 92% 44740/48817 [00:10<00:01, 3300.93it/s] 92% 45073/48817 [00:11<00:01, 3148.28it/s] 93% 45392/48817 [00:11<00:01, 2972.64it/s] 94% 45694/48817 [00:11<00:01, 2825.65it/s] 94% 45982/48817 [00:11<00:01, 2770.50it/s] 95% 46419/48817 [00:11<00:00, 3111.21it/s] 96% 46819/48817 [00:11<00:00, 3332.46it/s] 97% 47219/48817 [00:11<00:00, 3507.68it/s] 97% 47584/48817 [00:11<00:00, 3462.67it/s] 98% 47980/48817 [00:11<00:00, 3597.15it/s] 99% 48395/48817 [00:12<00:00, 3744.94it/s]100% 48792/48817 [00:12<00:00, 3808.48it/s]100% 48817/48817 [00:12<00:00, 4018.23it/s]
Warning: 1 SMILES are invalid.
Number of tasks = 776
Splitting data with seed 0
  0% 0/48816 [00:00<?, ?it/s]  1% 448/48816 [00:00<00:10, 4477.43it/s]  2% 880/48816 [00:00<00:10, 4425.46it/s]  3% 1259/48816 [00:00<00:11, 4209.01it/s]  3% 1688/48816 [00:00<00:11, 4231.39it/s]  4% 2072/48816 [00:00<00:11, 4103.34it/s]  5% 2440/48816 [00:00<00:11, 3965.21it/s]  6% 2787/48816 [00:00<00:12, 3735.99it/s]  6% 3145/48816 [00:00<00:12, 3679.14it/s]  7% 3557/48816 [00:00<00:11, 3798.67it/s]  8% 3948/48816 [00:01<00:11, 3830.97it/s]  9% 4330/48816 [00:01<00:11, 3826.58it/s] 10% 4706/48816 [00:01<00:12, 3651.23it/s] 10% 5094/48816 [00:01<00:11, 3716.50it/s] 11% 5464/48816 [00:01<00:11, 3709.62it/s] 12% 5836/48816 [00:01<00:11, 3710.63it/s] 13% 6207/48816 [00:01<00:11, 3590.23it/s] 13% 6567/48816 [00:01<00:12, 3459.60it/s] 14% 6919/48816 [00:01<00:12, 3477.11it/s] 15% 7268/48816 [00:01<00:11, 3477.19it/s] 16% 7617/48816 [00:02<00:11, 3470.63it/s] 16% 7981/48816 [00:02<00:11, 3519.72it/s] 17% 8334/48816 [00:02<00:12, 3362.77it/s] 18% 8673/48816 [00:02<00:12, 3282.92it/s] 18% 9003/48816 [00:02<00:12, 3100.82it/s] 19% 9342/48816 [00:02<00:12, 3181.48it/s] 20% 9695/48816 [00:02<00:11, 3276.76it/s] 21% 10055/48816 [00:02<00:11, 3365.65it/s] 21% 10410/48816 [00:02<00:11, 3417.08it/s] 22% 10756/48816 [00:02<00:11, 3427.88it/s] 23% 11101/48816 [00:03<00:11, 3424.35it/s] 23% 11461/48816 [00:03<00:10, 3473.58it/s] 24% 11820/48816 [00:03<00:10, 3507.30it/s] 25% 12173/48816 [00:03<00:10, 3511.72it/s] 26% 12525/48816 [00:03<00:10, 3300.00it/s] 26% 12858/48816 [00:03<00:10, 3279.17it/s] 27% 13252/48816 [00:03<00:10, 3452.88it/s] 28% 13636/48816 [00:03<00:09, 3559.94it/s] 29% 14010/48816 [00:03<00:09, 3610.48it/s] 30% 14405/48816 [00:04<00:09, 3703.38it/s] 30% 14800/48816 [00:04<00:09, 3771.91it/s] 31% 15211/48816 [00:04<00:08, 3866.23it/s] 32% 15622/48816 [00:04<00:08, 3933.53it/s] 33% 16043/48816 [00:04<00:08, 4011.16it/s] 34% 16458/48816 [00:04<00:07, 4050.06it/s] 35% 16865/48816 [00:04<00:08, 3962.95it/s] 35% 17275/48816 [00:04<00:07, 4000.33it/s] 36% 17676/48816 [00:04<00:07, 3958.64it/s] 37% 18073/48816 [00:04<00:07, 3952.34it/s] 38% 18469/48816 [00:05<00:07, 3949.80it/s] 39% 18865/48816 [00:05<00:07, 3945.36it/s] 39% 19282/48816 [00:05<00:07, 4008.69it/s] 40% 19696/48816 [00:05<00:07, 4045.69it/s] 41% 20110/48816 [00:05<00:07, 4071.31it/s] 42% 20526/48816 [00:05<00:06, 4095.49it/s] 43% 20936/48816 [00:05<00:06, 4075.42it/s] 44% 21344/48816 [00:05<00:06, 4035.54it/s] 45% 21753/48816 [00:05<00:06, 4048.87it/s] 45% 22159/48816 [00:05<00:06, 4018.03it/s] 46% 22572/48816 [00:06<00:06, 4050.32it/s] 47% 22988/48816 [00:06<00:06, 4080.87it/s] 48% 23398/48816 [00:06<00:06, 4086.11it/s] 49% 23807/48816 [00:06<00:06, 4032.48it/s] 50% 24215/48816 [00:06<00:06, 4044.00it/s] 50% 24628/48816 [00:06<00:05, 4067.05it/s] 51% 25040/48816 [00:06<00:05, 4080.01it/s] 52% 25459/48816 [00:06<00:05, 4112.00it/s] 53% 25871/48816 [00:06<00:05, 4100.09it/s] 54% 26282/48816 [00:06<00:05, 4083.91it/s] 55% 26691/48816 [00:07<00:05, 4052.74it/s] 56% 27097/48816 [00:07<00:05, 4054.26it/s] 56% 27510/48816 [00:07<00:05, 4073.59it/s] 57% 27930/48816 [00:07<00:05, 4110.62it/s] 58% 28342/48816 [00:07<00:05, 4076.20it/s] 59% 28750/48816 [00:07<00:05, 4008.85it/s] 60% 29157/48816 [00:07<00:04, 4024.15it/s] 61% 29560/48816 [00:07<00:04, 3994.50it/s] 61% 29965/48816 [00:07<00:04, 4007.92it/s] 62% 30389/48816 [00:07<00:04, 4073.69it/s] 63% 30807/48816 [00:08<00:04, 4101.23it/s] 64% 31218/48816 [00:08<00:04, 4069.71it/s] 65% 31636/48816 [00:08<00:04, 4101.67it/s] 66% 32047/48816 [00:08<00:04, 4090.66it/s] 66% 32457/48816 [00:08<00:04, 4056.22it/s] 67% 32870/48816 [00:08<00:03, 4075.35it/s] 68% 33278/48816 [00:08<00:03, 4068.63it/s] 69% 33685/48816 [00:08<00:03, 4017.82it/s] 70% 34101/48816 [00:08<00:03, 4058.19it/s] 71% 34513/48816 [00:08<00:03, 4074.57it/s] 72% 34922/48816 [00:09<00:03, 4077.50it/s] 72% 35332/48816 [00:09<00:03, 4081.77it/s] 73% 35751/48816 [00:09<00:03, 4112.07it/s] 74% 36163/48816 [00:09<00:03, 4067.87it/s] 75% 36570/48816 [00:09<00:03, 4040.23it/s] 76% 36981/48816 [00:09<00:02, 4059.14it/s] 77% 37392/48816 [00:09<00:02, 4071.93it/s] 77% 37800/48816 [00:09<00:02, 4038.91it/s] 78% 38205/48816 [00:09<00:02, 3940.32it/s] 79% 38600/48816 [00:10<00:02, 3432.12it/s] 80% 38956/48816 [00:10<00:02, 3407.27it/s] 81% 39335/48816 [00:10<00:02, 3511.55it/s] 81% 39704/48816 [00:10<00:02, 3563.00it/s] 82% 40066/48816 [00:10<00:02, 3572.61it/s] 83% 40431/48816 [00:10<00:02, 3592.31it/s] 84% 40794/48816 [00:10<00:02, 3603.18it/s] 84% 41162/48816 [00:10<00:02, 3622.54it/s] 85% 41531/48816 [00:10<00:02, 3629.78it/s] 86% 41895/48816 [00:10<00:02, 3352.84it/s] 87% 42287/48816 [00:11<00:01, 3504.74it/s] 87% 42659/48816 [00:11<00:01, 3566.00it/s] 88% 43020/48816 [00:11<00:01, 3563.17it/s] 89% 43380/48816 [00:11<00:01, 3493.53it/s] 90% 43732/48816 [00:11<00:01, 3461.45it/s] 90% 44080/48816 [00:11<00:01, 3462.79it/s] 91% 44428/48816 [00:11<00:01, 3419.76it/s] 92% 44771/48816 [00:11<00:01, 3248.91it/s] 92% 45099/48816 [00:11<00:01, 2940.66it/s] 93% 45401/48816 [00:12<00:01, 2670.45it/s] 94% 45678/48816 [00:12<00:01, 2442.14it/s] 94% 45933/48816 [00:12<00:01, 2394.06it/s] 95% 46279/48816 [00:12<00:00, 2637.45it/s] 96% 46743/48816 [00:12<00:00, 3029.45it/s] 97% 47163/48816 [00:12<00:00, 3301.64it/s] 97% 47522/48816 [00:12<00:00, 3269.81it/s] 98% 47901/48816 [00:12<00:00, 3408.21it/s] 99% 48341/48816 [00:12<00:00, 3653.14it/s]100% 48768/48816 [00:13<00:00, 3816.10it/s]100% 48816/48816 [00:13<00:00, 3735.68it/s]
Total scaffolds = 24,820 | train scaffolds = 19,874 | val scaffolds = 2,503 | test scaffolds = 2,443
/home/apappu/thesis/molecule-metalearning/chemprop/chemprop/data/scaffold.py:150: RuntimeWarning: Mean of empty slice
  target_avgs.append(np.nanmean(targets, axis=0))
Label averages per scaffold, in decreasing order of scaffold frequency,capped at 10 scaffolds and 20 labels: [(array([nan, nan, nan, nan, nan, nan, nan, nan, nan, nan, nan, nan, nan,
       nan, nan, nan, nan, nan, nan, nan]), array([0, 0, 0, 0, 0, 0, 0, 0, 0, 0, 0, 0, 0, 0, 0, 0, 0, 0, 0, 0])), (array([nan, nan, nan, nan, nan, nan, nan, nan, nan, nan, nan, nan, nan,
       nan, nan, nan, nan, nan, nan, nan]), array([0, 0, 0, 0, 0, 0, 0, 0, 0, 0, 0, 0, 0, 0, 0, 0, 0, 0, 0, 0])), (array([nan, nan, nan, nan, nan, nan, nan, nan, nan, nan, nan, nan, nan,
       nan, nan, nan, nan, nan, nan, nan]), array([0, 0, 0, 0, 0, 0, 0, 0, 0, 0, 0, 0, 0, 0, 0, 0, 0, 0, 0, 0])), (array([nan, nan, nan, nan, nan, nan, nan, nan, nan, nan, nan, nan, nan,
       nan, nan, nan, nan, nan, nan, nan]), array([0, 0, 0, 0, 0, 0, 0, 0, 0, 0, 0, 0, 0, 0, 0, 0, 0, 0, 0, 0])), (array([nan, nan, nan, nan, nan, nan, nan, nan, nan, nan, nan, nan, nan,
       nan, nan, nan, nan, nan, nan, nan]), array([0, 0, 0, 0, 0, 0, 0, 0, 0, 0, 0, 0, 0, 0, 0, 0, 0, 0, 0, 0])), (array([nan, nan, nan, nan, nan, nan, nan, nan, nan, nan, nan, nan, nan,
       nan, nan, nan, nan, nan, nan, nan]), array([0, 0, 0, 0, 0, 0, 0, 0, 0, 0, 0, 0, 0, 0, 0, 0, 0, 0, 0, 0])), (array([nan, nan, nan, nan, nan, nan, nan, nan, nan, nan, nan, nan, nan,
       nan, nan, nan, nan, nan, nan, nan]), array([0, 0, 0, 0, 0, 0, 0, 0, 0, 0, 0, 0, 0, 0, 0, 0, 0, 0, 0, 0])), (array([nan, nan, nan, nan, nan, nan, nan, nan, nan, nan, nan, nan, nan,
       nan, nan, nan, nan, nan, nan, nan]), array([0, 0, 0, 0, 0, 0, 0, 0, 0, 0, 0, 0, 0, 0, 0, 0, 0, 0, 0, 0])), (array([nan, nan, nan, nan, nan, nan, nan, nan, nan, nan, nan, nan,  1.,
       nan, nan, nan, nan, nan, nan, nan]), array([0, 0, 0, 0, 0, 0, 0, 0, 0, 0, 0, 0, 1, 0, 0, 0, 0, 0, 0, 0])), (array([nan, nan, nan, nan, nan, nan, nan, nan, nan, nan, nan, nan, nan,
       nan, nan, nan, nan, nan, nan, nan]), array([0, 0, 0, 0, 0, 0, 0, 0, 0, 0, 0, 0, 0, 0, 0, 0, 0, 0, 0, 0]))]
Class sizes
CHEMBL1002712 0: 27.00%, 1: 73.00%
CHEMBL1022010 0: 6.90%, 1: 93.10%
CHEMBL1024480 0: 89.58%, 1: 10.42%
CHEMBL1026933 0: 40.85%, 1: 59.15%
CHEMBL1026934 0: 5.61%, 1: 94.39%
CHEMBL1031359 0: 4.00%, 1: 96.00%
CHEMBL1033994 0: 41.98%, 1: 58.02%
CHEMBL1034533 0: 17.31%, 1: 82.69%
CHEMBL1034535 0: 46.15%, 1: 53.85%
CHEMBL1119333 0: 9.59%, 1: 90.41%
CHEMBL1167052 0: 17.78%, 1: 82.22%
CHEMBL1169087 0: 77.78%, 1: 22.22%
CHEMBL1217000 0: 52.41%, 1: 47.59%
CHEMBL1243965 0: 17.11%, 1: 82.89%
CHEMBL1243966 0: 41.96%, 1: 58.04%
CHEMBL1243967 0: 10.17%, 1: 89.83%
CHEMBL1243968 0: 15.06%, 1: 84.94%
CHEMBL1243969 0: 20.17%, 1: 79.83%
CHEMBL1243970 0: 6.91%, 1: 93.09%
CHEMBL1243971 0: 48.89%, 1: 51.11%
CHEMBL1243972 0: 9.92%, 1: 90.08%
CHEMBL1243975 0: 51.38%, 1: 48.62%
CHEMBL1243976 0: 28.99%, 1: 71.01%
CHEMBL1243977 0: 31.19%, 1: 68.81%
CHEMBL1243978 0: 27.12%, 1: 72.88%
CHEMBL1246087 0: 33.88%, 1: 66.12%
CHEMBL1246088 0: 48.37%, 1: 51.63%
CHEMBL1613762 0: 2.45%, 1: 97.55%
CHEMBL1613775 0: 40.78%, 1: 59.22%
CHEMBL1613785 0: 43.22%, 1: 56.78%
CHEMBL1613787 0: 69.08%, 1: 30.92%
CHEMBL1613806 0: 49.11%, 1: 50.89%
CHEMBL1613807 0: 95.99%, 1: 4.01%
CHEMBL1613812 0: 7.35%, 1: 92.65%
CHEMBL1613813 0: 44.20%, 1: 55.80%
CHEMBL1613814 0: 53.85%, 1: 46.15%
CHEMBL1613817 0: 84.86%, 1: 15.14%
CHEMBL1613821 0: 13.79%, 1: 86.21%
CHEMBL1613853 0: 41.86%, 1: 58.14%
CHEMBL1613859 0: 72.94%, 1: 27.06%
CHEMBL1613861 0: 14.47%, 1: 85.53%
CHEMBL1613864 0: 5.19%, 1: 94.81%
CHEMBL1613867 0: 97.13%, 1: 2.87%
CHEMBL1613871 0: 6.15%, 1: 93.85%
CHEMBL1613874 0: 65.78%, 1: 34.22%
CHEMBL1613876 0: 54.35%, 1: 45.65%
CHEMBL1613890 0: 34.85%, 1: 65.15%
CHEMBL1613893 0: 74.40%, 1: 25.60%
CHEMBL1613897 0: 46.64%, 1: 53.36%
CHEMBL1613898 0: 75.45%, 1: 24.55%
CHEMBL1613903 0: 56.44%, 1: 43.56%
CHEMBL1613904 0: 50.77%, 1: 49.23%
CHEMBL1613907 0: 5.34%, 1: 94.66%
CHEMBL1613926 0: 30.15%, 1: 69.85%
CHEMBL1613928 0: 45.90%, 1: 54.10%
CHEMBL1613929 0: 81.25%, 1: 18.75%
CHEMBL1613941 0: 32.58%, 1: 67.42%
CHEMBL1613942 0: 41.43%, 1: 58.57%
CHEMBL1613947 0: 46.01%, 1: 53.99%
CHEMBL1613949 0: 60.13%, 1: 39.87%
CHEMBL1613950 0: 43.05%, 1: 56.95%
CHEMBL1613955 0: 54.04%, 1: 45.96%
CHEMBL1613956 0: 37.82%, 1: 62.18%
CHEMBL1613962 0: 24.26%, 1: 75.74%
CHEMBL1613967 0: 44.59%, 1: 55.41%
CHEMBL1613980 0: 84.92%, 1: 15.08%
CHEMBL1613981 0: 58.85%, 1: 41.15%
CHEMBL1613991 0: 14.98%, 1: 85.02%
CHEMBL1613997 0: 7.73%, 1: 92.27%
CHEMBL1613998 0: 15.74%, 1: 84.26%
CHEMBL1614001 0: 98.28%, 1: 1.72%
CHEMBL1614007 0: 13.33%, 1: 86.67%
CHEMBL1614008 0: 38.40%, 1: 61.60%
CHEMBL1614016 0: 12.22%, 1: 87.78%
CHEMBL1614034 0: 2.63%, 1: 97.37%
CHEMBL1614035 0: 77.14%, 1: 22.86%
CHEMBL1614044 0: 23.88%, 1: 76.12%
CHEMBL1614049 0: 39.63%, 1: 60.37%
CHEMBL1614053 0: 42.48%, 1: 57.52%
CHEMBL1614056 0: 81.19%, 1: 18.81%
CHEMBL1614065 0: 9.71%, 1: 90.29%
CHEMBL1614066 0: 94.74%, 1: 5.26%
CHEMBL1614069 0: 56.82%, 1: 43.18%
CHEMBL1614070 0: 18.75%, 1: 81.25%
CHEMBL1614072 0: 50.36%, 1: 49.64%
CHEMBL1614083 0: 94.44%, 1: 5.56%
CHEMBL1614084 0: 13.26%, 1: 86.74%
CHEMBL1614086 0: 5.94%, 1: 94.06%
CHEMBL1614091 0: 4.43%, 1: 95.57%
CHEMBL1614092 0: 47.50%, 1: 52.50%
CHEMBL1614097 0: 46.99%, 1: 53.01%
CHEMBL1614098 0: 97.25%, 1: 2.75%
CHEMBL1614104 0: 7.74%, 1: 92.26%
CHEMBL1614105 0: 6.12%, 1: 93.88%
CHEMBL1614109 0: 59.87%, 1: 40.13%
CHEMBL1614117 0: 16.35%, 1: 83.65%
CHEMBL1614128 0: 10.35%, 1: 89.65%
CHEMBL1614131 0: 97.14%, 1: 2.86%
CHEMBL1614132 0: 42.07%, 1: 57.93%
CHEMBL1614138 0: 67.83%, 1: 32.17%
CHEMBL1614147 0: 7.78%, 1: 92.22%
CHEMBL1614154 0: 9.52%, 1: 90.48%
CHEMBL1614167 0: 16.17%, 1: 83.83%
CHEMBL1614177 0: 94.85%, 1: 5.15%
CHEMBL1614185 0: 26.17%, 1: 73.83%
CHEMBL1614197 0: 5.26%, 1: 94.74%
CHEMBL1614199 0: 49.66%, 1: 50.34%
CHEMBL1614202 0: 7.32%, 1: 92.68%
CHEMBL1614210 0: 60.16%, 1: 39.84%
CHEMBL1614215 0: 52.76%, 1: 47.24%
CHEMBL1614216 0: 48.52%, 1: 51.48%
CHEMBL1614218 0: 22.36%, 1: 77.64%
CHEMBL1614220 0: 32.80%, 1: 67.20%
CHEMBL1614225 0: 62.50%, 1: 37.50%
CHEMBL1614226 0: 81.15%, 1: 18.85%
CHEMBL1614231 0: 46.96%, 1: 53.04%
CHEMBL1614244 0: 38.85%, 1: 61.15%
CHEMBL1614247 0: 44.34%, 1: 55.66%
CHEMBL1614255 0: 61.26%, 1: 38.74%
CHEMBL1614259 0: 32.82%, 1: 67.18%
CHEMBL1614265 0: 26.51%, 1: 73.49%
CHEMBL1614267 0: 29.46%, 1: 70.54%
CHEMBL1614272 0: 67.71%, 1: 32.29%
CHEMBL1614273 0: 51.97%, 1: 48.03%
CHEMBL1614283 0: 52.89%, 1: 47.11%
CHEMBL1614287 0: 85.53%, 1: 14.47%
CHEMBL1614288 0: 72.51%, 1: 27.49%
CHEMBL1614290 0: 4.51%, 1: 95.49%
CHEMBL1614295 0: 2.29%, 1: 97.71%
CHEMBL1614301 0: 19.74%, 1: 80.26%
CHEMBL1614304 0: 63.76%, 1: 36.24%
CHEMBL1614308 0: 50.82%, 1: 49.18%
CHEMBL1614309 0: 27.66%, 1: 72.34%
CHEMBL1614310 0: 51.81%, 1: 48.19%
CHEMBL1614311 0: 53.76%, 1: 46.24%
CHEMBL1614314 0: 94.70%, 1: 5.30%
CHEMBL1614319 0: 72.16%, 1: 27.84%
CHEMBL1614320 0: 29.79%, 1: 70.21%
CHEMBL1614321 0: 60.16%, 1: 39.84%
CHEMBL1614328 0: 46.64%, 1: 53.36%
CHEMBL1614329 0: 40.69%, 1: 59.31%
CHEMBL1614336 0: 47.01%, 1: 52.99%
CHEMBL1614338 0: 15.00%, 1: 85.00%
CHEMBL1614344 0: 67.72%, 1: 32.28%
CHEMBL1614345 0: 39.50%, 1: 60.50%
CHEMBL1614355 0: 4.11%, 1: 95.89%
CHEMBL1614356 0: 43.90%, 1: 56.10%
CHEMBL1614359 0: 50.26%, 1: 49.74%
CHEMBL1614362 0: 19.17%, 1: 80.83%
CHEMBL1614363 0: 53.19%, 1: 46.81%
CHEMBL1614373 0: 30.84%, 1: 69.16%
CHEMBL1614376 0: 4.07%, 1: 95.93%
CHEMBL1614380 0: 78.10%, 1: 21.90%
CHEMBL1614385 0: 93.27%, 1: 6.73%
CHEMBL1614388 0: 56.19%, 1: 43.81%
CHEMBL1614393 0: 45.00%, 1: 55.00%
CHEMBL1614395 0: 11.32%, 1: 88.68%
CHEMBL1614403 0: 88.15%, 1: 11.85%
CHEMBL1614405 0: 50.94%, 1: 49.06%
CHEMBL1614408 0: 33.33%, 1: 66.67%
CHEMBL1614417 0: 27.19%, 1: 72.81%
CHEMBL1614425 0: 38.24%, 1: 61.76%
CHEMBL1614433 0: 60.77%, 1: 39.23%
CHEMBL1614434 0: 80.25%, 1: 19.75%
CHEMBL1614450 0: 10.32%, 1: 89.68%
CHEMBL1614462 0: 65.35%, 1: 34.65%
CHEMBL1614463 0: 49.61%, 1: 50.39%
CHEMBL1614465 0: 20.00%, 1: 80.00%
CHEMBL1614466 0: 10.32%, 1: 89.68%
CHEMBL1614469 0: 24.90%, 1: 75.10%
CHEMBL1614477 0: 43.75%, 1: 56.25%
CHEMBL1614478 0: 12.50%, 1: 87.50%
CHEMBL1614479 0: 8.49%, 1: 91.51%
CHEMBL1614480 0: 85.71%, 1: 14.29%
CHEMBL1614482 0: 59.82%, 1: 40.18%
CHEMBL1614484 0: 9.01%, 1: 90.99%
CHEMBL1614486 0: 40.48%, 1: 59.52%
CHEMBL1614492 0: 40.54%, 1: 59.46%
CHEMBL1614503 0: 40.30%, 1: 59.70%
CHEMBL1614504 0: 17.80%, 1: 82.20%
CHEMBL1614509 0: 79.43%, 1: 20.57%
CHEMBL1614512 0: 62.79%, 1: 37.21%
CHEMBL1614514 0: 83.07%, 1: 16.93%
CHEMBL1614515 0: 19.61%, 1: 80.39%
CHEMBL1614516 0: 96.81%, 1: 3.19%
CHEMBL1614518 0: 45.69%, 1: 54.31%
CHEMBL1614525 0: 52.00%, 1: 48.00%
CHEMBL1614528 0: 40.91%, 1: 59.09%
CHEMBL1614539 0: 14.12%, 1: 85.88%
CHEMBL1614547 0: 72.51%, 1: 27.49%
CHEMBL1614548 0: 17.95%, 1: 82.05%
CHEMBL1614549 0: 84.25%, 1: 15.75%
CHEMBL1614550 0: 9.30%, 1: 90.70%
CHEMBL1670561 0: 15.13%, 1: 84.87%
CHEMBL1676103 0: 39.85%, 1: 60.15%
CHEMBL1737862 0: 25.69%, 1: 74.31%
CHEMBL1737863 0: 36.27%, 1: 63.73%
CHEMBL1737868 0: 79.41%, 1: 20.59%
CHEMBL1737910 0: 45.71%, 1: 54.29%
CHEMBL1737942 0: 44.52%, 1: 55.48%
CHEMBL1737951 0: 51.83%, 1: 48.17%
CHEMBL1737977 0: 13.87%, 1: 86.13%
CHEMBL1737978 0: 18.18%, 1: 81.82%
CHEMBL1737979 0: 8.94%, 1: 91.06%
CHEMBL1738019 0: 24.85%, 1: 75.15%
CHEMBL1738021 0: 10.87%, 1: 89.13%
CHEMBL1738025 0: 33.80%, 1: 66.20%
CHEMBL1738040 0: 73.48%, 1: 26.52%
CHEMBL1738043 0: 46.43%, 1: 53.57%
CHEMBL1738079 0: 3.88%, 1: 96.12%
CHEMBL1738080 0: 76.43%, 1: 23.57%
CHEMBL1738091 0: 89.77%, 1: 10.23%
CHEMBL1738092 0: 13.76%, 1: 86.24%
CHEMBL1738097 0: 72.41%, 1: 27.59%
CHEMBL1738131 0: 68.59%, 1: 31.41%
CHEMBL1738164 0: 79.79%, 1: 20.21%
CHEMBL1738171 0: 85.45%, 1: 14.55%
CHEMBL1738183 0: 59.62%, 1: 40.38%
CHEMBL1738192 0: 83.17%, 1: 16.83%
CHEMBL1738197 0: 36.90%, 1: 63.10%
CHEMBL1738202 0: 3.47%, 1: 96.53%
CHEMBL1738246 0: 14.52%, 1: 85.48%
CHEMBL1738253 0: 7.33%, 1: 92.67%
CHEMBL1738313 0: 57.69%, 1: 42.31%
CHEMBL1738319 0: 59.17%, 1: 40.83%
CHEMBL1738325 0: 96.86%, 1: 3.14%
CHEMBL1738362 0: 21.43%, 1: 78.57%
CHEMBL1738371 0: 81.97%, 1: 18.03%
CHEMBL1738391 0: 68.38%, 1: 31.62%
CHEMBL1738400 0: 77.86%, 1: 22.14%
CHEMBL1738402 0: 54.19%, 1: 45.81%
CHEMBL1738408 0: 2.18%, 1: 97.82%
CHEMBL1738418 0: 68.85%, 1: 31.15%
CHEMBL1738422 0: 4.29%, 1: 95.71%
CHEMBL1738423 0: 76.15%, 1: 23.85%
CHEMBL1738430 0: 25.54%, 1: 74.46%
CHEMBL1738438 0: 2.76%, 1: 97.24%
CHEMBL1738482 0: 7.69%, 1: 92.31%
CHEMBL1738485 0: 17.65%, 1: 82.35%
CHEMBL1738497 0: 64.50%, 1: 35.50%
CHEMBL1738510 0: 54.41%, 1: 45.59%
CHEMBL1738512 0: 3.05%, 1: 96.95%
CHEMBL1738514 0: 26.73%, 1: 73.27%
CHEMBL1738575 0: 65.65%, 1: 34.35%
CHEMBL1738579 0: 22.79%, 1: 77.21%
CHEMBL1738599 0: 16.07%, 1: 83.93%
CHEMBL1738602 0: 42.70%, 1: 57.30%
CHEMBL1738610 0: 42.07%, 1: 57.93%
CHEMBL1738611 0: 2.23%, 1: 97.77%
CHEMBL1738619 0: 83.17%, 1: 16.83%
CHEMBL1738632 0: 86.32%, 1: 13.68%
CHEMBL1738633 0: 4.05%, 1: 95.95%
CHEMBL1738642 0: 34.82%, 1: 65.18%
CHEMBL1738670 0: 9.18%, 1: 90.82%
CHEMBL1738673 0: 12.98%, 1: 87.02%
CHEMBL1738679 0: 63.95%, 1: 36.05%
CHEMBL1738684 0: 13.21%, 1: 86.79%
CHEMBL1794296 0: 44.02%, 1: 55.98%
CHEMBL1794320 0: 96.68%, 1: 3.32%
CHEMBL1794327 0: 91.59%, 1: 8.41%
CHEMBL1794355 0: 5.26%, 1: 94.74%
CHEMBL1794356 0: 13.92%, 1: 86.08%
CHEMBL1794358 0: 94.14%, 1: 5.86%
CHEMBL1794365 0: 7.12%, 1: 92.88%
CHEMBL1794367 0: 42.52%, 1: 57.48%
CHEMBL1794383 0: 6.90%, 1: 93.10%
CHEMBL1794387 0: 65.04%, 1: 34.96%
CHEMBL1794393 0: 67.55%, 1: 32.45%
CHEMBL1794396 0: 3.96%, 1: 96.04%
CHEMBL1794400 0: 35.59%, 1: 64.41%
CHEMBL1794410 0: 23.98%, 1: 76.02%
CHEMBL1794413 0: 6.02%, 1: 93.98%
CHEMBL1794420 0: 54.46%, 1: 45.54%
CHEMBL1794438 0: 40.17%, 1: 59.83%
CHEMBL1794445 0: 87.84%, 1: 12.16%
CHEMBL1794452 0: 94.30%, 1: 5.70%
CHEMBL1794455 0: 52.48%, 1: 47.52%
CHEMBL1794457 0: 92.98%, 1: 7.02%
CHEMBL1794460 0: 28.63%, 1: 71.37%
CHEMBL1794467 0: 18.39%, 1: 81.61%
CHEMBL1794475 0: 56.02%, 1: 43.98%
CHEMBL1794484 0: 44.93%, 1: 55.07%
CHEMBL1794494 0: 5.33%, 1: 94.67%
CHEMBL1794497 0: 8.47%, 1: 91.53%
CHEMBL1794498 0: 53.47%, 1: 46.53%
CHEMBL1794508 0: 94.63%, 1: 5.37%
CHEMBL1794516 0: 3.21%, 1: 96.79%
CHEMBL1794522 0: 58.65%, 1: 41.35%
CHEMBL1794531 0: 92.03%, 1: 7.97%
CHEMBL1794548 0: 88.74%, 1: 11.26%
CHEMBL1794566 0: 6.05%, 1: 93.95%
CHEMBL1794567 0: 9.61%, 1: 90.39%
CHEMBL1794570 0: 92.79%, 1: 7.21%
CHEMBL1794571 0: 53.55%, 1: 46.45%
CHEMBL1794573 0: 10.54%, 1: 89.46%
CHEMBL1794578 0: 46.99%, 1: 53.01%
CHEMBL1794581 0: 19.65%, 1: 80.35%
CHEMBL1804798 0: 71.83%, 1: 28.17%
CHEMBL1820680 0: 46.81%, 1: 53.19%
CHEMBL1827362 0: 25.62%, 1: 74.38%
CHEMBL1963687 0: 64.42%, 1: 35.58%
CHEMBL1963689 0: 89.69%, 1: 10.31%
CHEMBL1963692 0: 53.73%, 1: 46.27%
CHEMBL1963698 0: 74.60%, 1: 25.40%
CHEMBL1963711 0: 94.72%, 1: 5.28%
CHEMBL1963716 0: 91.91%, 1: 8.09%
CHEMBL1963721 0: 56.94%, 1: 43.06%
CHEMBL1963744 0: 71.97%, 1: 28.03%
CHEMBL1963751 0: 70.90%, 1: 29.10%
CHEMBL1963753 0: 88.02%, 1: 11.98%
CHEMBL1963758 0: 82.56%, 1: 17.44%
CHEMBL1963760 0: 86.36%, 1: 13.64%
CHEMBL1963770 0: 89.44%, 1: 10.56%
CHEMBL1963776 0: 87.71%, 1: 12.29%
CHEMBL1963777 0: 63.92%, 1: 36.08%
CHEMBL1963778 0: 51.70%, 1: 48.30%
CHEMBL1963789 0: 67.34%, 1: 32.66%
CHEMBL1963798 0: 89.45%, 1: 10.55%
CHEMBL1963799 0: 43.54%, 1: 56.46%
CHEMBL1963803 0: 87.44%, 1: 12.56%
CHEMBL1963805 0: 53.77%, 1: 46.23%
CHEMBL1963806 0: 41.19%, 1: 58.81%
CHEMBL1963811 0: 73.98%, 1: 26.02%
CHEMBL1963813 0: 79.19%, 1: 20.81%
CHEMBL1963815 0: 71.80%, 1: 28.20%
CHEMBL1963824 0: 39.57%, 1: 60.43%
CHEMBL1963825 0: 51.12%, 1: 48.88%
CHEMBL1963831 0: 52.56%, 1: 47.44%
CHEMBL1963838 0: 75.83%, 1: 24.17%
CHEMBL1963846 0: 85.07%, 1: 14.93%
CHEMBL1963849 0: 21.77%, 1: 78.23%
CHEMBL1963857 0: 39.45%, 1: 60.55%
CHEMBL1963867 0: 73.13%, 1: 26.87%
CHEMBL1963898 0: 75.62%, 1: 24.38%
CHEMBL1963899 0: 24.19%, 1: 75.81%
CHEMBL1963907 0: 64.35%, 1: 35.65%
CHEMBL1963910 0: 10.50%, 1: 89.50%
CHEMBL1963915 0: 15.00%, 1: 85.00%
CHEMBL1963930 0: 3.64%, 1: 96.36%
CHEMBL1963933 0: 93.91%, 1: 6.09%
CHEMBL1963934 0: 3.64%, 1: 96.36%
CHEMBL1963937 0: 39.27%, 1: 60.73%
CHEMBL1963940 0: 33.79%, 1: 66.21%
CHEMBL1963947 0: 6.25%, 1: 93.75%
CHEMBL1963968 0: 51.52%, 1: 48.48%
CHEMBL1963969 0: 25.83%, 1: 74.17%
CHEMBL1963971 0: 10.20%, 1: 89.80%
CHEMBL1963974 0: 88.26%, 1: 11.74%
CHEMBL1963983 0: 76.39%, 1: 23.61%
CHEMBL1964000 0: 76.77%, 1: 23.23%
CHEMBL1964005 0: 6.67%, 1: 93.33%
CHEMBL1964010 0: 76.06%, 1: 23.94%
CHEMBL1964023 0: 73.75%, 1: 26.25%
CHEMBL1964046 0: 36.29%, 1: 63.71%
CHEMBL1964055 0: 10.00%, 1: 90.00%
CHEMBL1964096 0: 11.36%, 1: 88.64%
CHEMBL1964103 0: 51.58%, 1: 48.42%
CHEMBL1964106 0: 57.96%, 1: 42.04%
CHEMBL1964108 0: 69.62%, 1: 30.38%
CHEMBL1964111 0: 73.41%, 1: 26.59%
CHEMBL1964112 0: 87.59%, 1: 12.41%
CHEMBL1964114 0: 61.11%, 1: 38.89%
CHEMBL1964115 0: 43.36%, 1: 56.64%
CHEMBL1964117 0: 63.66%, 1: 36.34%
CHEMBL1964118 0: 60.33%, 1: 39.67%
CHEMBL2028073 0: 76.99%, 1: 23.01%
CHEMBL2028074 0: 74.88%, 1: 25.12%
CHEMBL2028075 0: 56.46%, 1: 43.54%
CHEMBL2028076 0: 85.04%, 1: 14.96%
CHEMBL2028077 0: 96.19%, 1: 3.81%
CHEMBL2045986 0: 7.37%, 1: 92.63%
CHEMBL2091156 0: 19.10%, 1: 80.90%
CHEMBL2095143 0: 93.77%, 1: 6.23%
CHEMBL2098499 0: 74.45%, 1: 25.55%
CHEMBL2114715 0: 60.31%, 1: 39.69%
CHEMBL2114717 0: 69.29%, 1: 30.71%
CHEMBL2114718 0: 16.81%, 1: 83.19%
CHEMBL2114719 0: 77.41%, 1: 22.59%
CHEMBL2114725 0: 51.74%, 1: 48.26%
CHEMBL2114727 0: 16.96%, 1: 83.04%
CHEMBL2114728 0: 9.82%, 1: 90.18%
CHEMBL2114737 0: 87.93%, 1: 12.07%
CHEMBL2114742 0: 33.90%, 1: 66.10%
CHEMBL2114748 0: 59.44%, 1: 40.56%
CHEMBL2114752 0: 15.02%, 1: 84.98%
CHEMBL2114753 0: 8.36%, 1: 91.64%
CHEMBL2114761 0: 78.40%, 1: 21.60%
CHEMBL2114764 0: 42.92%, 1: 57.08%
CHEMBL2114771 0: 64.02%, 1: 35.98%
CHEMBL2114791 0: 1.99%, 1: 98.01%
CHEMBL2114797 0: 42.41%, 1: 57.59%
CHEMBL2114803 0: 22.86%, 1: 77.14%
CHEMBL2114811 0: 10.16%, 1: 89.84%
CHEMBL2114814 0: 44.98%, 1: 55.02%
CHEMBL2114816 0: 37.94%, 1: 62.06%
CHEMBL2114820 0: 16.31%, 1: 83.69%
CHEMBL2114823 0: 20.90%, 1: 79.10%
CHEMBL2114825 0: 18.62%, 1: 81.38%
CHEMBL2114826 0: 50.79%, 1: 49.21%
CHEMBL2114827 0: 93.80%, 1: 6.20%
CHEMBL2114829 0: 25.17%, 1: 74.83%
CHEMBL2114830 0: 20.17%, 1: 79.83%
CHEMBL2114839 0: 28.69%, 1: 71.31%
CHEMBL2114842 0: 62.00%, 1: 38.00%
CHEMBL2114844 0: 32.59%, 1: 67.41%
CHEMBL2114847 0: 13.84%, 1: 86.16%
CHEMBL2114850 0: 8.62%, 1: 91.38%
CHEMBL2114852 0: 3.84%, 1: 96.16%
CHEMBL2114857 0: 50.00%, 1: 50.00%
CHEMBL2114858 0: 32.36%, 1: 67.64%
CHEMBL2114863 0: 33.55%, 1: 66.45%
CHEMBL2114865 0: 3.43%, 1: 96.57%
CHEMBL2114872 0: 9.51%, 1: 90.49%
CHEMBL2114874 0: 28.03%, 1: 71.97%
CHEMBL2114882 0: 92.25%, 1: 7.75%
CHEMBL2114883 0: 44.95%, 1: 55.05%
CHEMBL2114899 0: 87.76%, 1: 12.24%
CHEMBL2114909 0: 1.94%, 1: 98.06%
CHEMBL2114914 0: 20.72%, 1: 79.28%
CHEMBL2114927 0: 84.11%, 1: 15.89%
CHEMBL2114928 0: 86.06%, 1: 13.94%
CHEMBL2114930 0: 4.68%, 1: 95.32%
CHEMBL2155446 0: 5.83%, 1: 94.17%
CHEMBL2303649 0: 68.09%, 1: 31.91%
CHEMBL2354206 0: 93.86%, 1: 6.14%
CHEMBL2354207 0: 15.46%, 1: 84.54%
CHEMBL2354217 0: 20.69%, 1: 79.31%
CHEMBL2354227 0: 21.70%, 1: 78.30%
CHEMBL2354228 0: 59.88%, 1: 40.12%
CHEMBL2354248 0: 96.55%, 1: 3.45%
CHEMBL2354256 0: 7.85%, 1: 92.15%
CHEMBL2354260 0: 54.63%, 1: 45.37%
CHEMBL2354269 0: 9.42%, 1: 90.58%
CHEMBL2354274 0: 5.26%, 1: 94.74%
CHEMBL2354276 0: 75.30%, 1: 24.70%
CHEMBL2354289 0: 34.38%, 1: 65.62%
CHEMBL2354292 0: 77.91%, 1: 22.09%
CHEMBL2354303 0: 86.76%, 1: 13.24%
CHEMBL2354305 0: 14.37%, 1: 85.63%
CHEMBL2354307 0: 9.17%, 1: 90.83%
CHEMBL2363140 0: 68.70%, 1: 31.30%
CHEMBL2363141 0: 76.19%, 1: 23.81%
CHEMBL2363142 0: 60.20%, 1: 39.80%
CHEMBL2363146 0: 67.68%, 1: 32.32%
CHEMBL2363148 0: 67.68%, 1: 32.32%
CHEMBL2363152 0: 41.86%, 1: 58.14%
CHEMBL2363153 0: 34.07%, 1: 65.93%
CHEMBL2363154 0: 89.66%, 1: 10.34%
CHEMBL2363160 0: 68.69%, 1: 31.31%
CHEMBL2363165 0: 64.38%, 1: 35.62%
CHEMBL2363166 0: 62.50%, 1: 37.50%
CHEMBL2363167 0: 68.32%, 1: 31.68%
CHEMBL2363168 0: 59.76%, 1: 40.24%
CHEMBL2363169 0: 65.48%, 1: 34.52%
CHEMBL2363171 0: 74.75%, 1: 25.25%
CHEMBL2363174 0: 55.79%, 1: 44.21%
CHEMBL2363176 0: 36.67%, 1: 63.33%
CHEMBL2363178 0: 70.41%, 1: 29.59%
CHEMBL2363180 0: 72.57%, 1: 27.43%
CHEMBL2363184 0: 79.79%, 1: 20.21%
CHEMBL2363185 0: 49.02%, 1: 50.98%
CHEMBL2363187 0: 62.00%, 1: 38.00%
CHEMBL2363189 0: 42.57%, 1: 57.43%
CHEMBL2363197 0: 76.29%, 1: 23.71%
CHEMBL2363207 0: 67.31%, 1: 32.69%
CHEMBL2363208 0: 38.24%, 1: 61.76%
CHEMBL2363210 0: 50.00%, 1: 50.00%
CHEMBL2363211 0: 60.64%, 1: 39.36%
CHEMBL2363212 0: 48.57%, 1: 51.43%
CHEMBL2363213 0: 67.71%, 1: 32.29%
CHEMBL2363214 0: 50.52%, 1: 49.48%
CHEMBL2363215 0: 56.00%, 1: 44.00%
CHEMBL2363216 0: 46.53%, 1: 53.47%
CHEMBL2363218 0: 48.04%, 1: 51.96%
CHEMBL2363220 0: 54.21%, 1: 45.79%
CHEMBL2363221 0: 71.96%, 1: 28.04%
CHEMBL2363223 0: 57.30%, 1: 42.70%
CHEMBL2363224 0: 43.00%, 1: 57.00%
CHEMBL2363225 0: 62.89%, 1: 37.11%
CHEMBL2363227 0: 67.42%, 1: 32.58%
CHEMBL2363228 0: 51.22%, 1: 48.78%
CHEMBL2363230 0: 28.12%, 1: 71.88%
CHEMBL2363236 0: 69.44%, 1: 30.56%
CHEMBL2363238 0: 51.92%, 1: 48.08%
CHEMBL2363239 0: 53.61%, 1: 46.39%
CHEMBL2363242 0: 49.48%, 1: 50.52%
CHEMBL2363243 0: 50.00%, 1: 50.00%
CHEMBL2363245 0: 60.82%, 1: 39.18%
CHEMBL2363247 0: 58.06%, 1: 41.94%
CHEMBL2363248 0: 55.56%, 1: 44.44%
CHEMBL2363252 0: 46.24%, 1: 53.76%
CHEMBL2363253 0: 46.67%, 1: 53.33%
CHEMBL2363255 0: 73.20%, 1: 26.80%
CHEMBL2363263 0: 58.90%, 1: 41.10%
CHEMBL2363264 0: 58.76%, 1: 41.24%
CHEMBL2363265 0: 57.47%, 1: 42.53%
CHEMBL2363268 0: 57.14%, 1: 42.86%
CHEMBL2363269 0: 58.10%, 1: 41.90%
CHEMBL2363272 0: 56.73%, 1: 43.27%
CHEMBL2363273 0: 68.32%, 1: 31.68%
CHEMBL2363275 0: 56.19%, 1: 43.81%
CHEMBL2363277 0: 51.06%, 1: 48.94%
CHEMBL2363278 0: 44.44%, 1: 55.56%
CHEMBL2363283 0: 43.53%, 1: 56.47%
CHEMBL2363290 0: 65.05%, 1: 34.95%
CHEMBL2363294 0: 46.08%, 1: 53.92%
CHEMBL2363299 0: 46.51%, 1: 53.49%
CHEMBL2363307 0: 55.17%, 1: 44.83%
CHEMBL2363313 0: 54.26%, 1: 45.74%
CHEMBL2363314 0: 65.69%, 1: 34.31%
CHEMBL2363315 0: 63.89%, 1: 36.11%
CHEMBL2363317 0: 54.55%, 1: 45.45%
CHEMBL2363319 0: 70.18%, 1: 29.82%
CHEMBL2363321 0: 77.89%, 1: 22.11%
CHEMBL2363322 0: 68.27%, 1: 31.73%
CHEMBL2363324 0: 67.35%, 1: 32.65%
CHEMBL2363326 0: 50.94%, 1: 49.06%
CHEMBL2363327 0: 57.29%, 1: 42.71%
CHEMBL2363328 0: 71.43%, 1: 28.57%
CHEMBL2363330 0: 40.91%, 1: 59.09%
CHEMBL2363332 0: 51.43%, 1: 48.57%
CHEMBL2363333 0: 51.04%, 1: 48.96%
CHEMBL2363334 0: 48.21%, 1: 51.79%
CHEMBL2363335 0: 63.00%, 1: 37.00%
CHEMBL2363336 0: 63.04%, 1: 36.96%
CHEMBL2363337 0: 66.99%, 1: 33.01%
CHEMBL2363338 0: 48.11%, 1: 51.89%
CHEMBL2363339 0: 55.26%, 1: 44.74%
CHEMBL2363341 0: 70.75%, 1: 29.25%
CHEMBL2363343 0: 68.63%, 1: 31.37%
CHEMBL2363348 0: 66.32%, 1: 33.68%
CHEMBL2363349 0: 40.59%, 1: 59.41%
CHEMBL2363351 0: 38.64%, 1: 61.36%
CHEMBL2363352 0: 59.80%, 1: 40.20%
CHEMBL2363353 0: 59.41%, 1: 40.59%
CHEMBL2363363 0: 49.00%, 1: 51.00%
CHEMBL2363364 0: 71.70%, 1: 28.30%
CHEMBL2363366 0: 34.00%, 1: 66.00%
CHEMBL2363367 0: 69.52%, 1: 30.48%
CHEMBL2363368 0: 38.95%, 1: 61.05%
CHEMBL2363369 0: 46.94%, 1: 53.06%
CHEMBL2363370 0: 61.68%, 1: 38.32%
CHEMBL2363371 0: 66.29%, 1: 33.71%
CHEMBL2363373 0: 62.75%, 1: 37.25%
CHEMBL2363374 0: 57.55%, 1: 42.45%
CHEMBL2363375 0: 50.00%, 1: 50.00%
CHEMBL2363377 0: 45.00%, 1: 55.00%
CHEMBL2363383 0: 71.84%, 1: 28.16%
CHEMBL2363385 0: 52.43%, 1: 47.57%
CHEMBL2363387 0: 70.54%, 1: 29.46%
CHEMBL2363388 0: 62.89%, 1: 37.11%
CHEMBL2363389 0: 55.14%, 1: 44.86%
CHEMBL2363390 0: 65.74%, 1: 34.26%
CHEMBL2363391 0: 58.00%, 1: 42.00%
CHEMBL2363393 0: 63.74%, 1: 36.26%
CHEMBL2363395 0: 70.65%, 1: 29.35%
CHEMBL2363397 0: 42.86%, 1: 57.14%
CHEMBL2363403 0: 55.00%, 1: 45.00%
CHEMBL2363414 0: 42.11%, 1: 57.89%
CHEMBL2363420 0: 53.26%, 1: 46.74%
CHEMBL2363421 0: 83.78%, 1: 16.22%
CHEMBL2363425 0: 58.59%, 1: 41.41%
CHEMBL2363426 0: 50.57%, 1: 49.43%
CHEMBL2363432 0: 40.00%, 1: 60.00%
CHEMBL2363433 0: 54.37%, 1: 45.63%
CHEMBL2363434 0: 65.96%, 1: 34.04%
CHEMBL2363435 0: 60.82%, 1: 39.18%
CHEMBL2363437 0: 44.57%, 1: 55.43%
CHEMBL2363438 0: 47.25%, 1: 52.75%
CHEMBL2363440 0: 60.00%, 1: 40.00%
CHEMBL2363442 0: 62.92%, 1: 37.08%
CHEMBL2363443 0: 72.32%, 1: 27.68%
CHEMBL2363444 0: 24.00%, 1: 76.00%
CHEMBL2363445 0: 53.68%, 1: 46.32%
CHEMBL2363446 0: 54.64%, 1: 45.36%
CHEMBL2363447 0: 62.73%, 1: 37.27%
CHEMBL2363449 0: 84.47%, 1: 15.53%
CHEMBL2363452 0: 61.00%, 1: 39.00%
CHEMBL2363453 0: 67.44%, 1: 32.56%
