wandb: Tracking run with wandb version 0.9.3
wandb: Wandb version 0.9.4 is available!  To upgrade, please run:
wandb:  $ pip install wandb --upgrade
wandb: Run data is saved locally in wandb/run-20200809_144302-1w922pdl
wandb: Syncing run less_256_scaffold_balanced_split
wandb: ⭐️ View project at https://app.wandb.ai/apappu97/molecule-metalearning
wandb: 🚀 View run at https://app.wandb.ai/apappu97/molecule-metalearning/runs/1w922pdl
wandb: Run `wandb off` to turn off syncing.

Fold 0
Command line
python chemprop/train.py --data_path filtered_chembl/chembl_less_256_instances.csv --dataset_type classification --split_type scaffold_balanced --dropout 0.2 --num_folds 1 --epochs 30 --results_save_dir results/motivational/chemprop/ --experiment_name less_256_scaffold_balanced_split
Args
{'activation': 'ReLU',
 'atom_messages': False,
 'batch_size': 50,
 'bias': False,
 'cache_cutoff': 10000,
 'checkpoint_dir': None,
 'checkpoint_path': None,
 'checkpoint_paths': None,
 'chembl_assay_metadata_pickle_path': None,
 'class_balance': False,
 'config_path': None,
 'crossval_index_dir': None,
 'crossval_index_file': None,
 'crossval_index_sets': None,
 'data_path': 'filtered_chembl/chembl_less_256_instances.csv',
 'dataset_type': 'classification',
 'depth': 3,
 'dropout': 0.2,
 'ensemble_size': 1,
 'epochs': 30,
 'experiment_name': 'less_256_scaffold_balanced_split',
 'features_generator': None,
 'features_only': False,
 'features_path': None,
 'features_size': None,
 'ffn_hidden_size': 400,
 'ffn_num_layers': 2,
 'final_lr': 0.0001,
 'folds_file': None,
 'gpu': None,
 'hidden_size': 300,
 'init_lr': 0.0001,
 'log_frequency': 10,
 'max_data_size': None,
 'max_lr': 0.001,
 'meta_split_sizes_BF': (10, 10),
 'metric': 'auc',
 'minimize_score': False,
 'multiclass_num_classes': 3,
 'no_cuda': False,
 'no_features_scaling': False,
 'num_folds': 1,
 'num_lrs': 1,
 'num_tasks': None,
 'num_workers': 8,
 'pytorch_seed': 0,
 'quiet': False,
 'results_save_dir': 'results/motivational/chemprop/',
 'save_dir': '/tmp/2321739.10.gpu.q/tmpvkepgpr3/fold_0',
 'save_smiles_splits': False,
 'seed': 0,
 'seeds': None,
 'separate_test_features_path': None,
 'separate_test_path': None,
 'separate_val_features_path': None,
 'separate_val_path': None,
 'show_individual_scores': False,
 'smiles_column': None,
 'split_sizes': (0.8, 0.1, 0.1),
 'split_type': 'scaffold_balanced',
 'target_columns': None,
 'task_names': None,
 'test': False,
 'test_fold_index': None,
 'train_data_size': None,
 'undirected': False,
 'use_input_features': False,
 'val_fold_index': None,
 'warmup_epochs': 2.0}
Loading data
0it [00:00, ?it/s]507it [00:00, 5067.81it/s]1002it [00:00, 5018.77it/s]1444it [00:00, 4820.86it/s]1945it [00:00, 4875.81it/s]2401it [00:00, 4774.63it/s]2890it [00:00, 4807.53it/s]3362it [00:00, 4779.49it/s]3818it [00:00, 4710.41it/s]4292it [00:00, 4718.04it/s]4765it [00:01, 4721.54it/s]5224it [00:01, 4652.21it/s]5680it [00:01, 4031.43it/s]6133it [00:01, 4167.38it/s]6569it [00:01, 4221.95it/s]7001it [00:01, 4250.84it/s]7449it [00:01, 4314.84it/s]7902it [00:01, 4376.41it/s]8342it [00:01, 4367.39it/s]8797it [00:01, 4419.44it/s]9260it [00:02, 4478.15it/s]9725it [00:02, 3952.35it/s]10190it [00:02, 4137.41it/s]10647it [00:02, 4257.53it/s]11100it [00:02, 4334.56it/s]11582it [00:02, 4468.55it/s]12053it [00:02, 4537.96it/s]12517it [00:02, 4532.66it/s]12989it [00:02, 4587.18it/s]13450it [00:03, 4589.97it/s]13913it [00:03, 4009.44it/s]14384it [00:03, 4194.70it/s]14853it [00:03, 4330.05it/s]15309it [00:03, 4382.79it/s]15777it [00:03, 4467.66it/s]16249it [00:03, 4538.59it/s]16730it [00:03, 4616.31it/s]17233it [00:03, 4733.00it/s]17733it [00:03, 4809.85it/s]18217it [00:04, 4158.17it/s]18721it [00:04, 4386.90it/s]19201it [00:04, 4501.98it/s]19703it [00:04, 4644.57it/s]20195it [00:04, 4693.86it/s]20694it [00:04, 4778.66it/s]21198it [00:04, 4852.31it/s]21687it [00:04, 4847.80it/s]22189it [00:04, 4897.86it/s]22681it [00:05, 4288.72it/s]23182it [00:05, 4481.91it/s]23644it [00:05, 4284.79it/s]24084it [00:05, 4176.62it/s]24556it [00:05, 4325.61it/s]25027it [00:05, 4433.90it/s]25480it [00:05, 4461.80it/s]25952it [00:05, 4535.17it/s]26423it [00:05, 4585.86it/s]26884it [00:06, 4003.40it/s]27356it [00:06, 4192.70it/s]27828it [00:06, 4335.74it/s]28309it [00:06, 4467.34it/s]28809it [00:06, 4613.20it/s]29286it [00:06, 4658.85it/s]29385it [00:06, 4476.29it/s]
  0% 0/29385 [00:00<?, ?it/s]  6% 1657/29385 [00:00<00:09, 2948.79it/s]100% 29385/29385 [00:00<00:00, 48468.25it/s]
  0% 0/29385 [00:00<?, ?it/s]  2% 486/29385 [00:00<00:05, 4857.40it/s]  3% 940/29385 [00:00<00:05, 4757.20it/s]  5% 1442/29385 [00:00<00:05, 4831.45it/s]  6% 1883/29385 [00:00<00:05, 4694.16it/s]  8% 2332/29385 [00:00<00:05, 4625.75it/s] 10% 2815/29385 [00:00<00:05, 4684.01it/s] 11% 3295/29385 [00:00<00:05, 4715.27it/s] 13% 3728/29385 [00:00<00:05, 4562.91it/s] 14% 4196/29385 [00:00<00:05, 4596.36it/s] 16% 4647/29385 [00:01<00:05, 4569.93it/s] 17% 5092/29385 [00:01<00:05, 4406.31it/s] 19% 5525/29385 [00:01<00:05, 4363.52it/s] 20% 5957/29385 [00:01<00:05, 4344.04it/s] 22% 6388/29385 [00:01<00:05, 4197.18it/s] 23% 6807/29385 [00:01<00:05, 4155.01it/s] 25% 7228/29385 [00:01<00:05, 4169.67it/s] 26% 7649/29385 [00:01<00:05, 4181.53it/s] 27% 8067/29385 [00:01<00:05, 4176.54it/s] 29% 8495/29385 [00:01<00:04, 4204.99it/s] 30% 8932/29385 [00:02<00:04, 4251.39it/s] 32% 9358/29385 [00:02<00:04, 4218.24it/s] 33% 9780/29385 [00:02<00:04, 4201.66it/s] 35% 10216/29385 [00:02<00:04, 4245.59it/s] 36% 10661/29385 [00:02<00:04, 4303.82it/s] 38% 11095/29385 [00:02<00:04, 4312.12it/s] 39% 11527/29385 [00:02<00:04, 4286.59it/s] 41% 11956/29385 [00:02<00:04, 4253.05it/s] 42% 12387/29385 [00:02<00:03, 4268.52it/s] 44% 12816/29385 [00:02<00:03, 4273.40it/s] 45% 13259/29385 [00:03<00:03, 4319.16it/s] 47% 13696/29385 [00:03<00:03, 4333.96it/s] 48% 14130/29385 [00:03<00:03, 4331.84it/s] 50% 14564/29385 [00:03<00:03, 4287.91it/s] 51% 14993/29385 [00:03<00:03, 4267.73it/s] 52% 15420/29385 [00:03<00:03, 4211.37it/s] 54% 15859/29385 [00:03<00:03, 4259.91it/s] 55% 16286/29385 [00:03<00:03, 4252.51it/s] 57% 16712/29385 [00:03<00:02, 4251.67it/s] 58% 17140/29385 [00:03<00:02, 4260.09it/s] 60% 17576/29385 [00:04<00:02, 4287.60it/s] 61% 18005/29385 [00:04<00:02, 4239.12it/s] 63% 18432/29385 [00:04<00:02, 4246.34it/s] 64% 18878/29385 [00:04<00:02, 4307.28it/s] 66% 19310/29385 [00:04<00:02, 4292.17it/s] 67% 19742/29385 [00:04<00:02, 4299.10it/s] 69% 20173/29385 [00:04<00:02, 4231.94it/s] 70% 20602/29385 [00:04<00:02, 4247.07it/s] 72% 21027/29385 [00:04<00:01, 4221.61it/s] 73% 21450/29385 [00:04<00:01, 4223.82it/s] 74% 21877/29385 [00:05<00:01, 4237.33it/s] 76% 22301/29385 [00:05<00:01, 3925.08it/s] 77% 22699/29385 [00:05<00:01, 3785.84it/s] 79% 23130/29385 [00:05<00:01, 3929.17it/s] 80% 23547/29385 [00:05<00:01, 3997.79it/s] 82% 23972/29385 [00:05<00:01, 4070.19it/s] 83% 24388/29385 [00:05<00:01, 4096.52it/s] 84% 24808/29385 [00:05<00:01, 4126.99it/s] 86% 25223/29385 [00:05<00:01, 4111.91it/s] 87% 25636/29385 [00:06<00:00, 4096.01it/s] 89% 26047/29385 [00:06<00:00, 4041.44it/s] 90% 26452/29385 [00:06<00:00, 3965.11it/s] 91% 26850/29385 [00:06<00:00, 3794.48it/s] 93% 27232/29385 [00:06<00:00, 3679.66it/s] 94% 27603/29385 [00:06<00:00, 3551.67it/s] 95% 28000/29385 [00:06<00:00, 3664.31it/s] 97% 28472/29385 [00:06<00:00, 3926.49it/s] 98% 28893/29385 [00:06<00:00, 4006.25it/s]100% 29349/29385 [00:06<00:00, 4155.48it/s]100% 29385/29385 [00:06<00:00, 4216.86it/s]
Warning: 1 SMILES are invalid.
Number of tasks = 622
Splitting data with seed 0
  0% 0/29384 [00:00<?, ?it/s]  1% 435/29384 [00:00<00:06, 4342.97it/s]  3% 854/29384 [00:00<00:06, 4292.77it/s]  4% 1308/29384 [00:00<00:06, 4362.49it/s]  6% 1717/29384 [00:00<00:06, 4276.26it/s]  7% 2105/29384 [00:00<00:06, 4148.30it/s]  9% 2523/29384 [00:00<00:06, 4156.29it/s] 10% 2973/29384 [00:00<00:06, 4252.63it/s] 12% 3396/29384 [00:00<00:06, 4244.56it/s] 13% 3797/29384 [00:00<00:06, 4088.74it/s] 14% 4209/29384 [00:01<00:06, 4095.97it/s] 16% 4636/29384 [00:01<00:05, 4126.06it/s] 17% 5041/29384 [00:01<00:06, 3956.99it/s] 18% 5433/29384 [00:01<00:06, 3912.75it/s] 20% 5829/29384 [00:01<00:06, 3923.95it/s] 21% 6220/29384 [00:01<00:06, 3842.38it/s] 22% 6604/29384 [00:01<00:06, 3621.27it/s] 24% 6980/29384 [00:01<00:06, 3659.88it/s] 25% 7360/29384 [00:01<00:05, 3698.89it/s] 26% 7737/29384 [00:01<00:05, 3718.46it/s] 28% 8129/29384 [00:02<00:05, 3775.98it/s] 29% 8527/29384 [00:02<00:05, 3834.32it/s] 30% 8937/29384 [00:02<00:05, 3908.67it/s] 32% 9329/29384 [00:02<00:05, 3892.77it/s] 33% 9719/29384 [00:02<00:05, 3844.55it/s] 34% 10115/29384 [00:02<00:04, 3874.93it/s] 36% 10512/29384 [00:02<00:04, 3902.12it/s] 37% 10925/29384 [00:02<00:04, 3967.70it/s] 39% 11323/29384 [00:02<00:04, 3952.98it/s] 40% 11719/29384 [00:02<00:04, 3905.97it/s] 41% 12117/29384 [00:03<00:04, 3923.28it/s] 43% 12523/29384 [00:03<00:04, 3962.97it/s] 44% 12931/29384 [00:03<00:04, 3996.42it/s] 45% 13346/29384 [00:03<00:03, 4039.53it/s] 47% 13755/29384 [00:03<00:03, 4052.45it/s] 48% 14161/29384 [00:03<00:03, 4047.90it/s] 50% 14566/29384 [00:03<00:03, 3995.49it/s] 51% 14968/29384 [00:03<00:03, 3999.37it/s] 52% 15369/29384 [00:03<00:03, 3940.43it/s] 54% 15780/29384 [00:03<00:03, 3989.52it/s] 55% 16184/29384 [00:04<00:03, 4000.52it/s] 56% 16585/29384 [00:04<00:03, 3973.73it/s] 58% 16983/29384 [00:04<00:03, 3609.53it/s] 59% 17351/29384 [00:04<00:03, 3577.17it/s] 60% 17754/29384 [00:04<00:03, 3701.13it/s] 62% 18136/29384 [00:04<00:03, 3733.98it/s] 63% 18543/29384 [00:04<00:02, 3828.50it/s] 64% 18947/29384 [00:04<00:02, 3888.95it/s] 66% 19342/29384 [00:04<00:02, 3905.70it/s] 67% 19745/29384 [00:05<00:02, 3938.67it/s] 69% 20141/29384 [00:05<00:02, 3910.68it/s] 70% 20538/29384 [00:05<00:02, 3926.34it/s] 71% 20932/29384 [00:05<00:02, 3900.78it/s] 73% 21329/29384 [00:05<00:02, 3917.09it/s] 74% 21729/29384 [00:05<00:01, 3939.43it/s] 75% 22127/29384 [00:05<00:01, 3943.83it/s] 77% 22522/29384 [00:05<00:01, 3902.20it/s] 78% 22925/29384 [00:05<00:01, 3939.21it/s] 79% 23320/29384 [00:05<00:01, 3359.44it/s] 81% 23671/29384 [00:06<00:01, 3368.38it/s] 82% 24019/29384 [00:06<00:01, 3387.98it/s] 83% 24366/29384 [00:06<00:01, 3387.04it/s] 84% 24710/29384 [00:06<00:01, 3392.88it/s] 85% 25053/29384 [00:06<00:01, 3371.70it/s] 86% 25393/29384 [00:06<00:01, 3322.19it/s] 88% 25728/29384 [00:06<00:01, 3043.96it/s] 89% 26069/29384 [00:06<00:01, 3143.22it/s] 90% 26389/29384 [00:06<00:00, 3119.68it/s] 91% 26705/29384 [00:07<00:00, 3058.09it/s] 92% 27038/29384 [00:07<00:00, 3134.23it/s] 93% 27354/29384 [00:07<00:00, 3047.17it/s] 94% 27661/29384 [00:07<00:00, 2889.22it/s] 95% 28015/29384 [00:07<00:00, 3057.49it/s] 97% 28460/29384 [00:07<00:00, 3373.23it/s] 98% 28835/29384 [00:07<00:00, 3476.46it/s]100% 29242/29384 [00:07<00:00, 3634.56it/s]100% 29384/29384 [00:07<00:00, 3760.24it/s]
Total scaffolds = 16,152 | train scaffolds = 13,129 | val scaffolds = 1,824 | test scaffolds = 1,199
/home/apappu/thesis/molecule-metalearning/chemprop/chemprop/data/scaffold.py:150: RuntimeWarning: Mean of empty slice
  target_avgs.append(np.nanmean(targets, axis=0))
Label averages per scaffold, in decreasing order of scaffold frequency,capped at 10 scaffolds and 20 labels: [(array([nan, nan, nan, nan, nan, nan, nan, nan, nan, nan, nan, nan, nan,
       nan, nan, nan, nan, nan, nan, nan]), array([0, 0, 0, 0, 0, 0, 0, 0, 0, 0, 0, 0, 0, 0, 0, 0, 0, 0, 0, 0])), (array([nan, nan, nan, nan, nan, nan, nan, nan, nan, nan, nan, nan, nan,
       nan, nan, nan, nan, nan, nan, nan]), array([0, 0, 0, 0, 0, 0, 0, 0, 0, 0, 0, 0, 0, 0, 0, 0, 0, 0, 0, 0])), (array([nan, nan, nan, nan, nan, nan,  0., nan, nan, nan, nan, nan, nan,
       nan, nan, nan, nan, nan, nan, nan]), array([ 0,  0,  0,  0,  0,  0, 12,  0,  0,  0,  0,  0,  0,  0,  0,  0,  0,
        0,  0,  0])), (array([nan, nan, nan, nan, nan, nan, nan, nan, nan, nan, nan, nan, nan,
       nan, nan, nan, nan, nan, nan, nan]), array([0, 0, 0, 0, 0, 0, 0, 0, 0, 0, 0, 0, 0, 0, 0, 0, 0, 0, 0, 0])), (array([nan, nan, nan, nan, nan, nan, nan, nan, nan, nan, nan, nan, nan,
       nan, nan, nan, nan, nan, nan, nan]), array([0, 0, 0, 0, 0, 0, 0, 0, 0, 0, 0, 0, 0, 0, 0, 0, 0, 0, 0, 0])), (array([nan, nan, nan, nan, nan, nan, nan, nan, nan, nan, nan, nan, nan,
       nan, nan, nan, nan, nan, nan, nan]), array([0, 0, 0, 0, 0, 0, 0, 0, 0, 0, 0, 0, 0, 0, 0, 0, 0, 0, 0, 0])), (array([nan, nan, nan, nan, nan, nan, nan, nan, nan, nan, nan, nan, nan,
       nan, nan, nan, nan, nan, nan, nan]), array([0, 0, 0, 0, 0, 0, 0, 0, 0, 0, 0, 0, 0, 0, 0, 0, 0, 0, 0, 0])), (array([nan, nan, nan, nan, nan, nan, nan, nan, nan, nan, nan, nan, nan,
       nan, nan, nan, nan, nan, nan, nan]), array([0, 0, 0, 0, 0, 0, 0, 0, 0, 0, 0, 0, 0, 0, 0, 0, 0, 0, 0, 0])), (array([nan, nan, nan, nan, nan, nan, nan, nan, nan, nan, nan, nan, nan,
       nan, nan, nan, nan, nan, nan, nan]), array([0, 0, 0, 0, 0, 0, 0, 0, 0, 0, 0, 0, 0, 0, 0, 0, 0, 0, 0, 0])), (array([nan, nan, nan, nan, nan, nan, nan, nan, nan, nan, nan, nan, nan,
       nan, nan, nan, nan, nan, nan, nan]), array([0, 0, 0, 0, 0, 0, 0, 0, 0, 0, 0, 0, 0, 0, 0, 0, 0, 0, 0, 0]))]
Class sizes
CHEMBL1002712 0: 27.00%, 1: 73.00%
CHEMBL1022010 0: 6.90%, 1: 93.10%
CHEMBL1024480 0: 89.58%, 1: 10.42%
CHEMBL1026933 0: 40.85%, 1: 59.15%
CHEMBL1026934 0: 5.61%, 1: 94.39%
CHEMBL1031359 0: 4.00%, 1: 96.00%
CHEMBL1033994 0: 41.98%, 1: 58.02%
CHEMBL1034533 0: 17.31%, 1: 82.69%
CHEMBL1034535 0: 46.15%, 1: 53.85%
CHEMBL1167052 0: 17.78%, 1: 82.22%
CHEMBL1169087 0: 77.78%, 1: 22.22%
CHEMBL1243965 0: 17.11%, 1: 82.89%
CHEMBL1243966 0: 41.96%, 1: 58.04%
CHEMBL1243967 0: 10.17%, 1: 89.83%
CHEMBL1243968 0: 15.06%, 1: 84.94%
CHEMBL1243969 0: 20.17%, 1: 79.83%
CHEMBL1243970 0: 6.91%, 1: 93.09%
CHEMBL1243971 0: 48.89%, 1: 51.11%
CHEMBL1243972 0: 9.92%, 1: 90.08%
CHEMBL1243975 0: 51.38%, 1: 48.62%
CHEMBL1243976 0: 28.99%, 1: 71.01%
CHEMBL1243977 0: 31.19%, 1: 68.81%
CHEMBL1243978 0: 27.12%, 1: 72.88%
CHEMBL1246088 0: 48.37%, 1: 51.63%
CHEMBL1613775 0: 40.78%, 1: 59.22%
CHEMBL1613785 0: 43.22%, 1: 56.78%
CHEMBL1613787 0: 69.08%, 1: 30.92%
CHEMBL1613806 0: 49.11%, 1: 50.89%
CHEMBL1613812 0: 7.35%, 1: 92.65%
CHEMBL1613813 0: 44.20%, 1: 55.80%
CHEMBL1613814 0: 53.85%, 1: 46.15%
CHEMBL1613817 0: 84.86%, 1: 15.14%
CHEMBL1613821 0: 13.79%, 1: 86.21%
CHEMBL1613853 0: 41.86%, 1: 58.14%
CHEMBL1613859 0: 72.94%, 1: 27.06%
CHEMBL1613861 0: 14.47%, 1: 85.53%
CHEMBL1613871 0: 6.15%, 1: 93.85%
CHEMBL1613876 0: 54.35%, 1: 45.65%
CHEMBL1613890 0: 34.85%, 1: 65.15%
CHEMBL1613893 0: 74.40%, 1: 25.60%
CHEMBL1613898 0: 75.45%, 1: 24.55%
CHEMBL1613903 0: 56.44%, 1: 43.56%
CHEMBL1613904 0: 50.77%, 1: 49.23%
CHEMBL1613907 0: 5.34%, 1: 94.66%
CHEMBL1613926 0: 30.15%, 1: 69.85%
CHEMBL1613941 0: 32.58%, 1: 67.42%
CHEMBL1613942 0: 41.43%, 1: 58.57%
CHEMBL1613947 0: 46.01%, 1: 53.99%
CHEMBL1613949 0: 60.13%, 1: 39.87%
CHEMBL1613950 0: 43.05%, 1: 56.95%
CHEMBL1613955 0: 54.04%, 1: 45.96%
CHEMBL1613956 0: 37.82%, 1: 62.18%
CHEMBL1613962 0: 24.26%, 1: 75.74%
CHEMBL1613967 0: 44.59%, 1: 55.41%
CHEMBL1613980 0: 84.92%, 1: 15.08%
CHEMBL1613981 0: 58.85%, 1: 41.15%
CHEMBL1613991 0: 14.98%, 1: 85.02%
CHEMBL1613998 0: 15.74%, 1: 84.26%
CHEMBL1614007 0: 13.33%, 1: 86.67%
CHEMBL1614008 0: 38.40%, 1: 61.60%
CHEMBL1614034 0: 2.63%, 1: 97.37%
CHEMBL1614035 0: 77.14%, 1: 22.86%
CHEMBL1614044 0: 23.88%, 1: 76.12%
CHEMBL1614049 0: 39.63%, 1: 60.37%
CHEMBL1614053 0: 42.48%, 1: 57.52%
CHEMBL1614056 0: 81.19%, 1: 18.81%
CHEMBL1614065 0: 9.71%, 1: 90.29%
CHEMBL1614066 0: 94.74%, 1: 5.26%
CHEMBL1614070 0: 18.75%, 1: 81.25%
CHEMBL1614072 0: 50.36%, 1: 49.64%
CHEMBL1614083 0: 94.44%, 1: 5.56%
CHEMBL1614086 0: 5.94%, 1: 94.06%
CHEMBL1614091 0: 4.43%, 1: 95.57%
CHEMBL1614092 0: 47.50%, 1: 52.50%
CHEMBL1614097 0: 46.99%, 1: 53.01%
CHEMBL1614109 0: 59.87%, 1: 40.13%
CHEMBL1614117 0: 16.35%, 1: 83.65%
CHEMBL1614132 0: 42.07%, 1: 57.93%
CHEMBL1614138 0: 67.83%, 1: 32.17%
CHEMBL1614147 0: 7.78%, 1: 92.22%
CHEMBL1614154 0: 9.52%, 1: 90.48%
CHEMBL1614167 0: 16.17%, 1: 83.83%
CHEMBL1614177 0: 94.85%, 1: 5.15%
CHEMBL1614197 0: 5.26%, 1: 94.74%
CHEMBL1614210 0: 60.16%, 1: 39.84%
CHEMBL1614215 0: 52.76%, 1: 47.24%
CHEMBL1614216 0: 48.52%, 1: 51.48%
CHEMBL1614218 0: 22.36%, 1: 77.64%
CHEMBL1614220 0: 32.80%, 1: 67.20%
CHEMBL1614225 0: 62.50%, 1: 37.50%
CHEMBL1614226 0: 81.15%, 1: 18.85%
CHEMBL1614231 0: 46.96%, 1: 53.04%
CHEMBL1614244 0: 38.85%, 1: 61.15%
CHEMBL1614255 0: 61.26%, 1: 38.74%
CHEMBL1614259 0: 32.82%, 1: 67.18%
CHEMBL1614265 0: 26.51%, 1: 73.49%
CHEMBL1614267 0: 29.46%, 1: 70.54%
CHEMBL1614272 0: 67.71%, 1: 32.29%
CHEMBL1614273 0: 51.97%, 1: 48.03%
CHEMBL1614283 0: 52.89%, 1: 47.11%
CHEMBL1614287 0: 85.53%, 1: 14.47%
CHEMBL1614290 0: 4.51%, 1: 95.49%
CHEMBL1614295 0: 2.29%, 1: 97.71%
CHEMBL1614301 0: 19.74%, 1: 80.26%
CHEMBL1614308 0: 50.82%, 1: 49.18%
CHEMBL1614309 0: 27.66%, 1: 72.34%
CHEMBL1614310 0: 51.81%, 1: 48.19%
CHEMBL1614311 0: 53.76%, 1: 46.24%
CHEMBL1614319 0: 72.16%, 1: 27.84%
CHEMBL1614321 0: 60.16%, 1: 39.84%
CHEMBL1614329 0: 40.69%, 1: 59.31%
CHEMBL1614338 0: 15.00%, 1: 85.00%
CHEMBL1614344 0: 67.72%, 1: 32.28%
CHEMBL1614345 0: 39.50%, 1: 60.50%
CHEMBL1614355 0: 4.11%, 1: 95.89%
CHEMBL1614356 0: 43.90%, 1: 56.10%
CHEMBL1614362 0: 19.17%, 1: 80.83%
CHEMBL1614363 0: 53.19%, 1: 46.81%
CHEMBL1614373 0: 30.84%, 1: 69.16%
CHEMBL1614376 0: 4.07%, 1: 95.93%
CHEMBL1614380 0: 78.10%, 1: 21.90%
CHEMBL1614388 0: 56.19%, 1: 43.81%
CHEMBL1614393 0: 45.00%, 1: 55.00%
CHEMBL1614395 0: 11.32%, 1: 88.68%
CHEMBL1614405 0: 50.94%, 1: 49.06%
CHEMBL1614408 0: 33.33%, 1: 66.67%
CHEMBL1614417 0: 27.19%, 1: 72.81%
CHEMBL1614425 0: 38.24%, 1: 61.76%
CHEMBL1614433 0: 60.77%, 1: 39.23%
CHEMBL1614450 0: 10.32%, 1: 89.68%
CHEMBL1614462 0: 65.35%, 1: 34.65%
CHEMBL1614463 0: 49.61%, 1: 50.39%
CHEMBL1614465 0: 20.00%, 1: 80.00%
CHEMBL1614477 0: 43.75%, 1: 56.25%
CHEMBL1614478 0: 12.50%, 1: 87.50%
CHEMBL1614479 0: 8.49%, 1: 91.51%
CHEMBL1614480 0: 85.71%, 1: 14.29%
CHEMBL1614482 0: 59.82%, 1: 40.18%
CHEMBL1614484 0: 9.01%, 1: 90.99%
CHEMBL1614486 0: 40.48%, 1: 59.52%
CHEMBL1614492 0: 40.54%, 1: 59.46%
CHEMBL1614503 0: 40.30%, 1: 59.70%
CHEMBL1614509 0: 79.43%, 1: 20.57%
CHEMBL1614512 0: 62.79%, 1: 37.21%
CHEMBL1614514 0: 83.07%, 1: 16.93%
CHEMBL1614515 0: 19.61%, 1: 80.39%
CHEMBL1614516 0: 96.81%, 1: 3.19%
CHEMBL1614518 0: 45.69%, 1: 54.31%
CHEMBL1614525 0: 52.00%, 1: 48.00%
CHEMBL1614528 0: 40.91%, 1: 59.09%
CHEMBL1614539 0: 14.12%, 1: 85.88%
CHEMBL1614548 0: 17.95%, 1: 82.05%
CHEMBL1614550 0: 9.30%, 1: 90.70%
CHEMBL1670561 0: 15.13%, 1: 84.87%
CHEMBL1676103 0: 39.85%, 1: 60.15%
CHEMBL1737862 0: 25.69%, 1: 74.31%
CHEMBL1737863 0: 36.27%, 1: 63.73%
CHEMBL1737868 0: 79.41%, 1: 20.59%
CHEMBL1737910 0: 45.71%, 1: 54.29%
CHEMBL1737951 0: 51.83%, 1: 48.17%
CHEMBL1737977 0: 13.87%, 1: 86.13%
CHEMBL1737978 0: 18.18%, 1: 81.82%
CHEMBL1737979 0: 8.94%, 1: 91.06%
CHEMBL1738019 0: 24.85%, 1: 75.15%
CHEMBL1738021 0: 10.87%, 1: 89.13%
CHEMBL1738040 0: 73.48%, 1: 26.52%
CHEMBL1738043 0: 46.43%, 1: 53.57%
CHEMBL1738079 0: 3.88%, 1: 96.12%
CHEMBL1738080 0: 76.43%, 1: 23.57%
CHEMBL1738091 0: 89.77%, 1: 10.23%
CHEMBL1738092 0: 13.76%, 1: 86.24%
CHEMBL1738097 0: 72.41%, 1: 27.59%
CHEMBL1738192 0: 83.17%, 1: 16.83%
CHEMBL1738197 0: 36.90%, 1: 63.10%
CHEMBL1738202 0: 3.47%, 1: 96.53%
CHEMBL1738246 0: 14.52%, 1: 85.48%
CHEMBL1738313 0: 57.69%, 1: 42.31%
CHEMBL1738319 0: 59.17%, 1: 40.83%
CHEMBL1738325 0: 96.86%, 1: 3.14%
CHEMBL1738362 0: 21.43%, 1: 78.57%
CHEMBL1738371 0: 81.97%, 1: 18.03%
CHEMBL1738400 0: 77.86%, 1: 22.14%
CHEMBL1738418 0: 68.85%, 1: 31.15%
CHEMBL1738422 0: 4.29%, 1: 95.71%
CHEMBL1738423 0: 76.15%, 1: 23.85%
CHEMBL1738430 0: 25.54%, 1: 74.46%
CHEMBL1738438 0: 2.76%, 1: 97.24%
CHEMBL1738482 0: 7.69%, 1: 92.31%
CHEMBL1738514 0: 26.73%, 1: 73.27%
CHEMBL1738575 0: 65.65%, 1: 34.35%
CHEMBL1738579 0: 22.79%, 1: 77.21%
CHEMBL1738599 0: 16.07%, 1: 83.93%
CHEMBL1738602 0: 42.70%, 1: 57.30%
CHEMBL1738619 0: 83.17%, 1: 16.83%
CHEMBL1738633 0: 4.05%, 1: 95.95%
CHEMBL1738642 0: 34.82%, 1: 65.18%
CHEMBL1738679 0: 63.95%, 1: 36.05%
CHEMBL1738684 0: 13.21%, 1: 86.79%
CHEMBL1794296 0: 44.02%, 1: 55.98%
CHEMBL1794320 0: 96.68%, 1: 3.32%
CHEMBL1794358 0: 94.14%, 1: 5.86%
CHEMBL1794367 0: 42.52%, 1: 57.48%
CHEMBL1794393 0: 67.55%, 1: 32.45%
CHEMBL1794400 0: 35.59%, 1: 64.41%
CHEMBL1794420 0: 54.46%, 1: 45.54%
CHEMBL1794438 0: 40.17%, 1: 59.83%
CHEMBL1794445 0: 87.84%, 1: 12.16%
CHEMBL1794452 0: 94.30%, 1: 5.70%
CHEMBL1794455 0: 52.48%, 1: 47.52%
CHEMBL1794457 0: 92.98%, 1: 7.02%
CHEMBL1794460 0: 28.63%, 1: 71.37%
CHEMBL1794484 0: 44.93%, 1: 55.07%
CHEMBL1794497 0: 8.47%, 1: 91.53%
CHEMBL1794498 0: 53.47%, 1: 46.53%
CHEMBL1794508 0: 94.63%, 1: 5.37%
CHEMBL1794548 0: 88.74%, 1: 11.26%
CHEMBL1794566 0: 6.05%, 1: 93.95%
CHEMBL1794570 0: 92.79%, 1: 7.21%
CHEMBL1794581 0: 19.65%, 1: 80.35%
CHEMBL1804798 0: 71.83%, 1: 28.17%
CHEMBL1820680 0: 46.81%, 1: 53.19%
CHEMBL1827362 0: 25.62%, 1: 74.38%
CHEMBL1963813 0: 79.19%, 1: 20.81%
CHEMBL1963838 0: 75.83%, 1: 24.17%
CHEMBL1963846 0: 85.07%, 1: 14.93%
CHEMBL1963849 0: 21.77%, 1: 78.23%
CHEMBL1963857 0: 39.45%, 1: 60.55%
CHEMBL1963867 0: 73.13%, 1: 26.87%
CHEMBL1963898 0: 75.62%, 1: 24.38%
CHEMBL1963899 0: 24.19%, 1: 75.81%
CHEMBL1963907 0: 64.35%, 1: 35.65%
CHEMBL1963910 0: 10.50%, 1: 89.50%
CHEMBL1963915 0: 15.00%, 1: 85.00%
CHEMBL1963930 0: 3.64%, 1: 96.36%
CHEMBL1963933 0: 93.91%, 1: 6.09%
CHEMBL1963934 0: 3.64%, 1: 96.36%
CHEMBL1963940 0: 33.79%, 1: 66.21%
CHEMBL1963968 0: 51.52%, 1: 48.48%
CHEMBL1963969 0: 25.83%, 1: 74.17%
CHEMBL1963974 0: 88.26%, 1: 11.74%
CHEMBL1963983 0: 76.39%, 1: 23.61%
CHEMBL1964005 0: 6.67%, 1: 93.33%
CHEMBL1964010 0: 76.06%, 1: 23.94%
CHEMBL1964023 0: 73.75%, 1: 26.25%
CHEMBL1964046 0: 36.29%, 1: 63.71%
CHEMBL1964055 0: 10.00%, 1: 90.00%
CHEMBL2028073 0: 76.99%, 1: 23.01%
CHEMBL2028074 0: 74.88%, 1: 25.12%
CHEMBL2028075 0: 56.46%, 1: 43.54%
CHEMBL2028076 0: 85.04%, 1: 14.96%
CHEMBL2045986 0: 7.37%, 1: 92.63%
CHEMBL2091156 0: 19.10%, 1: 80.90%
CHEMBL2098499 0: 74.45%, 1: 25.55%
CHEMBL2114715 0: 60.31%, 1: 39.69%
CHEMBL2114717 0: 69.29%, 1: 30.71%
CHEMBL2114718 0: 16.81%, 1: 83.19%
CHEMBL2114727 0: 16.96%, 1: 83.04%
CHEMBL2114728 0: 9.82%, 1: 90.18%
CHEMBL2114742 0: 33.90%, 1: 66.10%
CHEMBL2114748 0: 59.44%, 1: 40.56%
CHEMBL2114752 0: 15.02%, 1: 84.98%
CHEMBL2114764 0: 42.92%, 1: 57.08%
CHEMBL2114771 0: 64.02%, 1: 35.98%
CHEMBL2114791 0: 1.99%, 1: 98.01%
CHEMBL2114797 0: 42.41%, 1: 57.59%
CHEMBL2114803 0: 22.86%, 1: 77.14%
CHEMBL2114811 0: 10.16%, 1: 89.84%
CHEMBL2114814 0: 44.98%, 1: 55.02%
CHEMBL2114820 0: 16.31%, 1: 83.69%
CHEMBL2114823 0: 20.90%, 1: 79.10%
CHEMBL2114826 0: 50.79%, 1: 49.21%
CHEMBL2114827 0: 93.80%, 1: 6.20%
CHEMBL2114830 0: 20.17%, 1: 79.83%
CHEMBL2114839 0: 28.69%, 1: 71.31%
CHEMBL2114844 0: 32.59%, 1: 67.41%
CHEMBL2114847 0: 13.84%, 1: 86.16%
CHEMBL2114863 0: 33.55%, 1: 66.45%
CHEMBL2114874 0: 28.03%, 1: 71.97%
CHEMBL2114883 0: 44.95%, 1: 55.05%
CHEMBL2114914 0: 20.72%, 1: 79.28%
CHEMBL2114927 0: 84.11%, 1: 15.89%
CHEMBL2114928 0: 86.06%, 1: 13.94%
CHEMBL2114930 0: 4.68%, 1: 95.32%
CHEMBL2155446 0: 5.83%, 1: 94.17%
CHEMBL2303649 0: 68.09%, 1: 31.91%
CHEMBL2354206 0: 93.86%, 1: 6.14%
CHEMBL2354207 0: 15.46%, 1: 84.54%
CHEMBL2354217 0: 20.69%, 1: 79.31%
CHEMBL2354227 0: 21.70%, 1: 78.30%
CHEMBL2354228 0: 59.88%, 1: 40.12%
CHEMBL2354248 0: 96.55%, 1: 3.45%
CHEMBL2354260 0: 54.63%, 1: 45.37%
CHEMBL2354274 0: 5.26%, 1: 94.74%
CHEMBL2354276 0: 75.30%, 1: 24.70%
CHEMBL2354292 0: 77.91%, 1: 22.09%
CHEMBL2354303 0: 86.76%, 1: 13.24%
CHEMBL2354305 0: 14.37%, 1: 85.63%
CHEMBL2354307 0: 9.17%, 1: 90.83%
CHEMBL2363140 0: 68.70%, 1: 31.30%
CHEMBL2363141 0: 76.19%, 1: 23.81%
CHEMBL2363142 0: 60.20%, 1: 39.80%
CHEMBL2363146 0: 67.68%, 1: 32.32%
CHEMBL2363148 0: 67.68%, 1: 32.32%
CHEMBL2363152 0: 41.86%, 1: 58.14%
CHEMBL2363153 0: 34.07%, 1: 65.93%
CHEMBL2363154 0: 89.66%, 1: 10.34%
CHEMBL2363160 0: 68.69%, 1: 31.31%
CHEMBL2363165 0: 64.38%, 1: 35.62%
CHEMBL2363166 0: 62.50%, 1: 37.50%
CHEMBL2363167 0: 68.32%, 1: 31.68%
CHEMBL2363168 0: 59.76%, 1: 40.24%
CHEMBL2363169 0: 65.48%, 1: 34.52%
CHEMBL2363171 0: 74.75%, 1: 25.25%
CHEMBL2363174 0: 55.79%, 1: 44.21%
CHEMBL2363176 0: 36.67%, 1: 63.33%
CHEMBL2363178 0: 70.41%, 1: 29.59%
CHEMBL2363180 0: 72.57%, 1: 27.43%
CHEMBL2363184 0: 79.79%, 1: 20.21%
CHEMBL2363185 0: 49.02%, 1: 50.98%
CHEMBL2363187 0: 62.00%, 1: 38.00%
CHEMBL2363189 0: 42.57%, 1: 57.43%
CHEMBL2363197 0: 76.29%, 1: 23.71%
CHEMBL2363207 0: 67.31%, 1: 32.69%
CHEMBL2363208 0: 38.24%, 1: 61.76%
CHEMBL2363210 0: 50.00%, 1: 50.00%
CHEMBL2363211 0: 60.64%, 1: 39.36%
CHEMBL2363212 0: 48.57%, 1: 51.43%
CHEMBL2363213 0: 67.71%, 1: 32.29%
CHEMBL2363214 0: 50.52%, 1: 49.48%
CHEMBL2363215 0: 56.00%, 1: 44.00%
CHEMBL2363216 0: 46.53%, 1: 53.47%
CHEMBL2363218 0: 48.04%, 1: 51.96%
CHEMBL2363220 0: 54.21%, 1: 45.79%
CHEMBL2363221 0: 71.96%, 1: 28.04%
CHEMBL2363223 0: 57.30%, 1: 42.70%
CHEMBL2363224 0: 43.00%, 1: 57.00%
CHEMBL2363225 0: 62.89%, 1: 37.11%
CHEMBL2363227 0: 67.42%, 1: 32.58%
CHEMBL2363228 0: 51.22%, 1: 48.78%
CHEMBL2363230 0: 28.12%, 1: 71.88%
CHEMBL2363236 0: 69.44%, 1: 30.56%
CHEMBL2363238 0: 51.92%, 1: 48.08%
CHEMBL2363239 0: 53.61%, 1: 46.39%
CHEMBL2363242 0: 49.48%, 1: 50.52%
CHEMBL2363243 0: 50.00%, 1: 50.00%
CHEMBL2363245 0: 60.82%, 1: 39.18%
CHEMBL2363247 0: 58.06%, 1: 41.94%
CHEMBL2363248 0: 55.56%, 1: 44.44%
CHEMBL2363252 0: 46.24%, 1: 53.76%
CHEMBL2363253 0: 46.67%, 1: 53.33%
CHEMBL2363255 0: 73.20%, 1: 26.80%
CHEMBL2363263 0: 58.90%, 1: 41.10%
CHEMBL2363264 0: 58.76%, 1: 41.24%
CHEMBL2363265 0: 57.47%, 1: 42.53%
CHEMBL2363268 0: 57.14%, 1: 42.86%
CHEMBL2363269 0: 58.10%, 1: 41.90%
CHEMBL2363272 0: 56.73%, 1: 43.27%
CHEMBL2363273 0: 68.32%, 1: 31.68%
CHEMBL2363275 0: 56.19%, 1: 43.81%
CHEMBL2363277 0: 51.06%, 1: 48.94%
CHEMBL2363278 0: 44.44%, 1: 55.56%
CHEMBL2363283 0: 43.53%, 1: 56.47%
CHEMBL2363290 0: 65.05%, 1: 34.95%
CHEMBL2363294 0: 46.08%, 1: 53.92%
CHEMBL2363299 0: 46.51%, 1: 53.49%
CHEMBL2363307 0: 55.17%, 1: 44.83%
CHEMBL2363313 0: 54.26%, 1: 45.74%
CHEMBL2363314 0: 65.69%, 1: 34.31%
CHEMBL2363315 0: 63.89%, 1: 36.11%
CHEMBL2363317 0: 54.55%, 1: 45.45%
CHEMBL2363319 0: 70.18%, 1: 29.82%
CHEMBL2363321 0: 77.89%, 1: 22.11%
CHEMBL2363322 0: 68.27%, 1: 31.73%
CHEMBL2363324 0: 67.35%, 1: 32.65%
CHEMBL2363326 0: 50.94%, 1: 49.06%
CHEMBL2363327 0: 57.29%, 1: 42.71%
CHEMBL2363328 0: 71.43%, 1: 28.57%
CHEMBL2363330 0: 40.91%, 1: 59.09%
CHEMBL2363332 0: 51.43%, 1: 48.57%
CHEMBL2363333 0: 51.04%, 1: 48.96%
CHEMBL2363334 0: 48.21%, 1: 51.79%
CHEMBL2363335 0: 63.00%, 1: 37.00%
CHEMBL2363336 0: 63.04%, 1: 36.96%
CHEMBL2363337 0: 66.99%, 1: 33.01%
CHEMBL2363338 0: 48.11%, 1: 51.89%
CHEMBL2363339 0: 55.26%, 1: 44.74%
CHEMBL2363341 0: 70.75%, 1: 29.25%
CHEMBL2363343 0: 68.63%, 1: 31.37%
CHEMBL2363348 0: 66.32%, 1: 33.68%
CHEMBL2363349 0: 40.59%, 1: 59.41%
CHEMBL2363351 0: 38.64%, 1: 61.36%
CHEMBL2363352 0: 59.80%, 1: 40.20%
CHEMBL2363353 0: 59.41%, 1: 40.59%
CHEMBL2363363 0: 49.00%, 1: 51.00%
CHEMBL2363364 0: 71.70%, 1: 28.30%
CHEMBL2363366 0: 34.00%, 1: 66.00%
CHEMBL2363367 0: 69.52%, 1: 30.48%
CHEMBL2363368 0: 38.95%, 1: 61.05%
CHEMBL2363369 0: 46.94%, 1: 53.06%
CHEMBL2363370 0: 61.68%, 1: 38.32%
CHEMBL2363371 0: 66.29%, 1: 33.71%
CHEMBL2363373 0: 62.75%, 1: 37.25%
CHEMBL2363374 0: 57.55%, 1: 42.45%
CHEMBL2363375 0: 50.00%, 1: 50.00%
CHEMBL2363377 0: 45.00%, 1: 55.00%
CHEMBL2363383 0: 71.84%, 1: 28.16%
CHEMBL2363385 0: 52.43%, 1: 47.57%
CHEMBL2363387 0: 70.54%, 1: 29.46%
CHEMBL2363388 0: 62.89%, 1: 37.11%
CHEMBL2363389 0: 55.14%, 1: 44.86%
CHEMBL2363390 0: 65.74%, 1: 34.26%
CHEMBL2363391 0: 58.00%, 1: 42.00%
CHEMBL2363393 0: 63.74%, 1: 36.26%
CHEMBL2363395 0: 70.65%, 1: 29.35%
CHEMBL2363397 0: 42.86%, 1: 57.14%
CHEMBL2363403 0: 55.00%, 1: 45.00%
CHEMBL2363414 0: 42.11%, 1: 57.89%
CHEMBL2363420 0: 53.26%, 1: 46.74%
CHEMBL2363421 0: 83.78%, 1: 16.22%
CHEMBL2363425 0: 58.59%, 1: 41.41%
CHEMBL2363426 0: 50.57%, 1: 49.43%
CHEMBL2363432 0: 40.00%, 1: 60.00%
CHEMBL2363433 0: 54.37%, 1: 45.63%
CHEMBL2363434 0: 65.96%, 1: 34.04%
CHEMBL2363435 0: 60.82%, 1: 39.18%
CHEMBL2363437 0: 44.57%, 1: 55.43%
CHEMBL2363438 0: 47.25%, 1: 52.75%
CHEMBL2363440 0: 60.00%, 1: 40.00%
CHEMBL2363442 0: 62.92%, 1: 37.08%
CHEMBL2363443 0: 72.32%, 1: 27.68%
CHEMBL2363444 0: 24.00%, 1: 76.00%
CHEMBL2363445 0: 53.68%, 1: 46.32%
CHEMBL2363446 0: 54.64%, 1: 45.36%
CHEMBL2363447 0: 62.73%, 1: 37.27%
CHEMBL2363449 0: 84.47%, 1: 15.53%
CHEMBL2363452 0: 61.00%, 1: 39.00%
CHEMBL2363453 0: 67.44%, 1: 32.56%
CHEMBL2363454 0: 58.00%, 1: 42.00%
CHEMBL2363457 0: 58.25%, 1: 41.75%
CHEMBL2363458 0: 65.74%, 1: 34.26%
CHEMBL2363459 0: 48.15%, 1: 51.85%
CHEMBL2363464 0: 67.68%, 1: 32.32%
CHEMBL2363465 0: 69.61%, 1: 30.39%
CHEMBL2363467 0: 59.52%, 1: 40.48%
CHEMBL2363468 0: 66.67%, 1: 33.33%
CHEMBL2363469 0: 52.53%, 1: 47.47%
CHEMBL2363470 0: 77.48%, 1: 22.52%
CHEMBL2363477 0: 62.38%, 1: 37.62%
CHEMBL2363480 0: 52.08%, 1: 47.92%
CHEMBL2363481 0: 70.71%, 1: 29.29%
CHEMBL2363489 0: 61.54%, 1: 38.46%
CHEMBL2363492 0: 85.32%, 1: 14.68%
CHEMBL2363504 0: 59.80%, 1: 40.20%
CHEMBL2363507 0: 65.05%, 1: 34.95%
CHEMBL2363514 0: 75.00%, 1: 25.00%
CHEMBL2363516 0: 69.16%, 1: 30.84%
CHEMBL2363529 0: 71.70%, 1: 28.30%
CHEMBL2363531 0: 63.10%, 1: 36.90%
CHEMBL2363535 0: 55.10%, 1: 44.90%
CHEMBL2363541 0: 65.96%, 1: 34.04%
CHEMBL2363544 0: 60.82%, 1: 39.18%
CHEMBL2363546 0: 53.85%, 1: 46.15%
CHEMBL2363549 0: 73.40%, 1: 26.60%
CHEMBL2363552 0: 68.35%, 1: 31.65%
CHEMBL2363553 0: 47.42%, 1: 52.58%
CHEMBL2363555 0: 65.71%, 1: 34.29%
CHEMBL2363556 0: 52.53%, 1: 47.47%
CHEMBL2363557 0: 60.75%, 1: 39.25%
CHEMBL2363558 0: 34.95%, 1: 65.05%
CHEMBL2363559 0: 56.25%, 1: 43.75%
CHEMBL2363560 0: 56.57%, 1: 43.43%
CHEMBL2363561 0: 33.71%, 1: 66.29%
CHEMBL2363562 0: 48.04%, 1: 51.96%
CHEMBL2363568 0: 56.67%, 1: 43.33%
CHEMBL2363569 0: 52.43%, 1: 47.57%
CHEMBL2363572 0: 66.67%, 1: 33.33%
CHEMBL2363573 0: 52.34%, 1: 47.66%
CHEMBL2363575 0: 47.52%, 1: 52.48%
CHEMBL2363577 0: 54.55%, 1: 45.45%
CHEMBL2363581 0: 62.11%, 1: 37.89%
CHEMBL2363592 0: 51.72%, 1: 48.28%
CHEMBL2363593 0: 34.44%, 1: 65.56%
CHEMBL2363594 0: 73.63%, 1: 26.37%
CHEMBL2363599 0: 66.09%, 1: 33.91%
CHEMBL2363601 0: 48.62%, 1: 51.38%
CHEMBL2363609 0: 53.76%, 1: 46.24%
CHEMBL2363611 0: 71.96%, 1: 28.04%
CHEMBL2363612 0: 35.23%, 1: 64.77%
CHEMBL2363616 0: 55.14%, 1: 44.86%
CHEMBL2363618 0: 47.83%, 1: 52.17%
CHEMBL2363621 0: 58.95%, 1: 41.05%
CHEMBL2363623 0: 65.05%, 1: 34.95%
CHEMBL2363628 0: 81.25%, 1: 18.75%
CHEMBL2363630 0: 50.00%, 1: 50.00%
CHEMBL2363631 0: 54.26%, 1: 45.74%
CHEMBL2363633 0: 57.58%, 1: 42.42%
CHEMBL2363634 0: 49.07%, 1: 50.93%
CHEMBL2363635 0: 78.50%, 1: 21.50%
CHEMBL2363639 0: 53.77%, 1: 46.23%
CHEMBL2363642 0: 56.18%, 1: 43.82%
CHEMBL2363644 0: 75.76%, 1: 24.24%
CHEMBL2363645 0: 63.21%, 1: 36.79%
CHEMBL2363655 0: 55.66%, 1: 44.34%
CHEMBL2363656 0: 74.04%, 1: 25.96%
CHEMBL2363657 0: 39.78%, 1: 60.22%
CHEMBL2363659 0: 53.76%, 1: 46.24%
CHEMBL2363660 0: 53.40%, 1: 46.60%
CHEMBL2363664 0: 60.58%, 1: 39.42%
CHEMBL2363671 0: 60.22%, 1: 39.78%
CHEMBL2363688 0: 79.82%, 1: 20.18%
CHEMBL2363692 0: 53.64%, 1: 46.36%
CHEMBL2363695 0: 46.73%, 1: 53.27%
CHEMBL2363696 0: 55.67%, 1: 44.33%
CHEMBL2363697 0: 37.93%, 1: 62.07%
CHEMBL2363707 0: 54.26%, 1: 45.74%
CHEMBL2363713 0: 30.85%, 1: 69.15%
CHEMBL2363716 0: 51.55%, 1: 48.45%
CHEMBL2363719 0: 41.00%, 1: 59.00%
CHEMBL2363723 0: 64.10%, 1: 35.90%
CHEMBL2363725 0: 46.15%, 1: 53.85%
CHEMBL2363727 0: 52.63%, 1: 47.37%
CHEMBL2363728 0: 45.71%, 1: 54.29%
CHEMBL2363731 0: 67.96%, 1: 32.04%
CHEMBL2363734 0: 52.87%, 1: 47.13%
CHEMBL2363737 0: 42.86%, 1: 57.14%
CHEMBL2363739 0: 37.08%, 1: 62.92%
CHEMBL2363740 0: 70.19%, 1: 29.81%
CHEMBL2363743 0: 55.77%, 1: 44.23%
CHEMBL2363747 0: 41.67%, 1: 58.33%
CHEMBL2363748 0: 67.01%, 1: 32.99%
CHEMBL2363749 0: 48.45%, 1: 51.55%
CHEMBL2363753 0: 47.47%, 1: 52.53%
CHEMBL2363764 0: 73.21%, 1: 26.79%
CHEMBL2363766 0: 32.67%, 1: 67.33%
CHEMBL2363767 0: 55.79%, 1: 44.21%
CHEMBL2363771 0: 60.19%, 1: 39.81%
CHEMBL2363774 0: 76.92%, 1: 23.08%
CHEMBL2363788 0: 53.61%, 1: 46.39%
CHEMBL2363789 0: 51.96%, 1: 48.04%
CHEMBL2363790 0: 42.11%, 1: 57.89%
CHEMBL2363793 0: 64.95%, 1: 35.05%
CHEMBL2363794 0: 66.02%, 1: 33.98%
CHEMBL2363795 0: 45.71%, 1: 54.29%
CHEMBL2363796 0: 57.89%, 1: 42.11%
CHEMBL2363798 0: 67.00%, 1: 33.00%
CHEMBL2363799 0: 57.89%, 1: 42.11%
CHEMBL2363800 0: 63.29%, 1: 36.71%
CHEMBL2363803 0: 50.49%, 1: 49.51%
CHEMBL2363809 0: 65.38%, 1: 34.62%
CHEMBL2363811 0: 73.53%, 1: 26.47%
CHEMBL2363814 0: 63.92%, 1: 36.08%
CHEMBL2363820 0: 47.12%, 1: 52.88%
CHEMBL2363830 0: 65.69%, 1: 34.31%
CHEMBL2363831 0: 70.10%, 1: 29.90%
CHEMBL2363834 0: 64.65%, 1: 35.35%
CHEMBL2363836 0: 58.00%, 1: 42.00%
CHEMBL2363839 0: 50.00%, 1: 50.00%
CHEMBL2363846 0: 65.98%, 1: 34.02%
CHEMBL2363847 0: 68.81%, 1: 31.19%
CHEMBL2363851 0: 57.47%, 1: 42.53%
CHEMBL2378059 0: 2.84%, 1: 97.16%
CHEMBL2449559 0: 17.37%, 1: 82.63%
CHEMBL3079731 0: 11.76%, 1: 88.24%
CHEMBL3111191 0: 87.27%, 1: 12.73%
CHEMBL3111192 0: 90.00%, 1: 10.00%
CHEMBL3111194 0: 87.27%, 1: 12.73%
CHEMBL3111195 0: 74.55%, 1: 25.45%
CHEMBL3111197 0: 87.27%, 1: 12.73%
CHEMBL3111198 0: 74.55%, 1: 25.45%
CHEMBL3214782 0: 16.53%, 1: 83.47%
CHEMBL3214794 0: 64.60%, 1: 35.40%
CHEMBL3214801 0: 28.46%, 1: 71.54%
CHEMBL3214806 0: 9.62%, 1: 90.38%
CHEMBL3214812 0: 33.19%, 1: 66.81%
CHEMBL3214816 0: 25.43%, 1: 74.57%
CHEMBL3214828 0: 52.68%, 1: 47.32%
CHEMBL3214851 0: 77.02%, 1: 22.98%
CHEMBL3214907 0: 48.12%, 1: 51.88%
CHEMBL3214930 0: 79.15%, 1: 20.85%
CHEMBL3214958 0: 69.31%, 1: 30.69%
CHEMBL3214959 0: 31.09%, 1: 68.91%
CHEMBL3214965 0: 62.10%, 1: 37.90%
CHEMBL3214981 0: 10.62%, 1: 89.38%
CHEMBL3214985 0: 74.42%, 1: 25.58%
CHEMBL3214997 0: 27.27%, 1: 72.73%
CHEMBL3215006 0: 73.18%, 1: 26.82%
CHEMBL3215034 0: 39.87%, 1: 60.13%
CHEMBL3215078 0: 41.84%, 1: 58.16%
CHEMBL3215092 0: 57.98%, 1: 42.02%
CHEMBL3215112 0: 7.48%, 1: 92.52%
CHEMBL3215116 0: 83.87%, 1: 16.13%
CHEMBL3215128 0: 14.05%, 1: 85.95%
CHEMBL3215132 0: 12.28%, 1: 87.72%
CHEMBL3215144 0: 18.35%, 1: 81.65%
CHEMBL3215154 0: 44.44%, 1: 55.56%
CHEMBL3215158 0: 12.59%, 1: 87.41%
CHEMBL3215171 0: 97.98%, 1: 2.02%
CHEMBL3215176 0: 91.72%, 1: 8.28%
CHEMBL3215216 0: 15.79%, 1: 84.21%
CHEMBL3215228 0: 88.71%, 1: 11.29%
CHEMBL3215266 0: 9.17%, 1: 90.83%
CHEMBL3215276 0: 7.46%, 1: 92.54%
CHEMBL618396 0: 13.51%, 1: 86.49%
CHEMBL641707 0: 64.29%, 1: 35.71%
CHEMBL648337 0: 25.86%, 1: 74.14%
CHEMBL653167 0: 11.76%, 1: 88.24%
CHEMBL663474 0: 14.74%, 1: 85.26%
CHEMBL681296 0: 5.56%, 1: 94.44%
CHEMBL687330 0: 52.70%, 1: 47.30%
CHEMBL698689 0: 6.48%, 1: 93.52%
CHEMBL763093 0: 26.53%, 1: 73.47%
CHEMBL772766 0: 71.25%, 1: 28.75%
CHEMBL806152 0: 48.08%, 1: 51.92%
CHEMBL829401 0: 10.53%, 1: 89.47%
CHEMBL830839 0: 3.07%, 1: 96.93%
CHEMBL830842 0: 10.53%, 1: 89.47%
CHEMBL856174 0: 2.44%, 1: 97.56%
CHEMBL864855 0: 8.99%, 1: 91.01%
CHEMBL872182 0: 63.29%, 1: 36.71%
CHEMBL914418 0: 14.93%, 1: 85.07%
CHEMBL918058 0: 93.33%, 1: 6.67%
CHEMBL938648 0: 14.42%, 1: 85.58%
Total size = 29,384 | train size = 23,507 | val size = 2,938 | test size = 2,939
Building model 0
MoleculeModel(
  (sigmoid): Sigmoid()
  (encoder): MPN(
    (encoder): MPNEncoder(
      (dropout_layer): Dropout(p=0.2, inplace=False)
      (act_func): ReLU()
      (W_i): Linear(in_features=147, out_features=300, bias=False)
      (W_h): Linear(in_features=300, out_features=300, bias=False)
      (W_o): Linear(in_features=433, out_features=300, bias=True)
    )
  )
  (ffn): Sequential(
    (0): Dropout(p=0.2, inplace=False)
    (1): Linear(in_features=300, out_features=400, bias=True)
    (2): ReLU()
    (3): Dropout(p=0.2, inplace=False)
    (4): Linear(in_features=400, out_features=622, bias=True)
  )
)
Number of parameters = 634,122
Moving model to cuda
  0% 0/30 [00:00<?, ?it/s]Epoch 0

  0% 0/471 [00:00<?, ?it/s][A
  0% 1/471 [00:01<08:49,  1.13s/it][A
  1% 3/471 [00:02<08:18,  1.07s/it][A
  1% 6/471 [00:03<05:55,  1.31it/s][ALoss = 1.3788e-02, PNorm = 40.9488, GNorm = 0.4397, lr_0 = 1.1053e-04

  2% 11/471 [00:04<04:31,  1.70it/s][A
  3% 13/471 [00:04<03:19,  2.29it/s][A
  3% 14/471 [00:05<04:51,  1.57it/s][A
  4% 19/471 [00:05<03:29,  2.16it/s][ALoss = 1.3711e-02, PNorm = 40.9499, GNorm = 0.4578, lr_0 = 1.2011e-04

  5% 22/471 [00:05<02:32,  2.94it/s][A
  6% 27/471 [00:06<01:52,  3.94it/s][ALoss = 1.3791e-02, PNorm = 40.9506, GNorm = 0.3599, lr_0 = 1.2968e-04

  6% 30/471 [00:06<01:25,  5.17it/s][A
  7% 35/471 [00:06<01:06,  6.60it/s][A
  8% 38/471 [00:06<00:52,  8.19it/s][ALoss = 1.3555e-02, PNorm = 40.9523, GNorm = 0.4422, lr_0 = 1.3926e-04

  9% 43/471 [00:06<00:43,  9.88it/s][A
 10% 46/471 [00:07<00:36, 11.77it/s][ALoss = 1.3261e-02, PNorm = 40.9558, GNorm = 0.4890, lr_0 = 1.4883e-04

 11% 51/471 [00:07<00:31, 13.36it/s][A
 11% 54/471 [00:07<00:28, 14.76it/s][A
 13% 59/471 [00:07<00:25, 15.97it/s][ALoss = 1.3211e-02, PNorm = 40.9603, GNorm = 0.6120, lr_0 = 1.5840e-04

 13% 62/471 [00:07<00:24, 17.03it/s][A
 14% 67/471 [00:08<00:22, 17.90it/s][ALoss = 1.2806e-02, PNorm = 40.9663, GNorm = 0.6901, lr_0 = 1.6798e-04

 15% 70/471 [00:08<00:21, 18.85it/s][A
 16% 75/471 [00:08<00:20, 19.02it/s][A
 17% 78/471 [00:08<00:19, 19.72it/s][ALoss = 1.2235e-02, PNorm = 40.9735, GNorm = 0.8459, lr_0 = 1.7755e-04

 18% 83/471 [00:08<00:19, 19.84it/s][A
 18% 86/471 [00:08<00:19, 20.25it/s][ALoss = 1.1746e-02, PNorm = 40.9812, GNorm = 0.9125, lr_0 = 1.8713e-04

 19% 91/471 [00:09<00:18, 20.74it/s][A
 20% 94/471 [00:09<00:18, 20.52it/s][A
 21% 99/471 [00:09<00:18, 20.44it/s][ALoss = 1.1939e-02, PNorm = 40.9856, GNorm = 0.9663, lr_0 = 1.9670e-04

 22% 102/471 [00:10<00:49,  7.42it/s][A
 23% 107/471 [00:10<00:39,  9.17it/s][ALoss = 1.2000e-02, PNorm = 40.9874, GNorm = 0.9170, lr_0 = 2.0628e-04

 23% 110/471 [00:11<00:32, 10.94it/s][A
 24% 115/471 [00:11<00:27, 13.08it/s][A
 25% 118/471 [00:11<00:24, 14.62it/s][ALoss = 1.0831e-02, PNorm = 40.9929, GNorm = 0.9337, lr_0 = 2.1585e-04

 26% 123/471 [00:11<00:19, 17.71it/s][A
 27% 126/471 [00:11<00:19, 17.44it/s][ALoss = 1.1386e-02, PNorm = 40.9981, GNorm = 0.9841, lr_0 = 2.2543e-04

 28% 131/471 [00:11<00:16, 20.63it/s][A
 28% 134/471 [00:12<00:17, 19.64it/s][A
 30% 139/471 [00:12<00:14, 23.03it/s][ALoss = 1.1716e-02, PNorm = 41.0021, GNorm = 1.0804, lr_0 = 2.3500e-04

 30% 142/471 [00:12<00:14, 22.28it/s][A
 31% 147/471 [00:12<00:12, 25.81it/s][ALoss = 1.1826e-02, PNorm = 41.0025, GNorm = 0.8220, lr_0 = 2.4457e-04

 32% 151/471 [00:14<00:49,  6.51it/s][A
 33% 155/471 [00:14<00:36,  8.57it/s][A
 34% 158/471 [00:14<00:30, 10.20it/s][ALoss = 1.1612e-02, PNorm = 41.0045, GNorm = 0.6681, lr_0 = 2.5415e-04

 35% 163/471 [00:15<00:49,  6.27it/s][A
 35% 165/471 [00:16<00:39,  7.75it/s][A
 36% 169/471 [00:16<00:29, 10.10it/s][ALoss = 1.1236e-02, PNorm = 41.0096, GNorm = 0.8242, lr_0 = 2.6372e-04

 37% 173/471 [00:18<01:03,  4.71it/s][A
 38% 178/471 [00:18<00:45,  6.42it/s][ALoss = 1.1353e-02, PNorm = 41.0146, GNorm = 0.8447, lr_0 = 2.7330e-04

 38% 181/471 [00:18<00:37,  7.81it/s][A
 39% 184/471 [00:19<00:45,  6.28it/s][A
 40% 188/471 [00:19<00:34,  8.30it/s][ALoss = 1.0270e-02, PNorm = 41.0199, GNorm = 0.7960, lr_0 = 2.8287e-04

 41% 191/471 [00:19<00:28,  9.84it/s][A
 41% 195/471 [00:19<00:22, 12.50it/s][A
 42% 198/471 [00:19<00:19, 13.88it/s][ALoss = 1.1470e-02, PNorm = 41.0220, GNorm = 0.9918, lr_0 = 2.9245e-04

 43% 203/471 [00:19<00:15, 16.90it/s][A
 44% 206/471 [00:19<00:15, 17.33it/s][ALoss = 1.0732e-02, PNorm = 41.0237, GNorm = 0.7298, lr_0 = 3.0202e-04

 45% 211/471 [00:20<00:12, 20.67it/s][A
 45% 214/471 [00:20<00:31,  8.26it/s][A
 46% 219/471 [00:21<00:23, 10.73it/s][ALoss = 1.0865e-02, PNorm = 41.0299, GNorm = 0.5357, lr_0 = 3.1160e-04

 47% 222/471 [00:21<00:20, 12.16it/s][A
 48% 227/471 [00:21<00:16, 15.15it/s][ALoss = 1.1164e-02, PNorm = 41.0347, GNorm = 0.4434, lr_0 = 3.2117e-04

 49% 230/471 [00:21<00:14, 16.21it/s][A
