wandb: Tracking run with wandb version 0.9.3
wandb: Wandb version 0.9.4 is available!  To upgrade, please run:
wandb:  $ pip install wandb --upgrade
wandb: Run data is saved locally in wandb/run-20200808_154151-3r8y4xjv
wandb: Syncing run less_128_random_split
wandb: ⭐️ View project at https://app.wandb.ai/apappu97/molecule-metalearning
wandb: 🚀 View run at https://app.wandb.ai/apappu97/molecule-metalearning/runs/3r8y4xjv
wandb: Run `wandb off` to turn off syncing.

Fold 0
Command line
python chemprop/train.py --data_path filtered_chembl/chembl_less_128_instances.csv --dataset_type classification --split_type random --dropout 0.2 --num_folds 1 --epochs 30 --results_save_dir results/motivational/chemprop/ --experiment_name less_128_random_split
Args
{'activation': 'ReLU',
 'atom_messages': False,
 'batch_size': 50,
 'bias': False,
 'cache_cutoff': 10000,
 'checkpoint_dir': None,
 'checkpoint_path': None,
 'checkpoint_paths': None,
 'chembl_assay_metadata_pickle_path': None,
 'class_balance': False,
 'config_path': None,
 'crossval_index_dir': None,
 'crossval_index_file': None,
 'crossval_index_sets': None,
 'data_path': 'filtered_chembl/chembl_less_128_instances.csv',
 'dataset_type': 'classification',
 'depth': 3,
 'dropout': 0.2,
 'ensemble_size': 1,
 'epochs': 30,
 'experiment_name': 'less_128_random_split',
 'features_generator': None,
 'features_only': False,
 'features_path': None,
 'features_size': None,
 'ffn_hidden_size': 400,
 'ffn_num_layers': 2,
 'final_lr': 0.0001,
 'folds_file': None,
 'gpu': None,
 'hidden_size': 300,
 'init_lr': 0.0001,
 'log_frequency': 10,
 'max_data_size': None,
 'max_lr': 0.001,
 'meta_split_sizes_BF': (10, 10),
 'metric': 'auc',
 'minimize_score': False,
 'multiclass_num_classes': 3,
 'no_cuda': False,
 'no_features_scaling': False,
 'num_folds': 1,
 'num_lrs': 1,
 'num_tasks': None,
 'num_workers': 8,
 'pytorch_seed': 0,
 'quiet': False,
 'results_save_dir': 'results/motivational/chemprop/',
 'save_dir': '/tmp/2321739.2.gpu.q/tmpifnlgvf8/fold_0',
 'save_smiles_splits': False,
 'seed': 0,
 'seeds': None,
 'separate_test_features_path': None,
 'separate_test_path': None,
 'separate_val_features_path': None,
 'separate_val_path': None,
 'show_individual_scores': False,
 'smiles_column': None,
 'split_sizes': (0.8, 0.1, 0.1),
 'split_type': 'random',
 'target_columns': None,
 'task_names': None,
 'test': False,
 'test_fold_index': None,
 'train_data_size': None,
 'undirected': False,
 'use_input_features': False,
 'val_fold_index': None,
 'warmup_epochs': 2.0}
Loading data
0it [00:00, ?it/s]587it [00:00, 5587.48it/s]1145it [00:00, 5501.29it/s]1699it [00:00, 5497.54it/s]2256it [00:00, 5474.94it/s]2938it [00:00, 5818.33it/s]3452it [00:00, 5594.95it/s]3952it [00:00, 4455.05it/s]4393it [00:00, 4282.57it/s]5020it [00:00, 4731.62it/s]5537it [00:01, 4331.88it/s]6075it [00:01, 4600.22it/s]6551it [00:01, 3955.18it/s]6974it [00:01, 3474.35it/s]7801it [00:01, 4194.36it/s]8309it [00:01, 4265.06it/s]8935it [00:01, 4715.50it/s]9494it [00:01, 4930.60it/s]9964it [00:02, 4720.73it/s]
  0% 0/9964 [00:00<?, ?it/s]100% 9964/9964 [00:00<00:00, 643093.05it/s]
  0% 0/9964 [00:00<?, ?it/s]  4% 407/9964 [00:00<00:02, 3985.58it/s]  7% 715/9964 [00:00<00:02, 3661.49it/s] 10% 1025/9964 [00:00<00:02, 3471.56it/s] 13% 1342/9964 [00:00<00:02, 3303.76it/s] 17% 1669/9964 [00:00<00:02, 3293.20it/s] 22% 2192/9964 [00:00<00:02, 3704.15it/s] 27% 2728/9964 [00:00<00:01, 4081.59it/s] 33% 3261/9964 [00:00<00:01, 4389.04it/s] 37% 3702/9964 [00:00<00:01, 4377.06it/s] 42% 4204/9964 [00:01<00:01, 4551.25it/s] 47% 4721/9964 [00:01<00:01, 4720.66it/s] 52% 5197/9964 [00:01<00:01, 4480.19it/s] 57% 5650/9964 [00:01<00:01, 3712.12it/s] 61% 6047/9964 [00:01<00:01, 3329.72it/s] 66% 6573/9964 [00:01<00:00, 3740.37it/s] 71% 7097/9964 [00:01<00:00, 4089.26it/s] 76% 7620/9964 [00:01<00:00, 4373.91it/s] 82% 8144/9964 [00:01<00:00, 4600.92it/s] 87% 8635/9964 [00:02<00:00, 4689.40it/s] 92% 9121/9964 [00:02<00:00, 4587.92it/s] 96% 9593/9964 [00:02<00:00, 4604.23it/s]100% 9964/9964 [00:02<00:00, 4277.18it/s]
Number of tasks = 397
Splitting data with seed 0
Class sizes
CHEMBL1002712 0: 27.00%, 1: 73.00%
CHEMBL1022010 0: 6.90%, 1: 93.10%
CHEMBL1024480 0: 89.58%, 1: 10.42%
CHEMBL1026933 0: 40.85%, 1: 59.15%
CHEMBL1026934 0: 5.61%, 1: 94.39%
CHEMBL1031359 0: 4.00%, 1: 96.00%
CHEMBL1034533 0: 17.31%, 1: 82.69%
CHEMBL1034535 0: 46.15%, 1: 53.85%
CHEMBL1167052 0: 17.78%, 1: 82.22%
CHEMBL1169087 0: 77.78%, 1: 22.22%
CHEMBL1243969 0: 20.17%, 1: 79.83%
CHEMBL1243971 0: 48.89%, 1: 51.11%
CHEMBL1243975 0: 51.38%, 1: 48.62%
CHEMBL1243977 0: 31.19%, 1: 68.81%
CHEMBL1243978 0: 27.12%, 1: 72.88%
CHEMBL1613775 0: 40.78%, 1: 59.22%
CHEMBL1613806 0: 49.11%, 1: 50.89%
CHEMBL1613812 0: 7.35%, 1: 92.65%
CHEMBL1613821 0: 13.79%, 1: 86.21%
CHEMBL1613859 0: 72.94%, 1: 27.06%
CHEMBL1613893 0: 74.40%, 1: 25.60%
CHEMBL1613903 0: 56.44%, 1: 43.56%
CHEMBL1613956 0: 37.82%, 1: 62.18%
CHEMBL1613980 0: 84.92%, 1: 15.08%
CHEMBL1613998 0: 15.74%, 1: 84.26%
CHEMBL1614007 0: 13.33%, 1: 86.67%
CHEMBL1614008 0: 38.40%, 1: 61.60%
CHEMBL1614044 0: 23.88%, 1: 76.12%
CHEMBL1614056 0: 81.19%, 1: 18.81%
CHEMBL1614070 0: 18.75%, 1: 81.25%
CHEMBL1614083 0: 94.44%, 1: 5.56%
CHEMBL1614086 0: 5.94%, 1: 94.06%
CHEMBL1614117 0: 16.35%, 1: 83.65%
CHEMBL1614147 0: 7.78%, 1: 92.22%
CHEMBL1614154 0: 9.52%, 1: 90.48%
CHEMBL1614177 0: 94.85%, 1: 5.15%
CHEMBL1614210 0: 60.16%, 1: 39.84%
CHEMBL1614220 0: 32.80%, 1: 67.20%
CHEMBL1614225 0: 62.50%, 1: 37.50%
CHEMBL1614226 0: 81.15%, 1: 18.85%
CHEMBL1614231 0: 46.96%, 1: 53.04%
CHEMBL1614265 0: 26.51%, 1: 73.49%
CHEMBL1614267 0: 29.46%, 1: 70.54%
CHEMBL1614273 0: 51.97%, 1: 48.03%
CHEMBL1614283 0: 52.89%, 1: 47.11%
CHEMBL1614308 0: 50.82%, 1: 49.18%
CHEMBL1614310 0: 51.81%, 1: 48.19%
CHEMBL1614321 0: 60.16%, 1: 39.84%
CHEMBL1614338 0: 15.00%, 1: 85.00%
CHEMBL1614345 0: 39.50%, 1: 60.50%
CHEMBL1614355 0: 4.11%, 1: 95.89%
CHEMBL1614362 0: 19.17%, 1: 80.83%
CHEMBL1614373 0: 30.84%, 1: 69.16%
CHEMBL1614376 0: 4.07%, 1: 95.93%
CHEMBL1614380 0: 78.10%, 1: 21.90%
CHEMBL1614405 0: 50.94%, 1: 49.06%
CHEMBL1614408 0: 33.33%, 1: 66.67%
CHEMBL1614417 0: 27.19%, 1: 72.81%
CHEMBL1614450 0: 10.32%, 1: 89.68%
CHEMBL1614462 0: 65.35%, 1: 34.65%
CHEMBL1614463 0: 49.61%, 1: 50.39%
CHEMBL1614465 0: 20.00%, 1: 80.00%
CHEMBL1614478 0: 12.50%, 1: 87.50%
CHEMBL1614479 0: 8.49%, 1: 91.51%
CHEMBL1614482 0: 59.82%, 1: 40.18%
CHEMBL1614486 0: 40.48%, 1: 59.52%
CHEMBL1614518 0: 45.69%, 1: 54.31%
CHEMBL1614525 0: 52.00%, 1: 48.00%
CHEMBL1614539 0: 14.12%, 1: 85.88%
CHEMBL1670561 0: 15.13%, 1: 84.87%
CHEMBL1737862 0: 25.69%, 1: 74.31%
CHEMBL1738092 0: 13.76%, 1: 86.24%
CHEMBL1738192 0: 83.17%, 1: 16.83%
CHEMBL1738246 0: 14.52%, 1: 85.48%
CHEMBL1738313 0: 57.69%, 1: 42.31%
CHEMBL1738423 0: 76.15%, 1: 23.85%
CHEMBL1738514 0: 26.73%, 1: 73.27%
CHEMBL1738619 0: 83.17%, 1: 16.83%
CHEMBL1738684 0: 13.21%, 1: 86.79%
CHEMBL1794367 0: 42.52%, 1: 57.48%
CHEMBL1794400 0: 35.59%, 1: 64.41%
CHEMBL1794420 0: 54.46%, 1: 45.54%
CHEMBL1794455 0: 52.48%, 1: 47.52%
CHEMBL1794498 0: 53.47%, 1: 46.53%
CHEMBL1804798 0: 71.83%, 1: 28.17%
CHEMBL1820680 0: 46.81%, 1: 53.19%
CHEMBL1827362 0: 25.62%, 1: 74.38%
CHEMBL1963849 0: 21.77%, 1: 78.23%
CHEMBL1963857 0: 39.45%, 1: 60.55%
CHEMBL1963899 0: 24.19%, 1: 75.81%
CHEMBL1964046 0: 36.29%, 1: 63.71%
CHEMBL1964055 0: 10.00%, 1: 90.00%
CHEMBL2045986 0: 7.37%, 1: 92.63%
CHEMBL2091156 0: 19.10%, 1: 80.90%
CHEMBL2114717 0: 69.29%, 1: 30.71%
CHEMBL2114718 0: 16.81%, 1: 83.19%
CHEMBL2114803 0: 22.86%, 1: 77.14%
CHEMBL2114826 0: 50.79%, 1: 49.21%
CHEMBL2114883 0: 44.95%, 1: 55.05%
CHEMBL2114914 0: 20.72%, 1: 79.28%
CHEMBL2114927 0: 84.11%, 1: 15.89%
CHEMBL2155446 0: 5.83%, 1: 94.17%
CHEMBL2303649 0: 68.09%, 1: 31.91%
CHEMBL2354260 0: 54.63%, 1: 45.37%
CHEMBL2354307 0: 9.17%, 1: 90.83%
CHEMBL2363140 0: 68.70%, 1: 31.30%
CHEMBL2363141 0: 76.19%, 1: 23.81%
CHEMBL2363142 0: 60.20%, 1: 39.80%
CHEMBL2363146 0: 67.68%, 1: 32.32%
CHEMBL2363148 0: 67.68%, 1: 32.32%
CHEMBL2363152 0: 41.86%, 1: 58.14%
CHEMBL2363153 0: 34.07%, 1: 65.93%
CHEMBL2363154 0: 89.66%, 1: 10.34%
CHEMBL2363160 0: 68.69%, 1: 31.31%
CHEMBL2363165 0: 64.38%, 1: 35.62%
CHEMBL2363166 0: 62.50%, 1: 37.50%
CHEMBL2363167 0: 68.32%, 1: 31.68%
CHEMBL2363168 0: 59.76%, 1: 40.24%
CHEMBL2363169 0: 65.48%, 1: 34.52%
CHEMBL2363171 0: 74.75%, 1: 25.25%
CHEMBL2363174 0: 55.79%, 1: 44.21%
CHEMBL2363176 0: 36.67%, 1: 63.33%
CHEMBL2363178 0: 70.41%, 1: 29.59%
CHEMBL2363180 0: 72.57%, 1: 27.43%
CHEMBL2363184 0: 79.79%, 1: 20.21%
CHEMBL2363185 0: 49.02%, 1: 50.98%
CHEMBL2363187 0: 62.00%, 1: 38.00%
CHEMBL2363189 0: 42.57%, 1: 57.43%
CHEMBL2363197 0: 76.29%, 1: 23.71%
CHEMBL2363207 0: 67.31%, 1: 32.69%
CHEMBL2363208 0: 38.24%, 1: 61.76%
CHEMBL2363210 0: 50.00%, 1: 50.00%
CHEMBL2363211 0: 60.64%, 1: 39.36%
CHEMBL2363212 0: 48.57%, 1: 51.43%
CHEMBL2363213 0: 67.71%, 1: 32.29%
CHEMBL2363214 0: 50.52%, 1: 49.48%
CHEMBL2363215 0: 56.00%, 1: 44.00%
CHEMBL2363216 0: 46.53%, 1: 53.47%
CHEMBL2363218 0: 48.04%, 1: 51.96%
CHEMBL2363220 0: 54.21%, 1: 45.79%
CHEMBL2363221 0: 71.96%, 1: 28.04%
CHEMBL2363223 0: 57.30%, 1: 42.70%
CHEMBL2363224 0: 43.00%, 1: 57.00%
CHEMBL2363225 0: 62.89%, 1: 37.11%
CHEMBL2363227 0: 67.42%, 1: 32.58%
CHEMBL2363228 0: 51.22%, 1: 48.78%
CHEMBL2363230 0: 28.12%, 1: 71.88%
CHEMBL2363236 0: 69.44%, 1: 30.56%
CHEMBL2363238 0: 51.92%, 1: 48.08%
CHEMBL2363239 0: 53.61%, 1: 46.39%
CHEMBL2363242 0: 49.48%, 1: 50.52%
CHEMBL2363243 0: 50.00%, 1: 50.00%
CHEMBL2363245 0: 60.82%, 1: 39.18%
CHEMBL2363247 0: 58.06%, 1: 41.94%
CHEMBL2363248 0: 55.56%, 1: 44.44%
CHEMBL2363252 0: 46.24%, 1: 53.76%
CHEMBL2363253 0: 46.67%, 1: 53.33%
CHEMBL2363255 0: 73.20%, 1: 26.80%
CHEMBL2363263 0: 58.90%, 1: 41.10%
CHEMBL2363264 0: 58.76%, 1: 41.24%
CHEMBL2363265 0: 57.47%, 1: 42.53%
CHEMBL2363268 0: 57.14%, 1: 42.86%
CHEMBL2363269 0: 58.10%, 1: 41.90%
CHEMBL2363272 0: 56.73%, 1: 43.27%
CHEMBL2363273 0: 68.32%, 1: 31.68%
CHEMBL2363275 0: 56.19%, 1: 43.81%
CHEMBL2363277 0: 51.06%, 1: 48.94%
CHEMBL2363278 0: 44.44%, 1: 55.56%
CHEMBL2363283 0: 43.53%, 1: 56.47%
CHEMBL2363290 0: 65.05%, 1: 34.95%
CHEMBL2363294 0: 46.08%, 1: 53.92%
CHEMBL2363299 0: 46.51%, 1: 53.49%
CHEMBL2363307 0: 55.17%, 1: 44.83%
CHEMBL2363313 0: 54.26%, 1: 45.74%
CHEMBL2363314 0: 65.69%, 1: 34.31%
CHEMBL2363315 0: 63.89%, 1: 36.11%
CHEMBL2363317 0: 54.55%, 1: 45.45%
CHEMBL2363319 0: 70.18%, 1: 29.82%
CHEMBL2363321 0: 77.89%, 1: 22.11%
CHEMBL2363322 0: 68.27%, 1: 31.73%
CHEMBL2363324 0: 67.35%, 1: 32.65%
CHEMBL2363326 0: 50.94%, 1: 49.06%
CHEMBL2363327 0: 57.29%, 1: 42.71%
CHEMBL2363328 0: 71.43%, 1: 28.57%
CHEMBL2363330 0: 40.91%, 1: 59.09%
CHEMBL2363332 0: 51.43%, 1: 48.57%
CHEMBL2363333 0: 51.04%, 1: 48.96%
CHEMBL2363334 0: 48.21%, 1: 51.79%
CHEMBL2363335 0: 63.00%, 1: 37.00%
CHEMBL2363336 0: 63.04%, 1: 36.96%
CHEMBL2363337 0: 66.99%, 1: 33.01%
CHEMBL2363338 0: 48.11%, 1: 51.89%
CHEMBL2363339 0: 55.26%, 1: 44.74%
CHEMBL2363341 0: 70.75%, 1: 29.25%
CHEMBL2363343 0: 68.63%, 1: 31.37%
CHEMBL2363348 0: 66.32%, 1: 33.68%
CHEMBL2363349 0: 40.59%, 1: 59.41%
CHEMBL2363351 0: 38.64%, 1: 61.36%
CHEMBL2363352 0: 59.80%, 1: 40.20%
CHEMBL2363353 0: 59.41%, 1: 40.59%
CHEMBL2363363 0: 49.00%, 1: 51.00%
CHEMBL2363364 0: 71.70%, 1: 28.30%
CHEMBL2363366 0: 34.00%, 1: 66.00%
CHEMBL2363367 0: 69.52%, 1: 30.48%
CHEMBL2363368 0: 38.95%, 1: 61.05%
CHEMBL2363369 0: 46.94%, 1: 53.06%
CHEMBL2363370 0: 61.68%, 1: 38.32%
CHEMBL2363371 0: 66.29%, 1: 33.71%
CHEMBL2363373 0: 62.75%, 1: 37.25%
CHEMBL2363374 0: 57.55%, 1: 42.45%
CHEMBL2363375 0: 50.00%, 1: 50.00%
CHEMBL2363377 0: 45.00%, 1: 55.00%
CHEMBL2363383 0: 71.84%, 1: 28.16%
CHEMBL2363385 0: 52.43%, 1: 47.57%
CHEMBL2363387 0: 70.54%, 1: 29.46%
CHEMBL2363388 0: 62.89%, 1: 37.11%
CHEMBL2363389 0: 55.14%, 1: 44.86%
CHEMBL2363390 0: 65.74%, 1: 34.26%
CHEMBL2363391 0: 58.00%, 1: 42.00%
CHEMBL2363393 0: 63.74%, 1: 36.26%
CHEMBL2363395 0: 70.65%, 1: 29.35%
CHEMBL2363397 0: 42.86%, 1: 57.14%
CHEMBL2363403 0: 55.00%, 1: 45.00%
CHEMBL2363414 0: 42.11%, 1: 57.89%
CHEMBL2363420 0: 53.26%, 1: 46.74%
CHEMBL2363421 0: 83.78%, 1: 16.22%
CHEMBL2363425 0: 58.59%, 1: 41.41%
CHEMBL2363426 0: 50.57%, 1: 49.43%
CHEMBL2363432 0: 40.00%, 1: 60.00%
CHEMBL2363433 0: 54.37%, 1: 45.63%
CHEMBL2363434 0: 65.96%, 1: 34.04%
CHEMBL2363435 0: 60.82%, 1: 39.18%
CHEMBL2363437 0: 44.57%, 1: 55.43%
CHEMBL2363438 0: 47.25%, 1: 52.75%
CHEMBL2363440 0: 60.00%, 1: 40.00%
CHEMBL2363442 0: 62.92%, 1: 37.08%
CHEMBL2363443 0: 72.32%, 1: 27.68%
CHEMBL2363444 0: 24.00%, 1: 76.00%
CHEMBL2363445 0: 53.68%, 1: 46.32%
CHEMBL2363446 0: 54.64%, 1: 45.36%
CHEMBL2363447 0: 62.73%, 1: 37.27%
CHEMBL2363449 0: 84.47%, 1: 15.53%
CHEMBL2363452 0: 61.00%, 1: 39.00%
CHEMBL2363453 0: 67.44%, 1: 32.56%
CHEMBL2363454 0: 58.00%, 1: 42.00%
CHEMBL2363457 0: 58.25%, 1: 41.75%
CHEMBL2363458 0: 65.74%, 1: 34.26%
CHEMBL2363459 0: 48.15%, 1: 51.85%
CHEMBL2363464 0: 67.68%, 1: 32.32%
CHEMBL2363465 0: 69.61%, 1: 30.39%
CHEMBL2363467 0: 59.52%, 1: 40.48%
CHEMBL2363468 0: 66.67%, 1: 33.33%
CHEMBL2363469 0: 52.53%, 1: 47.47%
CHEMBL2363470 0: 77.48%, 1: 22.52%
CHEMBL2363477 0: 62.38%, 1: 37.62%
CHEMBL2363480 0: 52.08%, 1: 47.92%
CHEMBL2363481 0: 70.71%, 1: 29.29%
CHEMBL2363489 0: 61.54%, 1: 38.46%
CHEMBL2363492 0: 85.32%, 1: 14.68%
CHEMBL2363504 0: 59.80%, 1: 40.20%
CHEMBL2363507 0: 65.05%, 1: 34.95%
CHEMBL2363514 0: 75.00%, 1: 25.00%
CHEMBL2363516 0: 69.16%, 1: 30.84%
CHEMBL2363529 0: 71.70%, 1: 28.30%
CHEMBL2363531 0: 63.10%, 1: 36.90%
CHEMBL2363535 0: 55.10%, 1: 44.90%
CHEMBL2363541 0: 65.96%, 1: 34.04%
CHEMBL2363544 0: 60.82%, 1: 39.18%
CHEMBL2363546 0: 53.85%, 1: 46.15%
CHEMBL2363549 0: 73.40%, 1: 26.60%
CHEMBL2363552 0: 68.35%, 1: 31.65%
CHEMBL2363553 0: 47.42%, 1: 52.58%
CHEMBL2363555 0: 65.71%, 1: 34.29%
CHEMBL2363556 0: 52.53%, 1: 47.47%
CHEMBL2363557 0: 60.75%, 1: 39.25%
CHEMBL2363558 0: 34.95%, 1: 65.05%
CHEMBL2363559 0: 56.25%, 1: 43.75%
CHEMBL2363560 0: 56.57%, 1: 43.43%
CHEMBL2363561 0: 33.71%, 1: 66.29%
CHEMBL2363562 0: 48.04%, 1: 51.96%
CHEMBL2363568 0: 56.67%, 1: 43.33%
CHEMBL2363569 0: 52.43%, 1: 47.57%
CHEMBL2363572 0: 66.67%, 1: 33.33%
CHEMBL2363573 0: 52.34%, 1: 47.66%
CHEMBL2363575 0: 47.52%, 1: 52.48%
CHEMBL2363577 0: 54.55%, 1: 45.45%
CHEMBL2363581 0: 62.11%, 1: 37.89%
CHEMBL2363592 0: 51.72%, 1: 48.28%
CHEMBL2363593 0: 34.44%, 1: 65.56%
CHEMBL2363594 0: 73.63%, 1: 26.37%
CHEMBL2363599 0: 66.09%, 1: 33.91%
CHEMBL2363601 0: 48.62%, 1: 51.38%
CHEMBL2363609 0: 53.76%, 1: 46.24%
CHEMBL2363611 0: 71.96%, 1: 28.04%
CHEMBL2363612 0: 35.23%, 1: 64.77%
CHEMBL2363616 0: 55.14%, 1: 44.86%
CHEMBL2363618 0: 47.83%, 1: 52.17%
CHEMBL2363621 0: 58.95%, 1: 41.05%
CHEMBL2363623 0: 65.05%, 1: 34.95%
CHEMBL2363628 0: 81.25%, 1: 18.75%
CHEMBL2363630 0: 50.00%, 1: 50.00%
CHEMBL2363631 0: 54.26%, 1: 45.74%
CHEMBL2363633 0: 57.58%, 1: 42.42%
CHEMBL2363634 0: 49.07%, 1: 50.93%
CHEMBL2363635 0: 78.50%, 1: 21.50%
CHEMBL2363639 0: 53.77%, 1: 46.23%
CHEMBL2363642 0: 56.18%, 1: 43.82%
CHEMBL2363644 0: 75.76%, 1: 24.24%
CHEMBL2363645 0: 63.21%, 1: 36.79%
CHEMBL2363655 0: 55.66%, 1: 44.34%
CHEMBL2363656 0: 74.04%, 1: 25.96%
CHEMBL2363657 0: 39.78%, 1: 60.22%
CHEMBL2363659 0: 53.76%, 1: 46.24%
CHEMBL2363660 0: 53.40%, 1: 46.60%
CHEMBL2363664 0: 60.58%, 1: 39.42%
CHEMBL2363671 0: 60.22%, 1: 39.78%
CHEMBL2363688 0: 79.82%, 1: 20.18%
CHEMBL2363692 0: 53.64%, 1: 46.36%
CHEMBL2363695 0: 46.73%, 1: 53.27%
CHEMBL2363696 0: 55.67%, 1: 44.33%
CHEMBL2363697 0: 37.93%, 1: 62.07%
CHEMBL2363707 0: 54.26%, 1: 45.74%
CHEMBL2363713 0: 30.85%, 1: 69.15%
CHEMBL2363716 0: 51.55%, 1: 48.45%
CHEMBL2363719 0: 41.00%, 1: 59.00%
CHEMBL2363723 0: 64.10%, 1: 35.90%
CHEMBL2363725 0: 46.15%, 1: 53.85%
CHEMBL2363727 0: 52.63%, 1: 47.37%
CHEMBL2363728 0: 45.71%, 1: 54.29%
CHEMBL2363731 0: 67.96%, 1: 32.04%
CHEMBL2363734 0: 52.87%, 1: 47.13%
CHEMBL2363737 0: 42.86%, 1: 57.14%
CHEMBL2363739 0: 37.08%, 1: 62.92%
CHEMBL2363740 0: 70.19%, 1: 29.81%
CHEMBL2363743 0: 55.77%, 1: 44.23%
CHEMBL2363747 0: 41.67%, 1: 58.33%
CHEMBL2363748 0: 67.01%, 1: 32.99%
CHEMBL2363749 0: 48.45%, 1: 51.55%
CHEMBL2363753 0: 47.47%, 1: 52.53%
CHEMBL2363764 0: 73.21%, 1: 26.79%
CHEMBL2363766 0: 32.67%, 1: 67.33%
CHEMBL2363767 0: 55.79%, 1: 44.21%
CHEMBL2363771 0: 60.19%, 1: 39.81%
CHEMBL2363774 0: 76.92%, 1: 23.08%
CHEMBL2363788 0: 53.61%, 1: 46.39%
CHEMBL2363789 0: 51.96%, 1: 48.04%
CHEMBL2363790 0: 42.11%, 1: 57.89%
CHEMBL2363793 0: 64.95%, 1: 35.05%
CHEMBL2363794 0: 66.02%, 1: 33.98%
CHEMBL2363795 0: 45.71%, 1: 54.29%
CHEMBL2363796 0: 57.89%, 1: 42.11%
CHEMBL2363798 0: 67.00%, 1: 33.00%
CHEMBL2363799 0: 57.89%, 1: 42.11%
CHEMBL2363800 0: 63.29%, 1: 36.71%
CHEMBL2363803 0: 50.49%, 1: 49.51%
CHEMBL2363809 0: 65.38%, 1: 34.62%
CHEMBL2363811 0: 73.53%, 1: 26.47%
CHEMBL2363814 0: 63.92%, 1: 36.08%
CHEMBL2363820 0: 47.12%, 1: 52.88%
CHEMBL2363830 0: 65.69%, 1: 34.31%
CHEMBL2363831 0: 70.10%, 1: 29.90%
CHEMBL2363834 0: 64.65%, 1: 35.35%
CHEMBL2363836 0: 58.00%, 1: 42.00%
CHEMBL2363839 0: 50.00%, 1: 50.00%
CHEMBL2363846 0: 65.98%, 1: 34.02%
CHEMBL2363847 0: 68.81%, 1: 31.19%
CHEMBL2363851 0: 57.47%, 1: 42.53%
CHEMBL3079731 0: 11.76%, 1: 88.24%
CHEMBL3111191 0: 87.27%, 1: 12.73%
CHEMBL3111192 0: 90.00%, 1: 10.00%
CHEMBL3111194 0: 87.27%, 1: 12.73%
CHEMBL3111195 0: 74.55%, 1: 25.45%
CHEMBL3111197 0: 87.27%, 1: 12.73%
CHEMBL3111198 0: 74.55%, 1: 25.45%
CHEMBL3214782 0: 16.53%, 1: 83.47%
CHEMBL3214806 0: 9.62%, 1: 90.38%
CHEMBL3214828 0: 52.68%, 1: 47.32%
CHEMBL3214965 0: 62.10%, 1: 37.90%
CHEMBL3214981 0: 10.62%, 1: 89.38%
CHEMBL3215132 0: 12.28%, 1: 87.72%
CHEMBL3215144 0: 18.35%, 1: 81.65%
CHEMBL3215266 0: 9.17%, 1: 90.83%
CHEMBL618396 0: 13.51%, 1: 86.49%
CHEMBL641707 0: 64.29%, 1: 35.71%
CHEMBL648337 0: 25.86%, 1: 74.14%
CHEMBL653167 0: 11.76%, 1: 88.24%
CHEMBL663474 0: 14.74%, 1: 85.26%
CHEMBL681296 0: 5.56%, 1: 94.44%
CHEMBL687330 0: 52.70%, 1: 47.30%
CHEMBL698689 0: 6.48%, 1: 93.52%
CHEMBL763093 0: 26.53%, 1: 73.47%
CHEMBL772766 0: 71.25%, 1: 28.75%
CHEMBL806152 0: 48.08%, 1: 51.92%
CHEMBL856174 0: 2.44%, 1: 97.56%
CHEMBL864855 0: 8.99%, 1: 91.01%
CHEMBL872182 0: 63.29%, 1: 36.71%
CHEMBL938648 0: 14.42%, 1: 85.58%
Total size = 9,964 | train size = 7,971 | val size = 996 | test size = 997
Building model 0
MoleculeModel(
  (sigmoid): Sigmoid()
  (encoder): MPN(
    (encoder): MPNEncoder(
      (dropout_layer): Dropout(p=0.2, inplace=False)
      (act_func): ReLU()
      (W_i): Linear(in_features=147, out_features=300, bias=False)
      (W_h): Linear(in_features=300, out_features=300, bias=False)
      (W_o): Linear(in_features=433, out_features=300, bias=True)
    )
  )
  (ffn): Sequential(
    (0): Dropout(p=0.2, inplace=False)
    (1): Linear(in_features=300, out_features=400, bias=True)
    (2): ReLU()
    (3): Dropout(p=0.2, inplace=False)
    (4): Linear(in_features=400, out_features=397, bias=True)
  )
)
Number of parameters = 543,897
Moving model to cuda
  0% 0/30 [00:00<?, ?it/s]Epoch 0

  0% 0/160 [00:00<?, ?it/s][A
  1% 1/160 [00:10<26:46, 10.10s/it][A
  1% 2/160 [00:10<18:44,  7.12s/it][A
  2% 3/160 [00:10<13:34,  5.19s/it][A
  2% 4/160 [00:11<09:33,  3.68s/it][A
  4% 6/160 [00:11<06:40,  2.60s/it][A
  5% 8/160 [00:11<04:39,  1.84s/it][ALoss = 1.4171e-02, PNorm = 39.9037, GNorm = 0.4915, lr_0 = 1.3113e-04

  6% 10/160 [00:11<03:15,  1.31s/it][A
  8% 12/160 [00:11<02:20,  1.06it/s][A
  9% 14/160 [00:12<01:49,  1.34it/s][A
 10% 16/160 [00:12<01:19,  1.81it/s][A
 11% 18/160 [00:12<00:58,  2.42it/s][ALoss = 1.3816e-02, PNorm = 39.9038, GNorm = 0.4847, lr_0 = 1.5943e-04

 12% 20/160 [00:12<00:44,  3.17it/s][A
 14% 22/160 [00:13<00:34,  4.05it/s][A
 15% 24/160 [00:13<00:28,  4.71it/s][A
 16% 25/160 [00:13<00:27,  4.86it/s][A
 16% 26/160 [00:14<00:45,  2.92it/s][A
 18% 28/160 [00:14<00:34,  3.81it/s][A
 18% 29/160 [00:14<00:30,  4.31it/s][ALoss = 1.3648e-02, PNorm = 39.9062, GNorm = 0.4612, lr_0 = 1.8774e-04

 19% 31/160 [00:14<00:24,  5.19it/s][A
 20% 32/160 [00:14<00:23,  5.43it/s][A
 21% 33/160 [00:15<00:23,  5.32it/s][A
 22% 35/160 [00:15<00:19,  6.39it/s][A
 23% 37/160 [00:15<00:15,  7.86it/s][A
 24% 39/160 [00:15<00:13,  9.14it/s][ALoss = 1.3114e-02, PNorm = 39.9110, GNorm = 0.5139, lr_0 = 2.1604e-04

 26% 41/160 [00:15<00:17,  6.73it/s][A
 27% 43/160 [00:16<00:14,  8.25it/s][A
 28% 45/160 [00:16<00:11,  9.79it/s][A
 29% 47/160 [00:16<00:10, 11.11it/s][A
 31% 49/160 [00:16<00:08, 12.50it/s][ALoss = 1.3572e-02, PNorm = 39.9182, GNorm = 0.3857, lr_0 = 2.4434e-04

 32% 51/160 [00:16<00:08, 13.51it/s][A
 33% 53/160 [00:16<00:07, 13.91it/s][A
 34% 55/160 [00:16<00:07, 14.46it/s][A
 36% 57/160 [00:16<00:07, 14.64it/s][A
 37% 59/160 [00:17<00:12,  8.14it/s][ALoss = 1.3584e-02, PNorm = 39.9204, GNorm = 0.5875, lr_0 = 2.7264e-04

 38% 61/160 [00:17<00:10,  9.41it/s][A
 39% 63/160 [00:17<00:08, 10.82it/s][A
 41% 65/160 [00:17<00:07, 12.00it/s][A
 42% 67/160 [00:17<00:07, 12.13it/s][A
 43% 69/160 [00:18<00:06, 13.09it/s][ALoss = 1.2456e-02, PNorm = 39.9280, GNorm = 0.6522, lr_0 = 3.0094e-04

 44% 71/160 [00:18<00:06, 14.14it/s][A
 46% 73/160 [00:18<00:05, 14.98it/s][A
 47% 75/160 [00:18<00:05, 15.54it/s][A
 48% 77/160 [00:18<00:05, 15.95it/s][A
 49% 79/160 [00:18<00:04, 16.40it/s][ALoss = 1.2501e-02, PNorm = 39.9381, GNorm = 0.7399, lr_0 = 3.2925e-04

 51% 81/160 [00:18<00:04, 16.49it/s][A
 52% 83/160 [00:19<00:09,  7.92it/s][A
 53% 85/160 [00:19<00:08,  9.36it/s][A
 54% 87/160 [00:19<00:06, 10.68it/s][A
 56% 89/160 [00:19<00:06, 11.82it/s][ALoss = 1.1553e-02, PNorm = 39.9496, GNorm = 0.9563, lr_0 = 3.5755e-04

 57% 91/160 [00:19<00:05, 12.92it/s][A
 58% 93/160 [00:19<00:05, 13.08it/s][A
 59% 95/160 [00:20<00:05, 11.72it/s][A
 61% 97/160 [00:20<00:05, 11.19it/s][A
 62% 99/160 [00:20<00:04, 12.48it/s][ALoss = 1.2470e-02, PNorm = 39.9550, GNorm = 0.8439, lr_0 = 3.8585e-04

 63% 101/160 [00:20<00:04, 12.31it/s][A
 64% 103/160 [00:20<00:04, 13.34it/s][A
 66% 105/160 [00:20<00:03, 13.90it/s][A
 67% 107/160 [00:21<00:03, 14.86it/s][A
 68% 109/160 [00:21<00:03, 15.59it/s][ALoss = 1.2447e-02, PNorm = 39.9581, GNorm = 0.2819, lr_0 = 4.1415e-04

 69% 111/160 [00:22<00:10,  4.57it/s][A
 71% 113/160 [00:22<00:08,  5.77it/s][A
 72% 115/160 [00:22<00:06,  7.19it/s][A
 73% 117/160 [00:22<00:04,  8.74it/s][A
 74% 119/160 [00:22<00:03, 10.33it/s][ALoss = 1.2305e-02, PNorm = 39.9633, GNorm = 0.5703, lr_0 = 4.4245e-04

 76% 121/160 [00:22<00:03, 11.35it/s][A
 77% 123/160 [00:23<00:02, 12.74it/s][A
 78% 125/160 [00:23<00:02, 13.56it/s][A
 79% 127/160 [00:23<00:02, 14.61it/s][A
 81% 129/160 [00:23<00:02, 15.50it/s][ALoss = 1.1822e-02, PNorm = 39.9777, GNorm = 0.6450, lr_0 = 4.7075e-04

 82% 131/160 [00:23<00:01, 15.51it/s][A
 83% 133/160 [00:23<00:01, 16.23it/s][A
 84% 135/160 [00:23<00:01, 14.88it/s][A
 86% 137/160 [00:23<00:01, 15.62it/s][A
 87% 139/160 [00:24<00:01, 13.12it/s][ALoss = 1.1166e-02, PNorm = 39.9902, GNorm = 0.6199, lr_0 = 4.9906e-04

 88% 141/160 [00:24<00:02,  9.25it/s][A
 89% 143/160 [00:24<00:01,  8.54it/s][A
 91% 145/160 [00:24<00:01,  9.94it/s][A
 92% 147/160 [00:25<00:02,  4.76it/s][A
 93% 149/160 [00:25<00:01,  5.71it/s][ALoss = 1.1213e-02, PNorm = 40.0074, GNorm = 0.9112, lr_0 = 5.2736e-04

 94% 151/160 [00:26<00:01,  7.03it/s][A
 96% 153/160 [00:26<00:01,  6.79it/s][A
 96% 154/160 [00:26<00:00,  7.37it/s][A
 97% 155/160 [00:26<00:00,  6.29it/s][A
 98% 156/160 [00:26<00:00,  5.82it/s][A
 98% 157/160 [00:27<00:00,  6.16it/s][A
 99% 159/160 [00:27<00:00,  7.33it/s][A100% 160/160 [00:27<00:00,  5.87it/s]

  0% 0/20 [00:00<?, ?it/s][A
 10% 2/20 [00:00<00:01, 11.95it/s][A
 20% 4/20 [00:00<00:01, 11.39it/s][A
 30% 6/20 [00:00<00:01, 12.40it/s][A
 40% 8/20 [00:00<00:00, 13.57it/s][A
 55% 11/20 [00:00<00:00, 15.04it/s][A
 65% 13/20 [00:00<00:00, 14.64it/s][A
 75% 15/20 [00:01<00:00, 14.64it/s][A
 85% 17/20 [00:01<00:00, 12.99it/s][A
 95% 19/20 [00:01<00:00, 14.42it/s][A100% 20/20 [00:01<00:00, 14.49it/s]
Warning: Found a task with targets all 0s or all 1s
Warning: Found a task with targets all 0s or all 1s
Warning: Found a task with targets all 0s or all 1s
Warning: Found a task with targets all 0s or all 1s
Warning: Found a task with targets all 0s or all 1s
Warning: Found a task with targets all 0s or all 1s
Warning: Found a task with targets all 0s or all 1s
Warning: Found a task with targets all 0s or all 1s
Warning: Found a task with targets all 0s or all 1s
Warning: Found a task with targets all 0s or all 1s
Warning: Found a task with targets all 0s or all 1s
Warning: Found a task with targets all 0s or all 1s
Warning: Found a task with targets all 0s or all 1s
Warning: Found a task with targets all 0s or all 1s
Warning: Found a task with targets all 0s or all 1s
Warning: Found a task with targets all 0s or all 1s
Warning: Found a task with targets all 0s or all 1s
Warning: Found a task with targets all 0s or all 1s
Warning: Found a task with targets all 0s or all 1s
Warning: Found a task with targets all 0s or all 1s
Warning: Found a task with targets all 0s or all 1s
Warning: Found a task with targets all 0s or all 1s
Warning: Found a task with targets all 0s or all 1s
Warning: Found a task with targets all 0s or all 1s
Warning: Found a task with targets all 0s or all 1s
Warning: Found a task with targets all 0s or all 1s
Warning: Found a task with targets all 0s or all 1s
Warning: Found a task with targets all 0s or all 1s
Warning: Found a task with targets all 0s or all 1s
Warning: Found a task with targets all 0s or all 1s
Warning: Found a task with targets all 0s or all 1s
Warning: Found a task with targets all 0s or all 1s
Warning: Found a task with targets all 0s or all 1s
Warning: Found a task with targets all 0s or all 1s
Warning: Found a task with targets all 0s or all 1s
Warning: Found a task with targets all 0s or all 1s
Validation auc = 0.522274
  3% 1/30 [00:29<14:03, 29.10s/it]Epoch 1

  0% 0/160 [00:00<?, ?it/s][ALoss = 1.1829e-02, PNorm = 40.0016, GNorm = 0.4621, lr_0 = 5.5849e-04

  1% 1/160 [00:00<00:20,  7.82it/s][A
  2% 3/160 [00:00<00:17,  8.83it/s][A
  4% 6/160 [00:00<00:14, 10.95it/s][A
  6% 10/160 [00:00<00:10, 13.67it/s][ALoss = 1.2145e-02, PNorm = 40.0167, GNorm = 0.2451, lr_0 = 5.8679e-04

  8% 13/160 [00:00<00:09, 15.07it/s][A
 10% 16/160 [00:00<00:08, 17.31it/s][A
 12% 19/160 [00:00<00:07, 18.79it/s][ALoss = 1.1438e-02, PNorm = 40.0287, GNorm = 0.5520, lr_0 = 6.1509e-04

 14% 22/160 [00:01<00:06, 20.07it/s][A
 16% 25/160 [00:01<00:06, 20.59it/s][A
 18% 28/160 [00:01<00:06, 20.60it/s][ALoss = 1.1616e-02, PNorm = 40.0443, GNorm = 0.4958, lr_0 = 6.4340e-04

 19% 31/160 [00:01<00:05, 21.92it/s][A
 21% 34/160 [00:01<00:05, 22.17it/s][A
 23% 37/160 [00:01<00:05, 22.94it/s][A
 25% 40/160 [00:01<00:05, 20.10it/s][ALoss = 1.1525e-02, PNorm = 40.0553, GNorm = 0.3437, lr_0 = 6.7170e-04

 27% 43/160 [00:02<00:05, 20.58it/s][A
 29% 46/160 [00:02<00:05, 19.82it/s][A
 31% 50/160 [00:02<00:04, 22.79it/s][ALoss = 1.1784e-02, PNorm = 40.0721, GNorm = 0.3224, lr_0 = 7.0000e-04

 33% 53/160 [00:02<00:05, 21.16it/s][A
 36% 57/160 [00:02<00:04, 24.32it/s][ALoss = 1.1883e-02, PNorm = 40.0882, GNorm = 0.5855, lr_0 = 7.2830e-04

 39% 62/160 [00:02<00:03, 27.99it/s][A
 41% 66/160 [00:02<00:03, 24.94it/s][A
 43% 69/160 [00:03<00:03, 23.78it/s][ALoss = 1.0517e-02, PNorm = 40.1175, GNorm = 0.3645, lr_0 = 7.5660e-04

 45% 72/160 [00:03<00:04, 20.69it/s][A
 47% 75/160 [00:03<00:04, 19.91it/s][A
 49% 78/160 [00:03<00:04, 19.69it/s][ALoss = 1.3734e-02, PNorm = 40.1321, GNorm = 1.5748, lr_0 = 7.8491e-04

 51% 81/160 [00:03<00:04, 18.50it/s][A
 52% 84/160 [00:03<00:03, 20.59it/s][A
 54% 87/160 [00:03<00:03, 20.32it/s][A
 56% 90/160 [00:04<00:03, 22.37it/s][ALoss = 1.2063e-02, PNorm = 40.1366, GNorm = 0.3630, lr_0 = 8.1321e-04

 58% 93/160 [00:04<00:03, 20.34it/s][A
 60% 96/160 [00:04<00:03, 20.11it/s][A
 62% 99/160 [00:04<00:03, 19.21it/s][ALoss = 1.0913e-02, PNorm = 40.1936, GNorm = 0.7031, lr_0 = 8.4151e-04

 64% 102/160 [00:04<00:02, 20.75it/s][A
 66% 106/160 [00:04<00:02, 23.75it/s][A
 68% 109/160 [00:04<00:02, 24.74it/s][ALoss = 1.2863e-02, PNorm = 40.2156, GNorm = 0.1379, lr_0 = 8.6981e-04

 70% 112/160 [00:05<00:01, 24.63it/s][A
 72% 115/160 [00:05<00:01, 25.64it/s][A
 74% 118/160 [00:05<00:01, 24.98it/s][ALoss = 1.1176e-02, PNorm = 40.2604, GNorm = 0.5034, lr_0 = 8.9811e-04

 76% 122/160 [00:05<00:01, 27.85it/s][A
 79% 126/160 [00:05<00:01, 28.68it/s][A
 81% 130/160 [00:05<00:01, 29.32it/s][ALoss = 1.1706e-02, PNorm = 40.2872, GNorm = 0.2552, lr_0 = 9.2642e-04

 84% 134/160 [00:05<00:00, 28.27it/s][A
 86% 138/160 [00:05<00:00, 29.14it/s][ALoss = 1.0877e-02, PNorm = 40.3186, GNorm = 0.4689, lr_0 = 9.5472e-04

 89% 142/160 [00:06<00:00, 29.51it/s][A
 91% 146/160 [00:06<00:00, 31.42it/s][A
 94% 150/160 [00:07<00:00, 10.22it/s][ALoss = 1.1254e-02, PNorm = 40.3479, GNorm = 0.4163, lr_0 = 9.8302e-04

 97% 155/160 [00:07<00:00, 13.22it/s][A100% 160/160 [00:07<00:00, 21.64it/s]

  0% 0/20 [00:00<?, ?it/s][A
 40% 8/20 [00:00<00:00, 75.80it/s][A
 80% 16/20 [00:00<00:00, 76.10it/s][A100% 20/20 [00:00<00:00, 76.58it/s]
Warning: Found a task with targets all 0s or all 1s
Warning: Found a task with targets all 0s or all 1s
Warning: Found a task with targets all 0s or all 1s
Warning: Found a task with targets all 0s or all 1s
Warning: Found a task with targets all 0s or all 1s
Warning: Found a task with targets all 0s or all 1s
Warning: Found a task with targets all 0s or all 1s
Warning: Found a task with targets all 0s or all 1s
Warning: Found a task with targets all 0s or all 1s
Warning: Found a task with targets all 0s or all 1s
Warning: Found a task with targets all 0s or all 1s
Warning: Found a task with targets all 0s or all 1s
Warning: Found a task with targets all 0s or all 1s
Warning: Found a task with targets all 0s or all 1s
Warning: Found a task with targets all 0s or all 1s
Warning: Found a task with targets all 0s or all 1s
Warning: Found a task with targets all 0s or all 1s
Warning: Found a task with targets all 0s or all 1s
Warning: Found a task with targets all 0s or all 1s
Warning: Found a task with targets all 0s or all 1s
Warning: Found a task with targets all 0s or all 1s
Warning: Found a task with targets all 0s or all 1s
Warning: Found a task with targets all 0s or all 1s
Warning: Found a task with targets all 0s or all 1s
Warning: Found a task with targets all 0s or all 1s
Warning: Found a task with targets all 0s or all 1s
Warning: Found a task with targets all 0s or all 1s
Warning: Found a task with targets all 0s or all 1s
Warning: Found a task with targets all 0s or all 1s
Warning: Found a task with targets all 0s or all 1s
Warning: Found a task with targets all 0s or all 1s
Warning: Found a task with targets all 0s or all 1s
Warning: Found a task with targets all 0s or all 1s
Warning: Found a task with targets all 0s or all 1s
Warning: Found a task with targets all 0s or all 1s
Warning: Found a task with targets all 0s or all 1s
Validation auc = 0.580749
  7% 2/30 [00:37<10:37, 22.77s/it]Epoch 2

  0% 0/160 [00:00<?, ?it/s][ALoss = 1.0085e-02, PNorm = 40.3618, GNorm = 0.3804, lr_0 = 9.9742e-04

  3% 5/160 [00:00<00:03, 47.43it/s][A
  7% 11/160 [00:00<00:03, 48.45it/s][ALoss = 1.1111e-02, PNorm = 40.3995, GNorm = 0.4108, lr_0 = 9.9227e-04

 10% 16/160 [00:00<00:02, 48.77it/s][ALoss = 1.1633e-02, PNorm = 40.4334, GNorm = 0.6829, lr_0 = 9.8715e-04

 14% 22/160 [00:00<00:02, 48.77it/s][A
 17% 27/160 [00:00<00:02, 47.87it/s][ALoss = 1.1043e-02, PNorm = 40.4456, GNorm = 0.4482, lr_0 = 9.8206e-04

 20% 32/160 [00:00<00:02, 46.84it/s][A
 23% 37/160 [00:00<00:02, 47.74it/s][ALoss = 1.1297e-02, PNorm = 40.4644, GNorm = 0.2906, lr_0 = 9.7699e-04

 27% 43/160 [00:00<00:02, 48.55it/s][A
 31% 49/160 [00:01<00:02, 49.07it/s][ALoss = 1.1857e-02, PNorm = 40.4871, GNorm = 0.4290, lr_0 = 9.7195e-04

 34% 54/160 [00:01<00:02, 49.29it/s][A
 37% 59/160 [00:01<00:02, 49.35it/s][ALoss = 1.1972e-02, PNorm = 40.4877, GNorm = 0.3265, lr_0 = 9.6694e-04

 40% 64/160 [00:01<00:01, 48.50it/s][A
 43% 69/160 [00:01<00:01, 48.52it/s][ALoss = 1.2236e-02, PNorm = 40.5006, GNorm = 0.3103, lr_0 = 9.6195e-04

 46% 74/160 [00:01<00:01, 47.68it/s][A
 49% 79/160 [00:01<00:01, 46.96it/s][ALoss = 1.1764e-02, PNorm = 40.5262, GNorm = 0.3479, lr_0 = 9.5699e-04

 52% 84/160 [00:01<00:01, 45.91it/s][A
 56% 89/160 [00:01<00:01, 45.14it/s][ALoss = 1.1488e-02, PNorm = 40.5454, GNorm = 0.2116, lr_0 = 9.5205e-04

 59% 94/160 [00:01<00:01, 44.10it/s][A
 62% 99/160 [00:02<00:01, 43.73it/s][ALoss = 1.0856e-02, PNorm = 40.5697, GNorm = 0.3180, lr_0 = 9.4714e-04

 65% 104/160 [00:02<00:01, 42.52it/s][A
 68% 109/160 [00:02<00:01, 42.69it/s][ALoss = 1.2443e-02, PNorm = 40.5822, GNorm = 0.2454, lr_0 = 9.4226e-04

 71% 114/160 [00:02<00:01, 41.94it/s][A
 74% 119/160 [00:02<00:00, 42.04it/s][ALoss = 1.1189e-02, PNorm = 40.6031, GNorm = 0.4060, lr_0 = 9.3740e-04

 78% 124/160 [00:02<00:00, 42.49it/s][A
 81% 129/160 [00:02<00:00, 42.96it/s][ALoss = 1.1632e-02, PNorm = 40.6212, GNorm = 0.2305, lr_0 = 9.3256e-04

 84% 134/160 [00:02<00:00, 41.77it/s][A
 87% 139/160 [00:03<00:00, 42.68it/s][ALoss = 1.0951e-02, PNorm = 40.6330, GNorm = 0.2682, lr_0 = 9.2775e-04

 90% 144/160 [00:03<00:00, 43.73it/s][A
 93% 149/160 [00:03<00:00, 43.05it/s][ALoss = 1.1055e-02, PNorm = 40.6478, GNorm = 0.4821, lr_0 = 9.2296e-04

 96% 154/160 [00:03<00:00, 42.45it/s][A
100% 160/160 [00:03<00:00, 45.71it/s][A100% 160/160 [00:03<00:00, 45.57it/s]

  0% 0/20 [00:00<?, ?it/s][A
 40% 8/20 [00:00<00:00, 73.03it/s][A
 85% 17/20 [00:00<00:00, 75.46it/s][A100% 20/20 [00:00<00:00, 78.39it/s]
Warning: Found a task with targets all 0s or all 1s
Warning: Found a task with targets all 0s or all 1s
Warning: Found a task with targets all 0s or all 1s
Warning: Found a task with targets all 0s or all 1s
Warning: Found a task with targets all 0s or all 1s
Warning: Found a task with targets all 0s or all 1s
Warning: Found a task with targets all 0s or all 1s
Warning: Found a task with targets all 0s or all 1s
Warning: Found a task with targets all 0s or all 1s
Warning: Found a task with targets all 0s or all 1s
Warning: Found a task with targets all 0s or all 1s
Warning: Found a task with targets all 0s or all 1s
Warning: Found a task with targets all 0s or all 1s
Warning: Found a task with targets all 0s or all 1s
Warning: Found a task with targets all 0s or all 1s
Warning: Found a task with targets all 0s or all 1s
Warning: Found a task with targets all 0s or all 1s
Warning: Found a task with targets all 0s or all 1s
Warning: Found a task with targets all 0s or all 1s
Warning: Found a task with targets all 0s or all 1s
Warning: Found a task with targets all 0s or all 1s
Warning: Found a task with targets all 0s or all 1s
Warning: Found a task with targets all 0s or all 1s
Warning: Found a task with targets all 0s or all 1s
Warning: Found a task with targets all 0s or all 1s
Warning: Found a task with targets all 0s or all 1s
Warning: Found a task with targets all 0s or all 1s
Warning: Found a task with targets all 0s or all 1s
Warning: Found a task with targets all 0s or all 1s
Warning: Found a task with targets all 0s or all 1s
Warning: Found a task with targets all 0s or all 1s
Warning: Found a task with targets all 0s or all 1s
Warning: Found a task with targets all 0s or all 1s
Warning: Found a task with targets all 0s or all 1s
Warning: Found a task with targets all 0s or all 1s
Warning: Found a task with targets all 0s or all 1s
Validation auc = 0.583911
 10% 3/30 [00:41<07:44, 17.21s/it]Epoch 3

  0% 0/160 [00:00<?, ?it/s][ALoss = 1.0974e-02, PNorm = 40.6630, GNorm = 0.3199, lr_0 = 9.1820e-04

  2% 4/160 [00:00<00:04, 32.19it/s][A
  4% 7/160 [00:00<00:04, 30.87it/s][A
  6% 10/160 [00:00<00:05, 29.44it/s][ALoss = 1.1341e-02, PNorm = 40.6936, GNorm = 0.6645, lr_0 = 9.1346e-04

  9% 14/160 [00:00<00:04, 31.52it/s][A
 12% 20/160 [00:00<00:03, 35.55it/s][ALoss = 1.1603e-02, PNorm = 40.7088, GNorm = 0.2939, lr_0 = 9.0875e-04

 15% 24/160 [00:00<00:03, 35.84it/s][A
 18% 28/160 [00:00<00:03, 34.65it/s][ALoss = 1.1802e-02, PNorm = 40.7159, GNorm = 0.3071, lr_0 = 9.0406e-04

 21% 33/160 [00:00<00:03, 36.99it/s][A
 24% 38/160 [00:01<00:03, 40.09it/s][ALoss = 1.1407e-02, PNorm = 40.7510, GNorm = 0.2750, lr_0 = 8.9940e-04

 27% 43/160 [00:01<00:03, 38.53it/s][A
 31% 49/160 [00:01<00:02, 41.94it/s][ALoss = 1.1575e-02, PNorm = 40.7867, GNorm = 0.3395, lr_0 = 8.9476e-04

 34% 55/160 [00:01<00:02, 44.11it/s][A
 38% 60/160 [00:01<00:02, 43.23it/s][ALoss = 1.0796e-02, PNorm = 40.8217, GNorm = 0.3930, lr_0 = 8.9015e-04

 41% 66/160 [00:01<00:02, 45.09it/s][A
 44% 71/160 [00:01<00:01, 46.33it/s][ALoss = 1.1765e-02, PNorm = 40.8415, GNorm = 0.2934, lr_0 = 8.8555e-04

 48% 76/160 [00:01<00:02, 41.15it/s][ALoss = 1.0175e-02, PNorm = 40.8793, GNorm = 0.3963, lr_0 = 8.8099e-04

 51% 82/160 [00:02<00:01, 43.78it/s][A
 54% 87/160 [00:02<00:02, 32.60it/s][A
 57% 91/160 [00:02<00:02, 28.83it/s][ALoss = 1.2147e-02, PNorm = 40.8978, GNorm = 0.3900, lr_0 = 8.7644e-04

 59% 95/160 [00:02<00:02, 28.01it/s][A
 62% 99/160 [00:02<00:02, 28.45it/s][ALoss = 1.1014e-02, PNorm = 40.9101, GNorm = 0.2974, lr_0 = 8.7192e-04

 64% 103/160 [00:02<00:02, 26.83it/s][A
 66% 106/160 [00:03<00:02, 25.30it/s][A
 68% 109/160 [00:03<00:01, 26.34it/s][ALoss = 1.1220e-02, PNorm = 40.9358, GNorm = 0.3564, lr_0 = 8.6742e-04

 71% 114/160 [00:03<00:01, 29.75it/s][A
 74% 118/160 [00:03<00:01, 28.29it/s][ALoss = 1.0085e-02, PNorm = 40.9638, GNorm = 0.4496, lr_0 = 8.6295e-04

 76% 122/160 [00:03<00:01, 28.41it/s][A
 78% 125/160 [00:03<00:01, 28.65it/s][A
 80% 128/160 [00:03<00:01, 27.78it/s][A
 82% 131/160 [00:03<00:01, 23.86it/s][ALoss = 1.2355e-02, PNorm = 40.9696, GNorm = 0.2458, lr_0 = 8.5849e-04

 84% 135/160 [00:04<00:01, 24.44it/s][A
 86% 138/160 [00:04<00:00, 22.27it/s][A
 88% 141/160 [00:04<00:00, 21.97it/s][ALoss = 1.0835e-02, PNorm = 40.9784, GNorm = 0.2190, lr_0 = 8.5407e-04

 90% 144/160 [00:04<00:00, 18.79it/s][A
 92% 147/160 [00:04<00:00, 17.33it/s][A
 94% 151/160 [00:04<00:00, 20.49it/s][ALoss = 1.0761e-02, PNorm = 40.9974, GNorm = 0.3283, lr_0 = 8.4966e-04

 96% 154/160 [00:05<00:00, 19.31it/s][A
 98% 157/160 [00:05<00:00, 21.43it/s][A
100% 160/160 [00:05<00:00, 21.45it/s][A100% 160/160 [00:05<00:00, 30.04it/s]

  0% 0/20 [00:00<?, ?it/s][A
 20% 4/20 [00:00<00:00, 33.54it/s][A
 45% 9/20 [00:00<00:00, 36.27it/s][A
 70% 14/20 [00:00<00:00, 36.65it/s][A
100% 20/20 [00:00<00:00, 41.31it/s][A100% 20/20 [00:00<00:00, 42.85it/s]
Warning: Found a task with targets all 0s or all 1s
Warning: Found a task with targets all 0s or all 1s
Warning: Found a task with targets all 0s or all 1s
Warning: Found a task with targets all 0s or all 1s
Warning: Found a task with targets all 0s or all 1s
Warning: Found a task with targets all 0s or all 1s
Warning: Found a task with targets all 0s or all 1s
Warning: Found a task with targets all 0s or all 1s
Warning: Found a task with targets all 0s or all 1s
Warning: Found a task with targets all 0s or all 1s
Warning: Found a task with targets all 0s or all 1s
Warning: Found a task with targets all 0s or all 1s
Warning: Found a task with targets all 0s or all 1s
Warning: Found a task with targets all 0s or all 1s
Warning: Found a task with targets all 0s or all 1s
Warning: Found a task with targets all 0s or all 1s
Warning: Found a task with targets all 0s or all 1s
Warning: Found a task with targets all 0s or all 1s
Warning: Found a task with targets all 0s or all 1s
Warning: Found a task with targets all 0s or all 1s
Warning: Found a task with targets all 0s or all 1s
Warning: Found a task with targets all 0s or all 1s
Warning: Found a task with targets all 0s or all 1s
Warning: Found a task with targets all 0s or all 1s
Warning: Found a task with targets all 0s or all 1s
